0,1,2,3,4,5,6,7,8,9,10,11,12,13,14,15,16,17,18,19,target
0.997997997997998,0.3843843843843844,0.5665665665665666,0.6456456456456456,0.4994994994994995,0.2062062062062062,0.33833833833834015,0.993993993993994,0.14814814814814814,0.6066066066066066,0.7447447447447447,0.8308308308308309,0.9669669669669669,0.7967967967967968,0.8168168168168168,0.12912912912912913,0.5015015015015015,0.6276276276276276,0.18018018018018012,0.4724724724724725,0
0.028028028028028028,0.4694694694694695,0.6646646646646647,0.8108108108108109,0.7367367367367368,0.7667667667667668,0.3103103103103103,0.6416416416416416,0.7087087087087087,0.4904904904904905,0.9729729729729729,0.6246246246246246,0.6346346346346347,0.33933933933933935,0.12012012012012012,0.7347347347347347,0.4754754754754755,0.6566566566566566,0.48848848848848847,0.9009009009009009,1
0.7867867867867868,0.26126126126126126,0.968968968968969,0.41041041041041043,0.8448448448448448,0.7367367367367368,0.5315315315315315,0.44544544544544545,0.7767767767767768,0.9329329329329329,0.18018018018018003,0.7267267267267277,0.9519519519519519,0.0970970970970971,0.9949949949949927,0.5375375375375375,0.2072072072072072,0.5485485485485485,0.3923923923923924,0.5155155155155156,1
0.1831831831831832,0.960960960960961,0.22522522522522523,0.2062062062062062,0.26126126126126126,0.11911911911911911,0.8498498498498499,0.3003003003003003,0.25425425425425424,0.17217217217217218,0.3763763763763764,0.07607607607607608,0.14114114114114115,0.6886886886886887,0.14914914914914915,0.07707707707707707,0.16116116116116116,0.03003003003003003,0.20020020020020018,0.8678678678678677,0
0.4794794794794795,0.8518518518518519,0.978978978978979,0.9579579579579578,0.16216216216216217,0.7217217217217217,0.5035035035035035,0.7747747747747747,0.98998998998999,0.33933933933933935,0.7557557557557557,0.8068068068068068,0.09309309309309309,0.8588588588588588,0.3733733733733734,0.7537537537537538,0.6656656656656657,0.2862862862862863,0.14514514514514515,0.3893893893893894,1
0.17017017017017017,0.4264264264264264,0.32432432432432434,0.8638638638638638,0.5915915915915916,0.6916916916916916,0.96996996996997,0.9019019019019019,0.4744744744744745,0.44544544544544545,0.6016016016016016,0.3793793793793794,0.037037037037037035,0.41041041041041043,0.24524524524524524,0.948948948948949,0.08308308308308308,0.8788788788788788,0.3883883883883884,0.8108108108108109,0
0.8558558558558559,0.07907907907907907,0.28128128128128127,0.1971971971971972,0.5185185185185185,0.4184184184184184,0.24624624624624625,0.47147147147147145,0.18218218218218218,0.7317317317317317,0.12812812812812813,0.5895895895895896,0.6946946946946947,0.2912912912912913,0.12912912912912913,0.35835835835835833,0.948948948948949,0.8578578578578576,0.4474474474474439,0.03003003003003003,1
0.35735735735735735,0.8778778778778779,0.11211211211211211,0.13813813813813813,0.35935935935935936,0.006006006006006006,0.9429429429429429,0.22822822822822822,0.1971971971971972,0.15015015015015015,0.2602602602602603,0.08008008008008008,0.06806806806806806,0.5575575575575575,0.15615615615615616,0.06106106106106106,0.25925925925925924,0.7007007007006992,0.12112112112112113,0.8818818818818819,0
0.009009009009009009,0.8648648648648649,0.7777777777777778,0.6616616616616616,0.3633633633633634,0.6166166166166166,0.6586586586586587,0.9529529529529529,0.6676676676676677,0.011011011011011011,0.48148148148148145,0.6666666666666666,0.057057057057057055,0.9569569569569569,0.47147147147147145,0.9269269269269269,0.9029029029029029,0.4164164164164164,0.1921921921921922,0.6046046046046046,1
0.93993993993994,0.8998998998998999,0.5885885885885885,0.5425425425425425,0.06906906906906907,0.5835835835835835,0.1031031031031031,0.5915915915915916,0.9719719719719719,0.43843843843843844,0.8018018018018018,0.5285285285285285,0.32732732732732733,0.8218218218218218,0.8298298298298298,0.7227227227227228,0.7957957957957962,0.646646646646647,0.48148148148148145,0.9579579579579572,0
0.6596596596596597,0.17517517517517517,0.4974974974974975,0.07307307307307308,0.7887887887887888,0.988988988988989,0.3213213213213213,0.4314314314314314,0.37737737737737737,0.5185185185185185,0.16416416416416416,0.13013013013013014,0.5275275275275275,0.3973973973973974,0.7297297297297297,0.8878878878878878,0.46146146146146144,0.35835835835835833,0.975975975975976,0.6966966966966968,1
0.7237237237237237,0.2552552552552549,0.8698698698698699,0.5065065065065065,0.7797797797797797,0.8718718718718719,0.6966966966966979,0.5105105105105103,0.4844844844844845,0.8888888888888888,0.11211211211211211,0.4394394394394394,0.5285285285285285,0.007007007007007007,0.8708708708708709,0.8078078078078077,0.062062062062062065,0.43843843843843844,0.46646646646646645,0.9109109109109109,1
0.46746746746746737,0.6456456456456456,0.2112112112112112,0.16216216216216217,0.06106106106106106,0.2182182182182182,0.0940940940940941,0.3913913913913914,0.4194194194194194,0.6536536536536537,0.7927927927927928,0.9119119119119119,0.7807807807807807,0.35135135135135137,0.8938938938938938,0.23823823823823823,0.6586586586586587,0.5565565565565566,0.7487487487487487,0.2122122122122122,1
0.8178178178178177,0.2992992992992993,0.8288288288288288,0.4924924924924925,0.5455455455455456,0.4394394394394394,0.7827827827827828,0.5695695695695696,0.6616616616616616,0.9409409409409409,0.0980980980980981,0.7637637637637638,0.5985985985985985,0.1831831831831832,0.985985985985986,0.6516516516516516,0.32932932932932935,0.5135135135135135,0.4724724724724726,0.3713713713713714,1
0.5235235235235235,0.5355355355355356,0.2552552552552552,0.2972972972972973,0.32932932932932935,0.924924924924925,0.4804804804804805,0.32932932932932935,0.2602602602602603,0.27427427427427425,0.5285285285285285,0.07007007007007007,0.17017017017017003,0.9179179179179178,0.45045045045045046,0.3363363363363364,0.31431431431431434,0.27427427427427425,0.43843843843843844,0.04204204204204204,0
0.996996996996997,0.0890890890890891,0.2772772772772773,0.007007007007007007,0.6726726726726728,0.6426426426426426,0.2872872872872873,0.45845845845845845,0.2272272272272272,0.8568568568568569,0.08008008008008008,0.40540540540540543,0.6006006006006006,0.004004004004004004,0.5565565565565566,0.6636636636636637,0.6546546546546547,0.9329329329329329,0.8308308308308309,0.3083083083083083,1
0.9329329329329329,0.4824824824824836,0.6186186186186187,0.7907907907907907,0.8388388388388388,0.062062062062062065,0.5985985985985987,0.8448448448448448,0.06906906906906907,0.1781781781781782,0.8318318318318318,0.4774774774774775,0.5295295295295295,0.7417417417417418,0.6246246246246246,0.34434434434434436,0.7687687687687688,0.24324324324324323,0.24024024024024024,0.7987987987987988,0
0.7357357357357357,0.8728728728728729,0.6246246246246246,0.3233233233233233,0.12612612612612611,0.8348348348348348,0.10810810810810814,0.09309309309309309,0.8828828828828829,0.42042042042042044,0.5235235235235235,0.2882882882882883,0.27227227227227224,0.6206206206206206,0.7417417417417418,0.4954954954954955,0.5125125125125125,0.4214214214214214,0.38238238238238237,0.5735735735735735,0
0.7667667667667668,0.2912912912912913,0.9029029029029029,0.4214214214214214,0.8068068068068068,0.4864864864864865,0.8658658658658659,0.1601601601601601,0.7727727727727728,0.9379379379379376,0.08308308308308308,0.37537537537537535,0.5555555555555556,0.3353353353353353,0.5905905905905906,0.44344344344344344,0.24624624624624625,0.06606606606606606,0.5925925925925926,0.3703703703703703,1
0.3863863863863864,0.955955955955956,0.15315315315315314,0.12712712712712712,0.1831831831831832,0.03403403403403407,0.7537537537537538,0.35135135135135137,0.17617617617617617,0.07007007007007007,0.7767767767767768,0.12512512512512514,0.25425425425425424,0.8738738738738738,0.11611611611611614,0.013013013013013013,0.3203203203203203,0.6196196196196196,0.029029029029029027,0.7527527527527528,0
0.6346346346346347,0.06606606606606606,0.9079079079079078,0.44044044044044045,0.983983983983984,0.5785785785785785,0.8228228228228228,0.012012012012012012,0.3813813813813814,0.8638638638638638,0.007007007007007007,0.5195195195195195,0.7067067067067074,0.17517517517517078,0.36936936936936937,0.11711711711711711,0.47647647647647645,0.7777777777777777,0.2902902902902903,0.0,1
0.5175175175175175,0.6566566566566568,0.8608608608608609,0.993993993993994,0.42342342342342343,0.3283283283283299,0.6476476476476476,0.6746746746746747,0.7027027027027027,0.43743743743743746,0.5945945945945946,0.6376376376376376,0.3883883883883884,0.8088088088088088,0.08108108108108109,0.35435435435435436,0.5055055055055055,0.5185185185185185,0.07907907907907907,0.5065065065065065,1
0.2952952952952953,0.38738738738738737,0.3003003003003003,0.22922922922922923,0.37237237237237236,0.2552552552552553,0.32232232232232233,0.013013013013013013,0.47347347347347346,0.6496496496496497,0.2222222222222222,0.8828828828828829,0.5165165165165165,0.012012012012012012,0.7977977977977941,0.37037037037037035,0.6606606606606606,0.7977977977977976,0.6336336336336337,0.0990990990990991,1
0.9669669669669669,0.1031031031031031,0.3213213213213213,0.14414414414414414,0.6886886886886887,0.3363363363363365,0.6156156156156156,0.5335335335335335,0.2682682682682683,0.8398398398398398,0.050050050050050046,0.500500500500499,0.5225225225225225,0.017017017017017015,0.5135135135135135,0.6956956956956957,0.7267267267267269,0.8248248248248248,0.8618618618618619,0.28428428428428426,1
0.23323323323323322,0.8188188188188188,0.16716716716716717,0.5725725725725725,0.29429429429429427,0.21521521521521522,0.7347347347347347,0.14514514514514515,0.3023023023023023,0.15415415415415415,0.38738738738738737,0.05405405405405406,0.12012012012012012,0.7577577577577556,0.07307307307307308,0.08808808808808809,0.3883883883883884,0.5115115115115115,0.2172172172172172,0.7067067067067067,0
0.8728728728728729,0.33933933933933935,0.6256256256256256,0.9279279279279266,0.6456456456456456,0.03803803803803804,0.4754754754754755,0.8288288288288288,0.10510510510510511,0.47747747747747743,0.3943943943943944,0.8038038038038038,0.9409409409409409,0.6156156156156156,0.8438438438438438,0.1841841841841842,0.5835835835835835,0.14714714714714713,0.23723723723723725,0.5515515515515516,0
0.950950950950951,0.3113113113113113,0.923923923923924,0.17517517517517492,0.7737737737737738,0.3883883883883884,0.8758758758758759,0.5575575575575575,0.6896896896896897,0.9579579579579579,0.10010010010010009,0.6106106106106106,0.6796796796796797,0.27927927927927926,0.8508508508508509,0.5505505505505506,0.24724724724724725,0.14614614614614616,0.5745745745745746,0.3813813813813814,1
0.5705705705705706,0.39539539539539537,0.6866866866866866,0.6416416416416416,0.8498498498498498,0.34034034034034016,0.9279279279279279,0.8668668668668669,0.8158158158158159,0.980980980980981,0.6336336336336337,0.7157157157157157,0.8708708708708709,0.3783783783783784,0.14014014014014015,0.5775775775775776,0.010010010010009984,0.12112112112112113,0.8368368368368369,0.7327327327327328,1
0.4994994994994995,0.8128128128128128,0.7387387387387387,0.8958958958958959,0.26226226226226224,0.3923923923923924,0.31931931931931934,0.6136136136136137,0.4894894894894895,0.1681681681681683,0.7677677677677678,0.4934934934934935,0.22622622622622623,0.8198198198198198,0.3153153153153153,0.47147147147147145,0.6176176176176176,0.3733733733733734,0.1111111111111111,0.7227227227227228,1
0.5615615615615616,0.6626626626626626,0.8758758758758759,0.6816816816816816,0.3813813813813814,0.8178178178178178,0.15515515515515516,0.7167167167167171,0.452452452452455,0.12512512512512514,0.3993993993993994,0.5845845845845846,0.34234234234234234,0.6076076076076076,0.42342342342342343,0.7027027027027027,0.8458458458458459,0.6496496496496497,0.07707707707707707,0.8608608608608609,1
0.6466466466466466,0.13213213213213212,0.8118118118118118,0.3933933933933934,0.998998998998999,0.9519519519519519,0.5885885885885885,0.14914914914914915,0.4344344344344344,0.5495495495495496,0.14014014014014015,0.13313313313313313,0.5805805805805806,0.47647647647647645,0.6546546546546547,0.6926926926926927,0.44544544544544545,0.22022022022022023,0.9029029029029029,0.44744744744744736,1
0.7367367367367368,0.24324324324324326,0.5735735735735735,0.12312312312312312,0.5895895895895896,0.7627627627627628,0.5735735735735735,0.1781781781781782,0.8408408408408409,0.9779779779779779,0.004004004004004004,0.4134134134134134,0.938938938938939,0.13913913913913914,0.8398398398398398,0.5875875875875876,0.07507507507507508,0.6796796796796797,0.8928928928928929,0.990990990990991,1
0.43343343343343343,0.18518518518518517,0.4744744744744745,0.7037037037037037,0.9069069069069069,0.6406406406406404,0.9469469469469469,0.8728728728728729,0.8308308308308309,0.6076076076076076,0.5275275275275275,0.6016016016016016,0.2772772772772773,0.13313313313313313,0.24724724724724725,0.9879879879879879,0.44744744744744747,0.8848848848848853,0.8938938938938938,0.6866866866866866,0
0.2092092092092092,0.3363363363363367,0.7347347347347347,0.8518518518518519,0.9239239239239239,0.6016016016016016,0.7757757757757757,0.7127127127127127,0.6766766766766766,0.7147147147147147,0.7237237237237237,0.6526526526526526,0.5915915915915916,0.25325325325325326,0.3763763763763764,0.7717717717717718,0.2112112112112112,0.5935935935935935,0.5235235235235235,0.7117117117117117,1
0.43843843843843844,0.94994994994995,0.7847847847847848,0.5235235235235235,0.008008008008008008,0.5985985985985985,0.03303303303303303,0.7217217217217217,0.8028028028028028,0.34134134134134136,0.9079079079079079,0.8628628628628628,0.4164164164164164,0.5095095095095095,0.2062062062062062,0.6646646646646647,0.9129129129129129,0.10010010010010009,0.21021021021021022,0.8928928928928929,1
0.9109109109109109,0.37737737737737737,0.9619619619619619,0.05105105105105105,0.7857857857857857,0.4084084084084084,0.8078078078078028,0.31931931931931934,0.9569569569569569,0.991991991991992,0.017017017017017015,0.6686686686686687,0.9719719719719719,0.06006006006006006,0.9069069069069069,0.4094094094094094,0.058058058058058054,0.34234234234234234,0.4314314314314314,0.8788788788788788,1
0.27127127127127126,0.8578578578578578,0.9369369369369369,0.7247247247247247,0.3613613613613614,0.46346346346346345,0.5795795795795796,0.8938938938938938,0.950950950950951,0.2502502502502501,0.4924924924924925,0.8718718718718719,0.3263263263263263,0.7397397397397397,0.5535535535535535,0.8168168168168168,0.7197197197197197,0.45245245245245247,0.14814814814814814,0.8448448448448448,1
0.6906906906906907,0.001001001001001001,0.15015015015015015,0.24724724724724725,0.7347347347347347,0.8118118118118118,0.062062062062062065,0.2872872872872873,0.004004004004004004,0.5165165165165165,0.14714714714714713,0.34234234234234234,0.998998998998999,0.5335335335335335,0.12612612612612611,0.06006006006006006,0.6916916916916916,0.985985985985986,0.2972972972972973,0.008008008008008008,1
0.09009009009009009,0.8768768768768769,0.07507507507507508,0.6426426426426426,0.09509509509509509,0.15815815815815815,0.8678678678678678,0.30430430430430433,0.4014014014014014,0.3053053053053053,0.8998998998998999,0.23823823823823823,0.01901901901901902,0.6486486486486487,0.3063063063063063,0.23523523523523523,0.3053053053053053,0.7707707707707705,0.3023023023023023,0.4364364364364364,0
0.21021021021021022,0.7787787787787788,0.9769769769769769,0.7877877877877775,0.46546546546546547,0.6786786786786787,0.7127127127127127,0.960960960960961,0.9049049049049049,0.15115115115115116,0.5475475475475475,0.8338338338338338,0.14914914914914915,0.7667667667667668,0.4624624624624625,0.8828828828828829,0.7067067067067068,0.5705705705705706,0.11811811811811818,0.5105105105105106,1
0.7267267267267268,0.09009009009009009,0.44344344344344344,0.5645645645645646,0.9329329329329329,0.9369369369369369,0.4114114114114114,0.05205205205205205,0.46546546546546547,0.7117117117117117,0.05205205205205205,0.2602602602602603,0.45345345345345345,0.03003003003003003,0.32932932932932935,0.9129129129129129,0.9189189189189189,0.8458458458458459,0.9949949949949949,0.3003003003003003,1
0.8518518518518519,0.27227227227227224,0.6386386386386387,0.04604604604604605,0.9119119119119119,0.5925925925925926,0.6796796796796797,0.028028028028028028,0.6906906906906907,0.9029029029029029,0.05405405405405406,0.15015015015015015,0.8068068068068068,0.39039039039039036,0.6196196196196196,0.3743743743743744,0.15415415415415415,0.6456456456456456,0.7637637637637638,0.974974974974975,1
0.6066066066066066,0.5075075075075075,0.2312312312312313,0.11611611611611611,0.25425425425425424,0.4854854854854855,0.4064064064064064,0.5055055055055055,0.02102102102102102,0.2932932932932933,0.5985985985985985,0.26226226226226224,0.3973973973973974,0.7607607607607605,0.6456456456456456,0.15615615615615616,0.3933933933933934,0.12712712712712712,0.3303303303303303,0.001001001001001001,0
0.8338338338338338,0.08408408408408408,0.4364364364364364,0.08008008008008008,0.7277277277277276,0.8458458458458459,0.15315315315315314,0.15415415415415415,0.35435435435435436,0.6206206206206206,0.11411411411411411,0.42042042042042044,0.6656656656656657,0.26326326326326327,0.23523523523523523,0.4994994994994995,0.970970970970971,0.8708708708708709,0.6686686686686687,0.0940940940940941,1
0.14714714714714713,0.38538538538538525,0.4244244244244244,0.6386386386386387,0.9429429429429429,0.5505505505505506,0.98998998998999,0.9169169169169169,0.6986986986986987,0.4854854854854855,0.2912912912912913,0.44844844844844844,0.22522522522522523,0.25825825825825827,0.3923923923923924,0.9819819819819819,0.14214214214214213,0.8838838838838838,0.5765765765765766,0.986986986986987,0
0.9289289289289301,0.8408408408408409,0.4274274274274274,0.09109109109109109,0.10510510510510511,0.8988988988988988,0.04804804804804805,0.47647647647647645,0.5025025025025025,0.375375375375375,0.3833833833833834,0.1881881881881882,0.15215215215215216,0.5385385385385385,0.6666666666666666,0.8578578578578573,0.7427427427427428,0.13713713713713713,0.8468468468468469,0.95995995995996,0
0.6186186186186187,0.9259259259259259,0.5495495495495496,0.3793793793793794,0.044044044044044044,0.5455455455455456,0.07007007007007007,0.1111111111111111,0.7207207207207207,0.32732732732732733,0.43743743743743746,0.3913913913913914,0.35235235235235235,0.7217217217217217,0.8668668668668669,0.47647647647647645,0.6686686686686687,0.08308308308308308,0.40540540540540543,0.5165165165165165,0
0.005005005005005005,0.995995995995996,0.22622622622622623,0.15515515515515516,0.08408408408408412,0.17617617617617617,0.5235235235235235,0.5425425425425425,0.2042042042042042,0.037037037037037035,0.95995995995996,0.26426426426426425,0.45245245245245247,0.970970970970971,0.36736736736736736,0.03303303303303303,0.2902902902902903,0.018018018018018018,0.1041041041041041,0.5005005005005005,0
0.3123123123123123,0.7827827827827828,0.955955955955956,0.6356356356356356,0.1021021021021021,0.7617617617617618,0.3063063063063063,0.8238238238238238,0.6316316316316316,0.17017017017017,0.2112112112112112,0.7647647647647647,0.25525525525525516,0.6536536536536537,0.17917917917917917,0.7437437437437437,0.8928928928928929,0.27127127127127126,0.008008008008008008,0.7587587587587588,1
0.28428428428428426,0.6276276276276276,0.9259259259259259,0.9829829829829829,0.4944944944944945,0.5685685685685685,0.6976976976976976,0.9549549549549549,0.7507507507507502,0.07407407407407407,0.7037037037037037,0.7357357357357357,0.19519519519519518,0.980980980980981,0.2072072072072072,0.7817817817817818,0.8508508508508509,0.7757757757757757,0.06606606606606606,0.3913913913913914,1
0.44144144144144143,0.17217217217217218,0.6466466466466468,0.7737737737737738,0.9829829829829829,0.5385385385385385,0.8618618618618619,0.9269269269269269,0.48648648648648835,0.7547547547547547,0.983983983983984,0.7417417417417418,0.8778778778778775,0.4974974974974974,0.4794794794794795,0.5725725725725725,0.03203203203203203,0.7837837837837838,0.45145145145145144,0.34134134134134136,1
0.7197197197197197,0.037037037037037035,0.2822822822822823,0.5225225225225225,0.8808808808808809,0.7007007007007007,0.27227227227227224,0.2012012012012012,0.3083083083083083,0.5685685685685685,0.026026026026026026,0.35235235235235235,0.7557557557557557,0.40040040040040037,0.4694694694694695,0.5695695695695696,0.9229229229229229,0.9529529529529529,0.6916916916916916,0.2802802802802803,1
0.5595595595595596,0.45945945945945943,0.2012012012012012,0.5735735735735735,0.3213213213213213,0.6636636636636637,0.5525525525525525,0.34934934934934936,0.23023023023023023,0.44644644644644643,0.7597597597597597,0.13113113113113112,0.2502502502502503,0.7427427427427428,0.27227227227227224,0.19519519519519518,0.1831831831831832,0.4184184184184184,0.4134134134134134,0.04504504504504504,0
0.46646646646646645,0.8228228228228228,0.7297297297297297,0.8618618618618619,0.16316316316316315,0.7517517517517518,0.21421421421421422,0.6166166166166166,0.46646646646646645,0.04804804804804805,0.46346346346346345,0.3993993993993994,0.05205205205205205,0.9149149149149122,0.5045045045045046,0.7297297297297297,0.8468468468468469,0.3073073073073073,0.15915915915915915,0.7567567567567568,1
0.6506506506506506,0.6446446446446447,0.6616616616616616,0.8898898898898899,0.6256256256256256,0.06006006006006006,0.6666666666666667,0.6866866866866866,0.3633633633633635,0.39039039039039036,0.8578578578578575,0.6606606606606606,0.5705705705705706,0.6416416416416416,0.8328328328328328,0.34134134134134136,0.5285285285285285,0.06106106106106106,0.29429429429429427,0.7187187187187187,0
0.3133133133133133,0.36036036036035995,0.6226226226226226,0.656656656656658,0.6696696696696697,0.6436436436436437,0.3743743743743744,0.7887887887887888,0.40040040040040037,0.7867867867867868,0.9679679679679679,0.7397397397397397,0.973973973973974,0.4014014014014014,0.3663663663663664,0.4744744744744745,0.13013013013013014,0.19519519519519518,0.4934934934934935,0.41541541541541543,1
0.7227227227227228,0.8398398398398398,0.3833833833833834,0.4994994994994995,0.043043043043043044,0.8838838838838838,0.03003003003003003,0.2802802802802803,0.7037037037037037,0.14014014014014015,0.7257257257257257,0.31931931931931934,0.10010010010010009,0.8798798798798799,0.9369369369369369,0.7827827827827828,0.950950950950951,0.7467467467467468,0.6136136136136137,0.4314314314314314,0
0.03903903903903904,0.7947947947947948,0.17017017017017017,0.006006006006006006,0.016016016016016016,0.002002002002002002,0.8898898898898899,0.43543543543543545,0.970970970970971,0.9569569569569569,0.21621621621621634,0.9769769769769769,0.5795795795795796,0.17317317317317318,0.6006006006006006,0.23223223223223224,0.51051051051051,0.4994994994994995,0.8638638638638638,0.17717717717717718,1
0.7207207207207207,0.20020020020020018,0.7757757757757757,0.45945945945945943,0.91991991991992,0.8558558558558559,0.7217217217217217,0.3403403403403399,0.46146146146146144,0.8058058058058059,0.1021021021021021,0.2852852852852853,0.5665665665665666,0.2172172172172172,0.8728728728728729,0.7257257257257257,0.15015015015015015,0.2602602602602603,0.7907907907907907,0.7107107107107107,1
0.36936936936936937,0.6596596596596597,0.09109109109109109,0.1061061061061061,0.03203203203203203,0.09309309309309309,0.5225225225225225,0.09509509509509509,0.6636636636636637,0.8328328328328328,0.26626626626626626,0.8758758758758759,0.5385385385385385,0.4134134134134134,0.7137137137137137,0.2082082082082082,0.5215215215215215,0.6696696696696697,0.92992992992993,0.2062062062062062,1
0.3313313313313313,0.8478478478478478,0.8588588588588588,0.7867867867867868,0.46146146146146144,0.39039039039039036,0.6226226226226226,0.8528528528528528,0.8778778778778777,0.12412412412412413,0.9309309309309309,0.7197197197197197,0.1941941941941942,0.8958958958958959,0.47747747747747693,0.7867867867867868,0.7637637637637638,0.5525525525525525,0.22622622622622637,0.6196196196196196,1
0.12612612612612611,0.16816816816816815,0.3793793793793794,0.973973973973974,0.5025025025025025,0.7687687687687688,0.7607607607607596,0.6826826826826827,0.4314314314314314,0.6946946946946947,0.29929929929929927,0.5985985985986021,0.4474474474474474,0.34734734734734735,0.33333333333333426,0.7907907907907907,0.1961961961961962,0.8018018018018018,0.36436436436436437,0.3663663663663664,0
0.9209209209209209,0.8888888888888888,0.38738738738738737,0.5295295295295295,0.04604604604604605,0.7097097097097097,0.008008008008008008,0.5165165165165165,0.7317317317317321,0.14614614614614616,0.8988988988988988,0.3683683683683684,0.2882882882882883,0.968968968968969,0.9749749749749749,0.7497497497497497,0.990990990990991,0.7307307307307307,0.5755755755755756,0.9319319319319319,0
0.4164164164164164,0.7667667667667668,0.8688688688688688,0.7977977977977978,0.43543543543543545,0.5465465465465466,0.4194194194194194,0.7227227227227228,0.5005005005004947,0.12212212212212212,0.4184184184184184,0.5515515515515516,0.2682682682682683,0.7487487487487487,0.4544544544544544,0.6856856856856857,0.6576576576576576,0.38038038038038036,0.1061061061061061,0.8848848848848849,1
0.6276276276276276,0.48348348348348347,0.7947947947947948,0.8538538538538538,0.978978978978979,0.03003003003003003,0.7497497497497497,0.7287287287287287,0.005005005005005005,0.003003003003003003,0.3153153153153153,0.4164164164164164,0.5435435435435435,0.974974974974975,0.8218218218218218,0.19119119119119118,0.8108108108108109,0.04704704704704705,0.024024024024024024,0.5085085085085085,0
0.3663663663663664,0.3863863863863864,0.006006006006006006,0.2222222222222222,0.2752752752752753,0.37237237237237236,0.7727727727727728,0.5045045045045045,0.06306306306306306,0.3103103103103103,0.24624624624624628,0.11811811811811812,0.1021021021021021,0.6056056056056056,0.4954954954954955,0.5495495495495496,0.40540540540540543,0.7377377377377377,0.8098098098098098,0.11411411411411411,0
0.7347347347347347,0.36736736736736736,0.991991991991992,0.6096096096096096,0.7237237237237237,0.35035035035034945,0.7087087087087087,0.06006006006006006,0.9849849849849851,0.93993993993994,0.1011011011011011,0.7317317317317317,0.6586586586586587,0.1011011011011011,0.8798798798798799,0.35935935935935936,0.4034034034034034,0.6476476476476476,0.2932932932932933,0.5385385385385385,1
0.5425425425425425,0.18118118118118118,0.7587587587587588,0.7807807807807807,0.8368368368368369,0.41541541541541543,0.9419419419419419,0.9429429429429429,0.8478478478478478,0.9649649649649651,0.2902902902902903,0.8788788788788788,0.6466466466466475,0.24424424424424424,0.40540540540540543,0.8398398398398398,0.16716716716716717,0.46546546546546547,0.7547547547547547,0.4164164164164164,1
0.7467467467467468,0.1881881881881882,0.8828828828828829,0.5435435435435435,0.8328328328328328,0.6526526526526526,0.44644644644644643,0.12212212212212212,0.6386386386386387,0.8898898898898899,0.15415415415415415,0.4494494494494494,0.8868868868868869,0.33233233233233234,0.7317317317317317,0.38038038038038036,0.37237237237237236,0.2852852852852853,0.5075075075075075,0.4824824824824825,1
0.5665665665665666,0.5815815815815816,0.1991991991991992,0.26626626626626626,0.05105105105105105,1.0,0.05905905905905906,0.01901901901901902,0.3183183183183183,0.24324324324324323,0.5165165165165165,0.001001001001001001,0.2272272272272272,0.996996996996997,0.24924924924924924,0.1881881881881882,0.2032032032032032,0.4034034034034034,0.3843843843843844,0.1991991991991992,0
0.5845845845845846,0.34734734734734735,0.07107107107107107,0.3563563563563564,0.18018018018018017,0.986986986986987,0.2802802802802803,0.3123123123123123,0.1871871871871872,0.3763763763763764,0.23723723723723725,0.02002002002002002,0.15115115115115116,0.8368368368368369,0.2032032032032032,0.5555555555555556,0.4294294294294294,0.5035035035035035,0.8478478478478478,0.21621621621621623,0
0.993993993993994,0.07607607607607608,0.34134134134134136,0.3113113113113113,0.5615615615615616,0.6546546546546547,0.1831831831831832,0.46446446446446443,0.03803803803803804,0.6586586586586587,0.11011011011011011,0.3713713713713714,0.3983983983983984,0.0,0.42042042042042044,0.8488488488488488,0.964964964964965,0.8228228228228228,0.7257257257257257,0.26226226226226224,1
0.918918918918919,0.39039039039039036,0.7087087087087087,0.004004004004004004,0.6476476476476476,0.6936936936936937,0.4424424424424425,0.3833833833833834,0.6716716716716716,0.9129129129129129,0.13013013013013014,0.45745745745745736,0.9279279279279279,0.4094094094094094,0.933933933933934,0.5575575575575575,0.3973973973973974,0.27627627627627627,0.9189189189189189,0.7057057057057057,1
0.7817817817817818,0.07007007007007007,0.36336336336336333,0.5665665665665666,0.6036036036036038,0.7397397397397397,0.4994994994994995,0.4894894894894895,0.3683683683683684,0.8588588588588588,0.016016016016016016,0.4994994994994995,0.5005005005005005,0.04904904904904905,0.22422422422422422,0.8308308308308309,0.8088088088088088,0.8428428428428428,0.8908908908908909,0.25425425425425424,1
0.18118118118118118,0.9719719719719719,0.32832832832832887,0.3783783783783784,0.3743743743743744,0.18618618618618618,0.7557557557557557,0.2182182182182182,0.3563563563563564,0.03203203203203203,0.8078078078078078,0.0940940940940941,0.05405405405405406,0.7747747747747747,0.22822822822822822,0.1011011011011011,0.42342342342342343,0.3843843843843844,0.13513513513513514,0.7867867867867868,0
0.91991991991992,0.4494494494494494,0.34734734734734735,0.6446446446446447,0.51051051051051,0.05905905905905906,0.6816816816816816,0.8508508508508509,0.18518518518518517,0.47347347347347346,0.4394394394394394,0.6536536536536537,0.8328328328328328,0.973973973973974,0.8178178178178178,0.10810810810810813,0.5035035035035035,0.7147147147147147,0.25625625625625625,0.42542542542542544,0
0.6526526526526526,0.008008008008008008,0.14714714714714713,0.47847847847847846,0.6826826826826827,0.7357357357357357,0.07207207207207207,0.16316316316316315,0.015015015015015015,0.5135135135135135,0.15915915915915915,0.27127127127127126,0.8228228228228228,0.3793793793793794,0.012012012012012012,0.2902902902902903,0.9369369369369369,0.9049049049049049,0.5665665665665666,0.04604604604604605,1
0.6766766766766767,0.06306306306306306,0.34434434434434436,0.5755755755755756,0.8768768768768769,0.5745745745745746,0.6026026026026026,0.2882882882882883,0.3403403403403403,0.7847847847847848,0.062062062062062065,0.4044044044044044,0.5675675675675675,0.17617617617617617,0.39039039039039036,0.6306306306306306,0.5935935935935935,0.8398398398398398,0.8798798798798799,0.17917917917917922,1
0.8938938938938938,0.3483483483483483,0.9819819819819819,0.36736736736736736,0.93993993993994,0.8698698698698699,0.5465465465465466,0.45545545545545546,0.5275275275275275,0.7897897897897898,0.17417417417417425,0.4224224224224224,0.5775775775775776,0.043043043043043044,0.91991991991992,0.7447447447447447,0.3133133133133133,0.15815815815815815,0.44644644644644643,0.8738738738738738,1
0.4724724724724725,0.7497497497497497,0.8098098098098098,0.7007007007007007,0.2042042042042042,0.8498498498498499,0.16016016016016016,0.7517517517517518,0.6306306306306306,0.22422422422422422,0.8058058058058059,0.6636636636636637,0.3013013013013013,0.6326326326326326,0.3263263263263263,0.7387387387387387,0.7737737737737738,0.48648648648648646,0.1971971971971972,0.5435435435435435,1
0.8328328328328328,0.22622622622622637,0.9039039039039038,0.7087087087087087,0.6486486486486487,0.2882882882882883,0.12812812812812813,0.8518518518518519,0.13413413413413414,0.3163163163163163,0.2952952952952953,0.8688688688688688,0.9209209209209209,0.5175175175175175,0.8348348348348348,0.4144144144144144,0.9479479479479475,0.34134134134134136,0.10810810810810811,0.45645645645645644,0
0.23123123123123124,0.9649649649649652,0.1971971971971972,0.06406406406406406,0.26726726726726724,0.026026026026026026,0.8888888888888888,0.29929929929929927,0.2172172172172172,0.13813813813813813,0.2772772772772773,0.14414414414414414,0.15415415415415415,0.5515515515515516,0.46446446446446443,0.08108108108108109,0.25325325325325326,0.2012012012012012,0.15015015015015015,0.92992992992993,0
0.6246246246246246,0.9879879879879879,0.48348348348348347,0.5815815815815816,0.029029029029029027,0.4994994994994995,0.3923923923923924,0.5665665665665666,0.97997997997998,0.34234234234234234,0.7177177177177175,0.43243243243243257,0.12612612612612611,0.988988988988989,0.8718718718718719,0.6276276276276276,0.5095095095095097,0.5815815815815816,0.3453453453453452,0.8358358358358359,0
0.5925925925925926,0.12412412412412413,0.6296296296296297,0.8858858858858859,0.7607607607607607,0.34434434434434436,0.953953953953954,1.0,0.43843843843843844,0.965965965965966,0.6706706706706707,0.9189189189189199,0.5425425425425425,0.028028028028028028,0.5765765765765766,0.91991991991992,0.13113113113113112,0.5235235235235235,0.8488488488488488,0.30430430430430433,1
0.5855855855855856,0.2652652652652653,0.4914914914914915,0.5705705705705706,0.6266266266266266,0.983983983983984,0.17417417417417416,0.001001001001001001,0.5935935935935935,0.5055055055055055,0.1921921921921922,0.050050050050050046,0.4804804804804805,0.4114114114114114,0.5935935935935935,0.6586586586586587,0.4694694694694695,0.7717717717717718,0.8228228228228228,0.9119119119119119,1
0.05205205205205205,0.6846846846846847,0.5775775775775776,0.46646646646646645,0.4144144144144144,0.2022022022022022,0.037037037037037035,0.5415415415415415,0.5595595595595596,0.4934934934934935,0.9829829829829829,0.97997997997998,0.983983983983984,0.25725725725725723,0.92992992992993,0.3563563563563564,0.9679679679679679,0.050050050050050046,0.6716716716716716,0.24124124124124124,1
0.5785785785785785,0.7937937937937938,0.20520520520520522,0.1871871871871872,0.35235235235235235,0.25125125125125125,0.6286286286286287,0.22322322322322322,0.04604604604604605,0.06806806806806806,0.3213213213213213,0.022022022022022022,0.17917917917917917,0.7617617617617618,0.2822822822822823,0.05405405405405412,0.3363363363363363,0.5875875875875876,0.07207207207207207,0.7557557557557557,0
0.7017017017017017,0.026026026026026026,0.031031031031031032,0.45045045045045046,0.5935935935935935,0.4144144144144144,0.17917917917917917,0.3633633633633638,0.16316316316316315,0.6896896896896897,0.1061061061061061,0.4114114114114114,0.950950950950951,0.47047047047047047,0.27127127127127126,0.38238238238238237,0.8868868868868869,0.991991991991992,0.8518518518518519,0.27127127127127126,1
0.7997997997997998,0.4574574574574574,0.8128128128128128,0.7317317317317319,0.9219219219219219,0.0990990990990991,0.6756756756756757,0.6726726726726727,0.2882882882882883,0.3123123123123123,0.8498498498498498,0.6626626626626723,0.6136136136136137,0.5845845845845846,0.8118118118118118,0.2222222222222222,0.5735735735735735,0.4674674674674675,0.2182182182182182,0.3453453453453452,0
0.8768768768768769,0.04704704704704705,0.3013013013013013,0.06606606606606606,0.990990990990991,0.4194194194194194,0.23323323323323322,0.07007007007007007,0.1061061061061061,0.5775775775775776,0.13613613613613618,0.23423423423423423,0.982982982982983,0.43343343343343343,0.3213213213213213,0.13513513513513514,0.7467467467467468,0.8698698698698699,0.5865865865865866,0.22922922922922923,1
0.8608608608608609,0.8298298298298298,0.4574574574574575,0.5265265265265265,0.3753753753753747,0.3793793793793794,0.3843843843843844,0.47747747747747743,0.7667667667667668,0.3743743743743744,0.5355355355355356,0.2702702702702703,0.2222222222222222,0.9219219219219219,0.7387387387387387,0.6526526526526526,0.6486486486486487,0.46046046046046046,0.7047047047047047,0.7457457457457457,0
0.12512512512512514,0.8548548548548548,0.14814814814814814,0.01901901901901902,0.4294294294294294,0.05405405405405406,0.8238238238238238,0.17717717717717718,0.03303303303303303,0.058058058058058054,0.25925925925925924,0.09109109109109109,0.3133133133133133,0.5365365365365365,0.4824824824824826,0.043043043043043044,0.1891891891891892,0.5005005005005005,0.07307307307307308,0.7647647647647647,0
0.42342342342342343,0.4024024024024024,0.004004004004004004,0.22322322322322322,0.14314314314314314,0.5255255255255256,0.4134134134134134,0.5725725725725725,0.002002002002002002,0.23223223223223222,0.7797797797797797,0.14614614614614616,0.24624624624624625,0.5965965965965966,0.5195195195195195,0.3793793793793794,0.3383383383383384,0.7337337337337337,0.5485485485485485,0.05105105105105105,0
0.3713713713713714,0.1961961961961962,0.7967967967967968,0.8938938938938938,0.7337337337337337,0.6806806806806807,0.8278278278278258,0.8738738738738738,0.6336336336336337,0.8778778778778776,0.35335335335335344,0.8728728728728729,0.5265265265265265,0.06306306306306306,0.5455455455455456,0.9179179179179178,0.2982982982982983,0.24824824824824826,0.7267267267267267,0.3483483483483489,1
0.7127127127127127,0.05205205205205205,0.4424424424424425,0.3133133133133133,0.9469469469469469,0.7457457457457457,0.26226226226226224,0.07107107107107107,0.33933933933933935,0.5445445445445446,0.008008008008008008,0.32932932932932935,0.7017017017017017,0.26126126126126126,0.3403403403403403,0.5715715715715716,0.9779779779779779,0.8678678678678676,0.6356356356356356,0.26726726726726724,1
0.6706706706706707,0.7297297297297297,0.5585585585585585,0.5695695695695696,0.4984984984984985,0.2912912912912913,0.21921921921921922,0.017017017017017015,0.3853853853853853,0.23823823823823823,0.5675675675675675,0.13513513513513514,0.4674674674674672,0.8208208208208209,0.6266266266266266,0.1091091091091091,0.5625625625625625,0.08808808808808809,0.3183183183183183,0.5415415415415415,0
0.8708708708708709,0.012012012012012012,0.1931931931931932,0.2032032032032032,0.6626626626626627,0.7267267267267277,0.2702702702702703,0.48748748748748705,0.11511511511511512,0.8418418418418419,0.10710710710710711,0.43843843843843844,0.9769769769769769,0.4074074074074074,0.25125125125125125,0.21621621621621623,0.5175175175175175,0.97997997997998,0.4194194194194194,0.0980980980980981,1
0.0890890890890891,0.8338338338338338,0.6756756756756757,0.7687687687687688,0.15015015015015015,0.6346346346346347,0.4674674674674674,0.7357357357357357,0.5345345345345345,0.05105105105105105,0.2752752752752753,0.4924924924924926,0.04204204204204204,0.960960960960961,0.2852852852852853,0.8528528528528528,0.8948948948948949,0.12512512512512514,0.23223223223223227,0.6476476476476476,1
0.3613613613613614,0.46346346346346345,0.05405405405405406,0.3023023023023023,0.36436436436436437,0.4744744744744745,0.2932932932932933,0.17017017017017017,0.08308308308308308,0.33233233233233234,0.47847847847847846,0.06706706706706707,0.4394394394394394,0.6856856856856857,0.20520520520520522,0.23723723723723725,0.45345345345345345,0.14914914914914915,0.7997997997997998,0.23023023023023023,0
0.7037037037037037,0.3733733733733734,0.6596596596596597,0.8818818818818819,0.5515515515515516,0.06606606606606606,0.33933933933933935,0.6046046046046046,0.14414414414414414,0.25725725725725723,0.2272272272272272,0.6746746746746747,0.7817817817817818,0.8428428428428428,0.8038038038038038,0.11211211211211211,0.9309309309309309,0.3083083083083083,0.12312312312312312,0.3993993993993994,0
0.6856856856856857,0.14714714714714713,0.6856856856856857,0.5955955955955956,0.7537537537537538,0.7017017017017017,0.8308308308308309,0.4114114114114114,0.44244244244244246,0.8918918918918919,0.0920920920920921,0.30930930930930933,0.47847847847847846,0.07107107107107107,0.6016016016016016,0.6936936936936937,0.11011011011011011,0.5055055055055055,0.5565565565565566,0.6396396396396397,1
0.4294294294294294,0.8138138138138138,0.7017017017017017,0.8908908908908909,0.3843843843843844,0.41041041041041043,0.3933933933933934,0.6906906906906904,0.6006006006006006,0.07707707707707707,0.8558558558558559,0.5095095095095098,0.17217217217217218,0.92992992992993,0.4144144144144144,0.6786786786786787,0.8118118118118118,0.4954954954954955,0.22822822822822822,0.7927927927927928,1
0.7737737737737738,0.4084084084084084,0.8388388388388388,0.7347347347347347,0.7057057057057057,0.16916916916916916,0.36236236236236236,0.7267267267267267,0.07407407407407407,0.26326326326326327,0.35535535535535534,0.6876876876876877,0.7617617617617618,0.5815815815815816,0.7617617617617618,0.24724724724724725,0.7747747747747747,0.04804804804804805,0.13113113113113112,0.4244244244244244,0
0.43543543543543545,0.7997997997997998,0.8798798798798799,0.7467467467467468,0.27427427427427425,0.6686686686686687,0.3263263263263263,0.6986986986986987,0.6196196196196196,0.2092092092092092,0.48748748748748744,0.6786786786786787,0.3123123123123123,0.6596596596596597,0.5715715715715716,0.6436436436436437,0.5715715715715716,0.5245245245245245,0.08108108108108109,0.6726726726726726,1
0.94994994994995,0.5085085085085085,0.9749749749749748,0.002002002002002002,0.6176176176176176,0.5445445445445466,0.8418418418418419,0.5885885885885885,0.9099099099099099,0.9819819819819819,0.08808808808808809,0.7847847847847848,0.8118118118118118,0.14714714714714713,0.991991991991992,0.6446446446446447,0.12312312312312312,0.024024024024024024,0.7317317317317317,0.40540540540540543,1
0.2802802802802803,0.35935935935935936,0.4794794794794795,0.6856856856856857,0.5345345345345345,0.5915915915915916,0.42742742742742745,0.7187187187187187,0.5755755755755756,0.938938938938939,0.5105105105105106,0.6896896896896897,0.8448448448448448,0.08308308308308308,0.03403403403403403,0.7287287287287287,0.2752752752752753,0.11711711711711711,0.9039039039039038,0.953953953953954,1
0.5955955955955956,0.4624624624624626,0.13413413413413414,0.14014014014014015,0.12212212212212212,0.953953953953954,0.18618618618618618,0.1041041041041041,0.2752752752752753,0.5345345345345345,0.3063063063063063,0.037037037037037035,0.43043043043043044,0.7547547547547547,0.11711711711711711,0.1921921921921922,0.2682682682682683,0.16716716716716717,0.7337337337337337,0.1981981981981982,0
0.5335335335335335,0.965965965965966,0.035035035035035036,0.24024024024024024,0.009009009009009009,0.011011011011011011,0.8158158158158159,0.1961961961961962,0.3433433433433435,0.4084084084084084,0.7977977977977977,0.2182182182182182,0.18218218218218218,0.8168168168168168,0.3983983983983984,0.01901901901901902,0.16916916916916916,0.5215215215215215,0.27127127127127126,0.36736736736736736,0
0.21621621621621623,0.3263263263263263,0.8218218218218218,0.7717717717717718,0.6906906906906906,0.9429429429429429,0.46346346346346345,0.6886886886886887,0.9279279279279279,0.8628628628628628,0.2982982982982983,0.7227227227227228,0.7277277277277274,0.1971971971971972,0.25325325325325326,0.8788788788788788,0.4134134134134134,0.25925925925925924,0.7717717717717718,0.9369369369369369,1
0.6406406406406386,0.011011011011011011,0.27227227227227224,0.5865865865865866,0.5465465465465466,0.9319319319319319,0.2122122122122122,0.27227227227227224,0.27627627627627627,0.8208208208208209,0.018018018018018018,0.44544544544544545,0.6976976976976975,0.21521521521521522,0.04904904904904905,0.5265265265265265,0.7327327327327328,0.9079079079079072,0.5895895895895896,0.0890890890890891,1
0.018018018018018018,0.7317317317317341,0.3763763763763764,0.06106106106106106,0.11711711711711711,0.27227227227227224,0.03403403403403403,0.5345345345345345,0.4364364364364364,0.5305305305305306,0.985985985985986,0.9649649649649656,0.9169169169169169,0.12812812812812813,0.8338338338338338,0.35135135135135137,0.7577577577577578,0.1011011011011011,0.6896896896896897,0.13213213213213212,1
0.3803803803803803,0.6496496496496497,0.6566566566566566,0.22122122122122123,0.33733733733733734,0.2602602602602603,0.26626626626626626,0.47347347347347346,0.5855855855855856,0.6886886886886887,0.5785785785785785,0.9259259259259259,0.8058058058058059,0.35435435435435436,0.6636636636636637,0.1971971971971972,0.5635635635635635,0.06706706706706707,0.35835835835835833,0.15715715715715717,1
0.5775775775775776,0.44344344344344344,0.47047047047047047,0.6996996996996997,0.6396396396396397,0.6126126126126126,0.9749749749749749,0.8388388388388388,0.995995995995996,0.7927927927927928,0.6086086086086087,0.6036036036036035,0.14514514514514515,0.34834834834834866,0.4174174174174174,0.9629629629629629,0.26226226226226224,0.9479479479479479,0.8438438438438438,0.8488488488488488,0
0.47847847847847846,0.12612612612612611,0.42542542542542544,0.8768768768768769,0.6976976976976977,0.9469469469469469,0.8358358358358359,0.8028028028028028,0.6016016016016016,0.7397397397397397,0.5875875875875876,0.5785785785785785,0.3613613613613614,0.024024024024024024,0.4044044044044044,0.9369369369369369,0.08208208208208208,0.96996996996997,0.4544544544544544,0.6836836836836837,0
0.3383383383383383,0.19519519519519518,0.4924924924924927,0.955955955955956,0.5335335335335335,0.973973973973974,0.6176176176176176,0.6466466466466516,0.4754754754754755,0.5785785785785785,0.43243243243243246,0.39039039039039036,0.4344344344344344,0.4524524524524525,0.12512512512512514,0.7787787787787788,0.16216216216216217,0.8208208208208209,0.32432432432432434,0.6086086086086087,0
0.34734734734734735,0.7327327327327328,0.3883883883883884,0.13713713713713713,0.15615615615615616,0.004004004004004004,0.5575575575575575,0.4844844844844845,0.953953953953954,0.8858858858858859,0.3053053053053053,0.98998998998999,0.8178178178178178,0.2022022022022022,0.7707707707707707,0.29429429429429427,0.8098098098098098,0.41541541541541543,0.7307307307307307,0.28128128128128127,1
0.32832832832832926,0.8818818818818819,0.08808808808808809,0.2012012012012012,0.07707707707707707,0.25325325325325326,0.7297297297297297,0.5285285285285285,0.3003003003003003,0.4114114114114114,0.8308308308308309,0.2272272272272272,0.3173173173173173,0.5835835835835835,0.47047047047047047,0.11911911911911911,0.031031031031031032,0.23923923923923923,0.3113113113113113,0.3963963963963964,0
0.08308308308308308,0.9189189189189353,0.9309309309309309,0.8508508508508509,0.36936936936936937,0.2992992992992993,0.8768768768768769,0.8648648648648649,0.9779779779779779,0.42342342342342343,0.6926926926926927,0.8598598598598599,0.26226226226226224,0.6686686686686687,0.2882882882882883,0.6496496496496497,0.4874874874874874,0.07107107107107107,0.16716716716716717,0.7137137137137137,1
0.36436436436436437,0.19119119119119118,0.7057057057057057,0.8448448448448448,0.7747747747747747,0.7647647647647647,0.7437437437437437,0.7957957957957968,0.8628628628628628,0.9229229229229229,0.4134134134134134,0.7807807807807807,0.7867867867867868,0.34034034034034033,0.2782782782782783,0.7847847847847848,0.1991991991991992,0.6226226226226226,0.7017017017017017,0.6186186186186187,1
0.24524524524524524,0.7447447447447447,0.06006006006006006,0.028028028028028028,0.3173173173173173,0.5275275275275275,0.7007007007007007,0.07507507507507508,0.0820820820820821,0.04204204204204204,0.7467467467467468,0.003003003003003003,0.022022022022022022,0.975975975975976,0.2652652652652653,0.14114114114114115,0.13713713713713713,0.31931931931931934,0.3713713713713714,0.16816816816816815,0
0.08708708708708708,0.7597597597597597,0.8708708708708709,0.7637637637637638,0.2032032032032032,0.8368368368368369,0.30930930930930933,0.9159159159159159,0.5475475475475475,0.056056056056056056,0.3613613613613614,0.6816816816816816,0.14414414414414414,0.7997997997997998,0.0970970970970971,0.8618618618618619,0.9319319319319319,0.3933933933933934,0.08208208208208208,0.6706706706706707,1
0.4954954954954955,0.7467467467467468,0.91991991991992,0.9259259259259259,0.45645645645645644,0.3743743743743744,0.5615615615615616,0.7657657657657657,0.7877877877877878,0.4064064064064064,0.9219219219219219,0.7277277277277276,0.36736736736736736,0.5995995995995996,0.09109109109109109,0.5145145145145145,0.5135135135135135,0.4094094094094094,0.11711711711711711,0.6066066066066066,1
0.5555555555555556,0.7547547547547547,0.7047047047047047,0.8738738738738738,0.06306306306306306,0.6966966966966966,0.035035035035035036,0.6376376376376376,0.6396396396396397,0.41041041041041043,0.8758758758758759,0.6676676676676717,0.44144144144144143,0.5415415415415415,0.21421421421421422,0.5595595595595596,0.7147147147147147,0.41041041041041043,0.22122122122122123,0.8988988988988988,1
0.9369369369369369,0.04504504504504504,0.0890890890890891,0.03303303303303303,0.7027027027027027,0.4494494494494494,0.20520520520520522,0.4794794794794795,0.026026026026026026,0.6686686686686687,0.12612612612612611,0.3453453453453453,0.8848848848848849,0.1961961961961962,0.3613613613613614,0.42542542542542544,0.7477477477477477,0.9419419419419419,0.7517517517517518,0.2682682682682683,1
0.5495495495495496,0.5875875875875876,0.04704704704704705,0.4224224224224224,0.04904904904904905,0.995995995995996,0.3803803803803803,0.3753753753753753,0.26426426426426425,0.4074074074074074,0.7017017017017017,0.007007007007007007,0.07207207207207207,0.9309309309309309,0.08608608608608609,0.3943943943943944,0.016016016016016016,0.5015015015015015,0.6456456456456456,0.2722722722722726,0
0.6036036036036038,0.01001001001001001,0.23323323323323322,0.3883883883883884,0.9179179179179175,0.9159159159159159,0.3123123123123123,0.07307307307307308,0.2122122122122122,0.5605605605605606,0.10510510510510511,0.28128128128128127,0.8888888888888888,0.4944944944944945,0.24824824824824826,0.26726726726726724,0.5465465465465466,0.984984984984985,0.5025025025025025,0.023023023023023025,1
0.8438438438438438,0.044044044044044044,0.12312312312312312,0.0890890890890891,0.5355355355355356,0.5625625625625625,0.32032032032032026,0.46346346346346345,0.07307307307307308,0.8268268268268268,0.08708708708708708,0.46846846846846846,0.7327327327327328,0.06906906906906907,0.37737737737737737,0.4244244244244244,0.5405405405405406,0.950950950950951,0.6026026026026026,0.11911911911911911,1
0.47147147147147145,0.14014014014014015,0.2082082082082082,0.8128128128128128,0.5965965965965966,0.3063063063063063,0.996996996996997,0.9749749749749669,0.4934934934934935,0.8578578578578577,0.34034034034034,0.6596596596596597,0.26426426426426425,0.3263263263263263,0.2732732732732733,0.8818818818818819,0.023023023023023025,0.94994994994995,0.6076076076076076,0.3433433433433433,0
0.5455455455455456,0.13113113113113112,0.8598598598598601,0.8438438438438438,0.7597597597597597,0.8868868868868869,0.8788788788788788,0.8468468468468469,0.7707707707707699,0.9719719719719719,0.17517517517517514,0.8298298298298298,0.5325325325325325,0.005005005005005005,0.5825825825825826,0.9769769769769769,0.18118118118118118,0.13013013013013014,0.9119119119119119,0.6566566566566567,1
0.8628628628628628,0.2702702702702703,0.7977977977977977,0.14114114114114115,0.7757757757757757,0.48248248248248343,0.8088088088088088,0.28128128128128127,0.934934934934935,0.96996996996997,0.015015015015015015,0.5325325325325325,0.8338338338338338,0.32232232232232233,0.8698698698698699,0.5585585585585585,0.2802802802802803,0.5685685685685685,0.7957957957957958,0.7907907907907907,1
0.6256256256256256,0.1741741741741742,0.93993993993994,0.6766766766766767,0.984984984984985,0.5795795795795796,0.9779779779779779,0.95995995995996,0.7277277277277274,0.95995995995996,0.39539539539539537,0.8508508508508509,0.8028028028028028,0.4774774774774775,0.6336336336336337,0.6626626626626627,0.004004004004004004,0.4074074074074074,0.4854854854854855,0.3023023023023023,1
0.8928928928928929,0.7647647647647647,0.47647647647647645,0.5525525525525525,0.4974974974974974,0.33233233233233234,0.3563563563563564,0.24324324324324323,0.6656656656656657,0.33133133133133175,0.933933933933934,0.17517517517517503,0.2752752752752753,0.8068068068068068,0.6346346346346347,0.4904904904904905,0.5905905905905906,0.6706706706706655,0.6546546546546547,0.7547547547547547,0
0.6096096096096096,0.13613613613613612,0.4954954954954955,0.6006006006006006,0.6356356356356356,0.992992992992993,0.16116116116116116,0.17617617617617617,0.6566566566566571,0.7997997997997998,0.13113113113113112,0.36536536536536535,0.7377377377377378,0.11211211211211211,0.954954954954955,0.8538538538538538,0.38738738738738737,0.8008008008008007,0.9429429429429429,0.9819819819819819,1
0.6676676676676692,0.2082082082082082,0.6036036036036035,0.4544544544544544,0.5675675675675675,0.8028028028028028,0.345345345345345,0.10010010010010009,0.795795795795796,0.8738738738738738,0.14814814814814814,0.41041041041041043,0.7367367367367368,0.3113113113113113,0.6356356356356356,0.5065065065065065,0.42542542542542544,0.7877877877877864,0.6556556556556556,0.7837837837837838,1
0.978978978978979,0.3033033033033033,0.7677677677677673,0.990990990990991,0.5505505505505506,0.04804804804804805,0.3603603603603583,0.9109109109109109,0.07907907907907907,0.4184184184184184,0.2702702702702703,0.8418418418418419,0.9679679679679679,0.8758758758758759,0.8618618618618619,0.0890890890890891,0.7237237237237237,0.4874874874874874,0.006006006006006006,0.7507507507507506,0
0.8908908908908909,0.38238238238238237,0.9069069069069069,0.6636636636636637,0.7907907907907907,0.26326326326326327,0.3833833833833834,0.7977977977977977,0.25625625625625625,0.21421421421421422,0.6516516516516516,0.7457457457457457,0.6666666666666667,0.6696696696696697,0.7777777777777778,0.2732732732732733,0.7847847847847848,0.7447447447447447,0.05205205205205205,0.3783783783783784,0
0.12012012012012012,0.3683683683683684,0.8408408408408409,0.6796796796796797,0.7017017017017017,0.9649649649649651,0.2222222222222222,0.6226226226226226,0.6696696696696697,0.5585585585585585,0.6986986986986987,0.6996996996996997,0.7877877877877876,0.3073073073073073,0.5085085085085085,0.7097097097097097,0.4394394394394394,0.5755755755755756,0.37237237237237236,0.5865865865865866,1
0.5215215215215215,0.6546546546546547,0.8148148148148148,0.9159159159159159,0.35135135135135137,0.8628628628628628,0.2902902902902903,0.7067067067067068,0.7077077077077077,0.13713713713713713,0.6836836836836837,0.6066066066066066,0.2082082082082082,0.943943943943944,0.5185185185185185,0.7577577577577577,0.8418418418418419,0.7297297297297297,0.2012012012012012,0.3803803803803803,1
0.7727727727727728,0.9209209209209209,0.5385385385385385,0.18218218218218218,0.39539539539539537,0.3863863863863864,0.23823823823823823,0.4094094094094094,0.7997997997997998,0.2772772772772773,0.7737737737737738,0.2832832832832833,0.35835835835835833,0.8298298298298298,0.7727727727727728,0.5785785785785785,0.6286286286286287,0.3983983983983984,0.5545545545545546,0.94994994994995,0
0.2932932932932933,0.6086086086086087,0.13013013013013014,0.022022022022022022,0.4804804804804805,0.42842842842842843,0.9579579579579572,0.16516516516516516,0.2912912912912913,0.1011011011011011,0.21021021021021022,0.009009009009009009,0.004004004004004004,0.9379379379379371,0.2982982982982983,0.5015015015015015,0.36436436436436437,0.44544544544544545,0.6286286286286287,0.15615615615615616,0
0.23223223223223222,0.5675675675675675,0.6396396396396397,0.5845845845845846,0.46846846846846846,0.22422422422422422,0.08608608608608609,0.12812812812812813,0.7657657657657657,0.6296296296296297,0.6966966966966969,0.9309309309309309,0.9039039039039038,0.2862862862862863,0.7437437437437437,0.34534534534534533,0.983983983983984,0.006006006006006006,0.9159159159159159,0.1931931931931932,1
0.36736736736736736,0.44144144144144143,0.8378378378378375,0.7597597597597597,0.8378378378378378,0.4894894894894895,0.7677677677677677,0.6936936936936937,0.92992992992993,0.7947947947947948,0.8738738738738738,0.7887887887887888,0.6116116116116116,0.26726726726726724,0.25725725725725723,0.6616616616616616,0.3023023023023023,0.7047047047047047,0.4094094094094094,0.6506506506506501,1
0.6046046046046046,0.8388388388388388,0.5015015015015015,0.2962962962962963,0.31931931931931934,0.39539539539539537,0.21521521521521522,0.13313313313313313,0.5125125125125125,0.16016016016016016,0.36236236236236236,0.2822822822822823,0.15315315315315314,0.672672672672673,0.6836836836836837,0.6426426426426426,0.91991991991992,0.06306306306306306,0.6446446446446447,0.3753753753753749,0
0.07507507507507508,0.8608608608608609,0.15215215215215216,0.29429429429429427,0.20020020020020018,0.17317317317317318,0.6526526526526526,0.44644644644644643,0.15515515515515516,0.050050050050050046,0.4224224224224224,0.2132132132132132,0.2872872872872873,0.7647647647647647,0.46546546546546547,0.10010010010010009,0.44344344344344344,0.5715715715715716,0.12612612612612611,0.5535535535535535,0
0.8298298298298298,0.9219219219219219,0.5395395395395395,0.23323323323323322,0.4374374374374374,0.38738738738738737,0.23523523523523523,0.2552552552552552,0.7927927927927928,0.36436436436436437,0.8528528528528528,0.1981981981981982,0.34634634634634637,0.7357357357357357,0.6906906906906907,0.5325325325325325,0.5325325325325325,0.2222222222222222,0.6566566566566566,0.96996996996997,0
0.4264264264264264,0.4394394394394394,0.5215215215215215,0.9309309309309309,0.8788788788788788,0.7227227227227228,0.8028028028028028,0.6716716716716716,0.4924924924924925,0.4594594594594604,0.6206206206206206,0.31431431431431434,0.3933933933933934,0.4274274274274274,0.5755755755755756,0.9119119119119119,0.22922922922922923,0.7637637637637638,0.6166166166166166,0.9879879879879879,0
0.4754754754754755,0.7357357357357357,0.7617617617617618,0.3073073073073073,0.3993993993993994,0.27127127127127126,0.05105105105105105,0.5205205205205206,0.5315315315315315,0.46646646646646645,0.995995995995996,0.960960960960961,0.8718718718718719,0.3453453453453452,0.9879879879879879,0.24624624624624628,0.8428428428428428,0.13613613613613612,0.34434434434434436,0.09009009009009009,1
0.3303303303303303,0.7607607607607607,0.1921921921921922,0.3703703703703703,0.46746746746746726,0.23323323323323322,0.8638638638638638,0.28928928928928926,0.0990990990990991,0.18118118118118118,0.32432432432432434,0.028028028028028028,0.24124124124124124,0.7087087087087087,0.07607607607607608,0.06406406406406406,0.055055055055055056,0.2912912912912913,0.18118118118118118,0.6676676676676676,0
0.25925925925925924,0.7217217217217217,0.7007007007007007,0.7937937937937938,0.022022022022022022,0.8658658658658659,0.1091091091091091,0.6966966966966968,0.8128128128128128,0.4294294294294294,0.23823823823823823,0.7997997997997998,0.42842842842842843,0.5665665665665666,0.3783783783783784,0.7957957957957957,0.7697697697697697,0.3253253253253253,0.25725725725725723,0.8248248248248248,1
0.04904904904904905,0.8508508508508509,0.22822822822822822,0.24424424424424424,0.44544544544544545,0.2122122122122122,0.9039039039039038,0.5955955955955956,0.24224224224224225,0.08808808808808809,0.4094094094094094,0.11511511511511512,0.2732732732732733,0.93993993993994,0.005005005005005005,0.12812812812812813,0.33733733733733734,0.16316316316316315,0.1961961961961962,0.6906906906906907,0
0.4864864864864865,0.6006006006006006,0.8108108108108109,0.9139139139139139,0.26626626626626626,0.9269269269269269,0.19119119119119118,0.7327327327327328,0.6976976976976975,0.25925925925925924,0.5465465465465466,0.6836836836836837,0.3233233233233234,0.8008008008008007,0.36036036036036023,0.7587587587587588,0.8228228228228228,0.7227227227227228,0.1941941941941942,0.3943943943943944,1
0.3063063063063063,0.9819819819819819,0.10810810810810811,0.25925925925925924,0.12912912912912913,0.014014014014014014,0.7887887887887888,0.2032032032032032,0.24324324324324323,0.1981981981981982,0.5815815815815816,0.16716716716716717,0.2902902902902903,0.6796796796796797,0.5515515515515516,0.03203203203203203,0.14714714714714713,0.3663663663663664,0.1681681681681685,0.9029029029029029,0
0.33933933933933935,0.5895895895895896,0.2782782782782783,0.24924924924924924,0.14914914914914915,0.036036036036036036,0.2882882882882883,0.4674674674674674,0.7197197197197197,0.8648648648648655,0.44644644644644643,0.975975975975976,0.9059059059059059,0.16916916916916916,0.7237237237237237,0.3023023023023023,0.8588588588588588,0.4984984984984985,0.8748748748748747,0.23223223223223227,1
0.2062062062062062,0.6466466466466466,0.48648648648648646,0.16016016016016016,0.2682682682682683,0.26426426426426425,0.2682682682682683,0.4824824824824825,0.5955955955955956,0.6436436436436437,0.8288288288288288,0.9369369369369369,0.7437437437437437,0.3733733733733734,0.7697697697697697,0.2882882882882883,0.5875875875875876,0.2132132132132132,0.6276276276276276,0.044044044044044044,1
0.3263263263263263,0.6256256256256256,0.02702702702702703,0.26926926926926925,0.036036036036036036,0.4314314314314314,0.5215215215215215,0.4214214214214214,0.15115115115115116,0.44844844844844844,0.7647647647647647,0.2172172172172172,0.32432432432432434,0.6556556556556556,0.5625625625625625,0.17217217217217218,0.03903903903903904,0.45345345345345345,0.49149149149149157,0.0960960960960961,0
0.5915915915915916,0.6386386386386387,0.8838838838838838,0.992992992992993,0.7877877877877877,0.13313313313313313,0.44044044044044045,0.7677677677677677,0.35135135135135137,0.062062062062062065,0.4424424424424425,0.7167167167167171,0.7757757757757757,0.9629629629629629,0.980980980980981,0.33033033033033016,0.7937937937937938,0.3203203203203202,0.050050050050050046,0.992992992992993,0
0.3733733733733734,0.24624624624624625,0.7457457457457457,0.8058058058058059,0.7147147147147147,0.4804804804804805,0.6996996996996997,0.8348348348348348,0.6756756756756757,0.9619619619619619,0.7707707707707706,0.8848848848848934,0.9479479479479478,0.18018018018018017,0.16416416416416416,0.5745745745745746,0.1111111111111111,0.22522522522522523,0.5685685685685685,0.4094094094094094,1
0.025025025025025023,0.5605605605605606,0.03003003003003003,0.33733733733733734,0.4794794794794795,0.4164164164164164,0.963963963963964,0.3233233233233234,0.26926926926926925,0.15315315315315314,0.27427427427427425,0.017017017017017015,0.013013013013013013,0.9229229229229229,0.23823823823823823,0.5095095095095096,0.09109109109109109,0.6926926926926927,0.7177177177177178,0.2502502502502503,0
0.7147147147147147,0.5485485485485485,0.950950950950951,0.9189189189189189,0.8558558558558559,0.1991991991991992,0.42342342342342343,0.6586586586586587,0.4094094094094094,0.2852852852852853,0.93993993993994,0.7927927927927928,0.6816816816816816,0.6286286286286287,0.6986986986986987,0.2262262262262263,0.7357357357357357,0.7287287287287287,0.09009009009009,0.7687687687687688,0
0.062062062062062065,0.9309309309309309,0.8478478478478414,0.7217217217217217,0.013013013013013013,0.6926926926926927,0.3283283283283283,0.8968968968968969,0.948948948948949,0.14514514514514515,0.5995995995995996,0.8648648648648649,0.07407407407407407,0.8608608608608609,0.21521521521521522,0.8758758758758759,0.9569569569569569,0.2042042042042042,0.1831831831831832,0.4954954954954955,1
0.991991991991992,0.12012012012012012,0.4124124124124124,0.7357357357357357,0.6286286286286287,0.10710710710710711,0.3353353353353353,0.963963963963964,0.001001001001001001,0.26926926926926925,0.47647647647647645,0.5725725725725725,0.7097097097097097,0.7867867867867868,0.5995995995995996,0.25625625625625625,0.944944944944945,0.5725725725725725,0.2072072072072072,0.33933933933933935,0
0.29929929929929927,0.3173173173173173,0.7027027027027027,0.7927927927927928,0.965965965965966,0.49149149149149157,0.8968968968968969,0.7427427427427428,0.9119119119119119,0.6326326326326326,0.7047047047047047,0.6776776776776777,0.5465465465465466,0.4674674674674673,0.32432432432432434,0.7797797797797797,0.36936936936936937,0.8128128128128128,0.46346346346346345,0.6736736736736737,1
0.24724724724724725,0.7537537537537538,0.1091091091091091,0.4084084084084084,0.34734734734734735,0.14014014014014015,0.8058058058058059,0.13113113113113112,0.16516516516516513,0.2222222222222222,0.2682682682682683,0.08308308308308308,0.25825825825825827,0.6466466466466537,0.27627627627627627,0.05805805805805814,0.25425425425425424,0.5535535535535535,0.23323323323323322,0.4744744744744745,0
0.07607607607607608,0.6516516516516516,0.12012012012012012,0.13013013013013014,0.4014014014014014,0.38538538538538514,0.7147147147147147,0.1011011011011011,0.17017017017016842,0.07207207207207207,0.7277277277277278,0.055055055055055056,0.1111111111111111,0.9019019019019019,0.5365365365365365,0.16416416416416416,0.2832832832832833,0.45145145145145144,0.3683683683683684,0.04004004004004004,0
0.9029029029029029,0.02002002002002002,0.16516516516516497,0.34134134134134136,0.985985985985986,0.7077077077077077,0.28128128128128127,0.08608608608608609,0.16416416416416418,0.7667667667667668,0.11711711711711711,0.1021021021021021,0.7577577577577568,0.06406406406406406,0.1011011011011011,0.5525525525525525,0.5785785785785785,0.8938938938938938,0.97997997997998,0.3253253253253253,1
0.4344344344344344,0.6146146146146146,0.6626626626626628,0.8708708708708709,0.03003003003003003,0.9379379379379379,0.06306306306306306,0.6956956956956957,0.6186186186186187,0.3893893893893894,0.3843843843843844,0.6766766766766766,0.4144144144144144,0.7957957957957958,0.057057057057057055,0.6726726726726747,0.8958958958958959,0.38538538538538536,0.25525525525525444,0.3973973973973974,1
0.5015015015015015,0.6986986986986987,0.6156156156156156,0.22422422422422422,0.3583583583583584,0.007007007007007007,0.32732732732732733,0.45045045045045046,0.8698698698698699,0.7887887887887888,0.7837837837837838,0.9949949949949949,0.9219219219219219,0.1881881881881882,0.9049049049049049,0.17617617617617617,0.9289289289289289,0.2902902902902903,0.5285285285285285,0.14014014014014015,1
0.6146146146146146,0.6136136136136137,0.7897897897897898,0.8528528528528528,0.975975975975976,0.1021021021021021,0.7317317317317318,0.7787787787787788,0.1991991991991992,0.012012012012012012,0.8688688688688688,0.47047047047047047,0.49149149149149224,0.8908908908908909,0.7887887887887888,0.4694694694694695,0.7757757757757757,0.25625625625625625,0.17517517517517517,0.8548548548548548,0
0.3113113113113113,0.5735735735735735,0.18618618618618618,0.25125125125125125,0.07407407407407407,0.19019019019019018,0.2922922922922923,0.2862862862862863,0.7737737737737738,0.8698698698698699,0.44044044044044045,0.9279279279279278,0.6786786786786787,0.3363363363363363,0.7157157157157157,0.4214214214214214,0.7497497497497497,0.36336336336336333,0.996996996996997,0.1011011011011011,1
0.8028028028028028,0.4134134134134134,0.9019019019019019,0.8888888888888888,0.8578578578578576,0.2012012012012012,0.32432432432432434,0.8898898898898899,0.1841841841841842,0.33733733733733734,0.8458458458458459,0.8278278278278278,0.8918918918918919,0.5495495495495496,0.7827827827827828,0.32432432432432434,0.7077077077077074,0.13213213213213212,0.15615615615615616,0.6056056056056056,0
0.8528528528528528,0.4744744744744745,0.7787787787787788,0.7337337337337337,0.5735735735735735,0.20020020020020018,0.34434434434434436,0.928928928928929,0.04104104104104104,0.17517517517517492,0.2802802802802803,0.6456456456456456,0.8358358358358359,0.9209209209209209,0.8198198198198198,0.1991991991991992,0.7137137137137137,0.21021021021021022,0.016016016016016016,0.8098098098098098,0
0.5515515515515516,0.5655655655655656,0.6026026026026026,0.11411411411411411,0.23623623623624007,0.1961961961961962,0.0920920920920921,0.41541541541541543,0.6046046046046046,0.7777777777777772,0.7607607607607607,0.992992992992993,0.8978978978978979,0.03203203203203203,0.9769769769769769,0.3103103103103103,0.92992992992993,0.3003003003003003,0.6426426426426426,0.02702702702702703,1
0.7377377377377375,0.09109109109109109,0.41541541541541543,0.12012012012012012,0.9579579579579575,0.6506506506506506,0.5175175175175175,0.058058058058058054,0.36436436436436437,0.7607607607607605,0.13513513513513514,0.25625625625625625,0.5445445445445453,0.07607607607607608,0.025025025025025023,0.5485485485485485,0.6846846846846847,0.7987987987987988,0.9569569569569569,0.11711711711711711,1
0.9519519519519519,0.7987987987987988,0.43043043043043044,0.14314314314314314,0.48248248248248277,0.2932932932932933,0.1781781781781782,0.0990990990990991,0.5415415415415415,0.4694694694694695,0.36936936936936937,0.15615615615615616,0.4984984984984985,0.7307307307307305,0.6326326326326326,0.3613613613613614,0.6886886886886887,0.026026026026026026,0.9009009009009009,0.964964964964965,0
0.4314314314314314,0.34634634634634637,0.7447447447447447,0.7957957957957957,0.8348348348348348,0.5035035035035035,0.8908908908908909,0.7157157157157157,0.7607607607607606,0.9269269269269269,0.31431431431431434,0.6576576576576576,0.6516516516516516,0.2962962962962963,0.35435435435435436,0.7037037037037037,0.04804804804804805,0.1891891891891892,0.6736736736736737,0.7217217217217217,1
0.6386386386386387,0.16116116116116116,0.6326326326326326,0.4184184184184184,0.5885885885885885,0.9189189189189189,0.7487487487487487,0.5895895895895896,0.4144144144144144,0.8428428428428428,0.031031031031031032,0.44244244244244246,0.47747747747747693,0.057057057057057055,0.7477477477477478,0.9329329329329329,0.35835835835835866,0.24024024024024024,0.9179179179179177,0.5115115115115115,1
0.04704704704704705,0.5055055055055055,0.11911911911911911,0.42742742742742756,0.10810810810810811,0.2982982982982983,0.08108108108108109,0.14614614614614616,0.38238238238238237,0.5235235235235235,0.5835835835835835,0.8448448448448448,0.6236236236236237,0.2522522522522523,0.7457457457457457,0.3253253253253245,0.5815815815815816,0.7357357357357357,0.7607607607607607,0.15115115115115116,1
0.8688688688688688,0.07307307307307308,0.2982982982982983,0.043043043043043044,0.9089089089089089,0.4344344344344344,0.33333333333333337,0.0890890890890891,0.23623623623623627,0.6966966966966986,0.15815815815815815,0.35735735735735735,0.9009009009009009,0.2902902902902903,0.41541541541541543,0.2012012012012012,0.6266266266266266,0.9119119119119119,0.6296296296296297,0.10010010010010009,1
0.44044044044044045,0.8328328328328328,0.9529529529529529,0.6536536536536537,0.2222222222222222,0.6826826826826827,0.2972972972972973,0.8858858858858859,0.9429429429429429,0.3263263263263263,0.8858858858858859,0.8908908908908909,0.3603603603603602,0.5735735735735735,0.2962962962962963,0.7547547547547547,0.7947947947947948,0.5295295295295295,0.12812812812812813,0.5375375375375375,1
0.9319319319319319,0.5215215215215215,0.9089089089089089,0.16316316316316315,0.5825825825825826,0.7997997997997998,0.4144144144144144,0.3173173173173173,0.7887887887887888,0.9119119119119119,0.16516516516516505,0.4914914914914916,0.6806806806806807,0.1981981981981982,0.995995995995996,0.6366366366366366,0.27627627627627627,0.0940940940940941,0.6936936936936937,0.8968968968968969,1
0.5565565565565566,0.7777777777777777,0.35535535535535534,0.5745745745745746,0.0,0.7987987987987988,0.014014014014014014,0.11411411411411411,0.5355355355355356,0.11711711711711711,0.22922922922922923,0.5135135135135135,0.3533533533533533,0.995995995995996,0.996996996996997,0.505505505505505,0.98998998998999,0.6026026026026026,0.33733733733733734,0.26126126126126126,0
0.004004004004004004,0.7067067067067068,0.037037037037037035,0.3913913913913914,0.16816816816816815,0.2952952952952953,0.5765765765765766,0.13513513513513514,0.22522522522522523,0.39539539539539537,0.7937937937937938,0.26126126126126126,0.4874874874874874,0.7477477477477478,0.5975975975975976,0.06506506506506507,0.02702702702702703,0.2112112112112112,0.5015015015015015,0.12412412412412413,0
0.29429429429429427,0.3963963963963964,0.7627627627627628,0.6396396396396397,0.7227227227227228,0.7657657657657657,0.35435435435435436,0.6346346346346347,0.9579579579579568,0.8868868868868869,0.5715715715715716,0.7297297297297297,0.984984984984985,0.36736736736736736,0.07707707707707707,0.5415415415415415,0.3353353353353353,0.5855855855855856,0.4794794794794795,0.970970970970971,1
0.14014014014014015,0.15615615615615616,0.36936936936936937,0.8978978978978972,0.6676676676676677,0.32432432432432434,0.973973973973974,0.7587587587587588,0.7937937937937938,0.710710710710663,0.3913913913913914,0.7177177177177178,0.3993993993993994,0.3663663663663664,0.05305305305305305,0.7977977977977978,0.36236236236236236,0.9469469469469469,0.3993993993993994,0.36436436436436437,0
0.16316316316316315,0.8318318318318318,0.0970970970970971,0.4754754754754755,0.27227227227227274,0.14314314314314314,0.8368368368368369,0.5255255255255256,0.24924924924924924,0.1971971971971972,0.3883883883883884,0.2012012012012012,0.2922922922922923,0.8148148148148148,0.40040040040040037,0.12712712712712712,0.3163163163163163,0.5375375375375375,0.26426426426426425,0.5835835835835835,0
0.8428428428428428,0.05305305305305305,0.41041041041041043,0.08108108108108109,0.6706706706706705,0.8318318318318318,0.1061061061061061,0.25125125125125125,0.23723723723723725,0.5415415415415415,0.035035035035035036,0.44044044044044045,0.8148148148148148,0.37037037037037035,0.2922922922922923,0.4394394394394394,0.991991991991992,0.9219219219219219,0.3613613613613614,0.12712712712712712,1
0.5475475475475475,0.9679679679679679,0.16816816816816815,0.17617617617617617,0.22522522522522523,0.05305305305305305,0.8478478478478478,0.1971971971971972,0.3033033033033033,0.35135135135135137,0.6856856856856857,0.0990990990990991,0.23323323323323322,0.6386386386386387,0.45345345345345345,0.037037037037037035,0.03403403403403403,0.1781781781781782,0.24124124124124235,0.7997997997997998,0
0.8418418418418419,0.41541541541541543,0.7267267267267268,0.7117117117117117,0.7037037037037037,0.16016016016016002,0.3983983983983984,0.8398398398398398,0.1031031031031031,0.2602602602602603,0.43343343343343343,0.6756756756756757,0.8298298298298298,0.7827827827827828,0.7747747747747747,0.2362362362362363,0.7457457457457457,0.33433433433433435,0.13813813813813813,0.5765765765765766,0
0.9149149149149143,0.2042042042042042,0.6436436436436437,0.6786786786786787,0.9269269269269269,0.15015015015015015,0.5505505505505506,0.9039039039039038,0.04504504504504504,0.27927927927927926,0.6946946946946947,0.6656656656656657,0.7837837837837838,0.6366366366366366,0.8138138138138138,0.32932932932932935,0.6906906906906904,0.5945945945945946,0.24224224224224225,0.36236236236236236,0
0.6396396396396397,0.988988988988989,0.6376376376376376,0.2862862862862863,0.23123123123123124,0.34334334334334343,0.26926926926926925,0.15015015015015015,0.8588588588588588,0.16916916916916916,0.6396396396396397,0.33933933933933935,0.3003003003003003,0.9779779779779779,0.993993993993994,0.42742742742742745,0.6016016016016016,0.12012012012012012,0.3563563563563564,0.5495495495495496,0
0.9309309309309309,0.3103103103103103,0.8508508508508509,0.13413413413413414,0.6296296296296297,0.3383383383383383,0.948948948948949,0.5485485485485485,0.5375375375375375,0.990990990990991,0.028028028028028028,0.5025025025025025,0.5895895895895896,0.12712712712712712,0.6076076076076076,0.43543543543543545,0.013013013013013013,0.02702702702702703,0.4644644644644645,0.4344344344344344,1
0.7577577577577577,0.058058058058058054,0.07907907907907907,0.07707707707707707,0.5765765765765766,0.4094094094094094,0.29929929929929927,0.2852852852852853,0.0890890890890891,0.7577577577577578,0.1981981981981982,0.3863863863863864,0.7607607607607606,0.24324324324324575,0.035035035035035036,0.25225225225225223,0.6386386386386387,0.9229229229229229,0.8198198198198198,0.028028028028028028,1
0.22622622622622632,0.12712712712712712,0.4074074074074074,1.0,0.5705705705705706,0.7937937937937938,0.8138138138138138,0.5865865865865866,0.5825825825825826,0.7407407407407406,0.2732732732732733,0.34634634634634637,0.45045045045045046,0.5065065065065065,0.004004004004004004,0.5915915915915916,0.12912912912912913,0.8258258258258259,0.33933933933933935,0.5315315315315315,0
0.24924924924924924,0.6356356356356356,0.5135135135135135,0.12812812812812813,0.4174174174174174,0.09509509509509509,0.2552552552552553,0.5505505505505506,0.5385385385385385,0.6486486486486487,0.7147147147147147,0.9669669669669669,0.9379379379379378,0.15915915915915915,0.7357357357357357,0.2782782782782783,0.8008008008008007,0.23323323323323322,0.5115115115115115,0.24724724724724725,1
0.5735735735735735,0.6076076076076076,0.980980980980981,0.7107107107107105,0.9949949949949941,0.11611611611611615,0.6746746746746747,0.5775775775775776,0.2552552552552553,0.001001001001001001,0.5175175175175175,0.4724724724724725,0.5045045045045047,0.8678678678678677,0.7797797797797797,0.21421421421421422,0.9109109109109109,0.1961961961961962,0.025025025025025023,0.4544544544544544,0
0.97997997997998,0.04904904904904905,0.40040040040040037,0.037037037037037035,0.9749749749749745,0.4594594594594596,0.34934934934934936,0.03803803803803804,0.08408408408408408,0.7657657657657657,0.17217217217217218,0.2862862862862863,0.9119119119119119,0.11911911911911911,0.4344344344344344,0.08708708708708711,0.5005005005005003,0.8898898898898899,0.36536536536536535,0.058058058058058054,1
0.5865865865865866,0.9119119119119119,0.5375375375375375,0.5005005005005004,0.05405405405405406,0.6296296296296297,0.5145145145145145,0.5025025025025025,0.9379379379379379,0.33433433433433435,0.3363363363363365,0.46446446446446454,0.056056056056056056,0.9529529529529529,0.9029029029029029,0.7767767767767768,0.5755755755755756,0.23523523523523523,0.5875875875875876,0.3163163163163163,0
0.1021021021021021,0.8308308308308309,0.8268268268268268,0.7837837837837838,0.2972972972972973,0.45245245245245247,0.7037037037037037,0.8548548548548549,0.8848848848848853,0.26126126126126126,0.6386386386386387,0.7977977977977978,0.2522522522522523,0.9259259259259259,0.34934934934934936,0.7007007007007006,0.5915915915915916,0.3053053053053053,0.21521521521521522,0.3633633633633634,1
0.9259259259259259,0.4894894894894895,0.6016016016016016,0.9469469469469469,0.7577577577577578,0.0,0.7917917917917918,0.6806806806806803,0.05105105105105105,0.3183183183183183,0.4344344344344344,0.5175175175175175,0.6386386386386387,0.9469469469469469,0.7847847847847848,0.05905905905905906,0.5335335335335335,0.12912912912912913,0.11911911911911911,0.5335335335335335,0
0.13613613613613632,0.6676676676676676,0.09009009009009009,0.09309309309309309,0.2962962962962963,0.8778778778778777,0.7387387387387387,0.08408408408408408,0.25125125125125125,0.06006006006006006,0.5065065065065065,0.005005005005005005,0.011011011011011011,0.98998998998999,0.37037037037037035,0.2602602602602603,0.07607607607607608,0.7137137137137137,0.34134134134134136,0.12112112112112113,0
0.014014014014014014,0.8748748748748748,0.8918918918918919,0.6186186186186187,0.2732732732732733,0.4444444444444444,0.6556556556556556,0.9879879879879879,0.7627627627627628,0.21921921921921922,0.5845845845845846,0.8608608608608609,0.2602602602602603,0.5885885885885885,0.023023023023023025,0.8328328328328328,0.6716716716716716,0.05905905905905906,0.14414414414414414,0.6656656656656657,1
0.6056056056056056,0.3983983983983984,0.04104104104104104,0.31931931931931934,0.037037037037037035,0.7857857857857857,0.050050050050050046,0.45145145145145144,0.062062062062062065,0.6376376376376376,0.7127127127127127,0.20520520520520522,0.5125125125125125,0.5265265265265265,0.1981981981981982,0.2182182182182182,0.35735735735735735,0.057057057057057055,0.8728728728728729,0.19119119119119118,0
0.2132132132132132,0.6126126126126126,0.1941941941941942,0.5045045045045046,0.02702702702702703,0.2522522522522533,0.08208208208208208,0.06906906906906907,0.6796796796796797,0.7737737737737738,0.5035035035035035,0.9099099099099099,0.6186186186186187,0.26626626626626626,0.7997997997997998,0.40540540540540543,0.8558558558558559,0.3103103103103103,0.9849849849849851,0.13513513513513514,1
0.2172172172172172,0.4294294294294294,0.3743743743743744,0.6866866866866886,0.8258258258258259,0.6536536536536537,0.9769769769769769,0.9319319319319319,0.7057057057057057,0.4494494494494494,0.6746746746746747,0.44344344344344344,0.08608608608608609,0.30930930930930933,0.29429429429429427,0.992992992992993,0.26426426426426425,0.918918918918919,0.6536536536536537,0.9459459459459459,0
0.1841841841841842,0.24824824824824826,0.8308308308308309,0.923923923923924,0.943943943943944,0.6956956956956957,0.8128128128128128,0.7537537537537538,0.6486486486486487,0.6836836836836837,0.3313313313313313,0.6336336336336337,0.5695695695695696,0.3153153153153153,0.4014014014014014,0.8608608608608609,0.3173173173173173,0.3383383383383383,0.5165165165165165,0.7387387387387387,1
0.2462462462462463,0.6396396396396397,0.6736736736736737,0.1011011011011011,0.3793793793793794,0.08008008008008008,0.46646646646646645,0.5245245245245245,0.8298298298298298,0.7387387387387387,0.25425425425425424,0.991991991991992,0.8968968968968969,0.18118118118118118,0.9349349349349337,0.3203203203203201,0.8218218218218218,0.36536536536536535,0.36736736736736736,0.1841841841841842,1
0.18518518518518398,0.1061061061061061,0.0960960960960961,0.8018018018018018,0.5685685685685685,0.6446446446446447,0.8988988988988988,0.978978978978979,0.3993993993993994,0.8558558558558559,0.5215215215215215,0.7487487487487487,0.4754754754754755,0.02702702702702703,0.17617617617617617,0.953953953953954,0.15715715715715717,0.9729729729729729,0.9269269269269269,0.4024024024024024,0
0.9359359359359359,0.8158158158158159,0.5615615615615616,0.06006006006006006,0.3893893893893894,0.8968968968968969,0.056056056056056056,0.44044044044044045,0.7777777777777776,0.0970970970970971,0.960960960960961,0.2752752752752753,0.03303303303303303,0.5565565565565566,0.7647647647647647,0.9139139139139173,0.993993993993994,0.7727727727727728,0.8378378378378378,0.5785785785785785,0
0.5045045045045045,0.8428428428428428,0.3973973973973974,0.5455455455455456,0.46346346346346345,0.36236236236236236,0.4214214214214214,0.0920920920920921,0.32932932932932935,0.008008008008008008,0.8438438438438438,0.026026026026026026,0.025025025025025023,0.8638638638638638,0.46346346346346345,0.2172172172172172,0.49149149149149146,0.6236236236236237,0.17617617617617617,0.5245245245245245,0
0.5805805805805806,0.43043043043043044,0.7667667667667668,0.995995995995996,0.3003003003003003,0.9529529529529529,0.12212212212212212,0.6086086086086087,0.4134134134134134,0.3853853853853853,0.3603603603603603,0.46046046046046046,0.3763763763763764,0.7387387387387387,0.08708708708708708,0.5135135135135135,0.5895895895895896,0.6406406406406406,0.12412412412412413,0.3793793793793794,1
0.7277277277277275,0.5195195195195195,0.6906906906906906,0.8418418418418419,0.8748748748748697,0.07107107107107107,0.6046046046046046,0.6836836836836837,0.3353353353353346,0.24824824824824826,0.7817817817817818,0.6196196196196196,0.6296296296296297,0.7457457457457457,0.8238238238238238,0.3083083083083083,0.7177177177177175,0.5205205205205206,0.26226226226226224,0.7397397397397397,0
0.4694694694694695,0.5495495495495496,0.32732732732732733,0.5895895895895896,0.15515515515515516,0.19519519519519518,0.4224224224224224,0.029029029029029027,0.8458458458458459,0.8368368368368369,0.35135135135135137,0.8838838838838838,0.5245245245245245,0.44144144144144143,0.6436436436436437,0.16616616616616617,0.5795795795795796,0.6356356356356356,0.7467467467467468,0.08308308308308308,1
0.011011011011011011,0.25125125125125125,0.2222222222222222,0.7197197197197197,0.6866866866866995,0.4844844844844845,0.972972972972973,0.98998998998999,0.3923923923923924,0.4624624624624625,0.6146146146146146,0.5495495495495496,0.3483483483483486,0.3893893893893894,0.12412412412412413,0.9079079079079077,0.09009009009009009,0.9319319319319319,0.36336336336336333,0.6276276276276276,0
0.8538538538538538,0.8958958958958959,0.4314314314314314,0.3283283283283283,0.1961961961961962,0.8888888888888888,0.04104104104104104,0.5965965965965966,0.6246246246246246,0.05305305305305305,0.973973973973974,0.2772772772772773,0.035035035035035036,0.7627627627627628,0.8868868868868869,0.9349349349349347,0.985985985985986,0.7157157157157157,0.7347347347347347,0.9469469469469469,0
0.18218218218218218,0.980980980980981,0.21021021021021022,0.35235235235235235,0.08708708708708708,0.17017017017017017,0.7507507507507504,0.35935935935935936,0.3533533533533533,0.1361361361361362,0.7527527527527528,0.14314314314314314,0.09009009009009009,0.8228228228228228,0.14414414414414414,0.0940940940940941,0.36536536536536524,0.12612612612612611,0.23023023023023023,0.6076076076076076,0
0.6306306306306306,0.005005005005005005,0.05305305305305305,0.5795795795795796,0.9049049049049053,0.991991991991992,0.04504504504504504,0.062062062062062065,0.2822822822822823,0.4124124124124124,0.17617617617617617,0.1041041041041041,0.6326326326326326,0.4854854854854855,0.2872872872872873,0.7457457457457457,0.9669669669669669,0.998998998998999,0.985985985985986,0.2932932932932933,1
0.4964964964964965,0.6486486486486487,0.26126126126126126,0.18618618618618618,0.23423423423423423,0.47347347347347346,0.10510510510510511,0.07207207207207207,0.2082082082082082,0.40540540540540543,0.8218218218218218,0.16016016016016016,0.5345345345345345,0.7887887887887888,0.38738738738738737,0.055055055055055056,0.4094094094094094,0.0,0.4804804804804805,0.17217217217217218,0
0.3563563563563564,0.32032032032032026,0.8338338338338338,0.6746746746746747,0.8198198198198198,0.8138138138138138,0.46846846846846846,0.6686686686686687,0.5585585585585585,0.7157157157157157,0.7157157157157157,0.7307307307307302,0.923923923923924,0.3863863863863864,0.5655655655655656,0.5395395395395395,0.1781781781781782,0.5605605605605606,0.33333333333333354,0.45845845845845845,1
0.11311311311311312,0.2932932932932933,0.6746746746746747,0.9479479479479478,0.5365365365365365,0.8288288288288288,0.5555555555555556,0.8068068068068068,0.7117117117117117,0.7787787787787788,0.36736736736736736,0.8518518518518519,0.46146146146146144,0.008008008008008008,0.3753753753753752,0.98998998998999,0.4964964964964965,0.2752752752752753,0.9109109109109109,0.6576576576576576,1
0.002002002002002002,0.8098098098098098,0.31931931931931934,0.46346346346346345,0.23023023023023023,0.04704704704704705,0.34234234234234234,0.23023023023023023,0.7177177177177178,0.5005005005005005,0.3813813813813814,0.9109109109109109,0.7317317317317317,0.4044044044044044,0.7487487487487487,0.26326326326326327,0.6956956956956957,0.39539539539539537,0.4574574574574575,0.35835835835835844,1
0.7337337337337337,0.6306306306306306,0.5505505505505506,0.8598598598598598,0.5375375375375375,0.016016016016016016,0.6486486486486487,0.6316316316316316,0.31931931931931934,0.3133133133133133,0.3793793793793794,0.5945945945945946,0.7687687687687688,0.993993993993994,0.9469469469469469,0.06906906906906907,0.5345345345345345,0.42742742742742756,0.15415415415415415,0.7967967967967968,0
0.4874874874874874,0.2882882882882883,0.3233233233233236,0.7987987987987988,0.8188188188188188,0.8248248248248248,0.9259259259259259,0.7717717717717718,0.5785785785785785,0.6146146146146146,0.984984984984985,0.4024024024024024,0.15815815815815815,0.1991991991991992,0.4874874874874874,0.963963963963964,0.08508508508508508,0.8348348348348348,0.9819819819819819,0.42842842842842843,0
0.45845845845845845,0.8288288288288288,0.9779779779779779,0.8068068068068068,0.33233233233233234,0.8618618618618619,0.3883883883883884,0.7727727727727728,0.7357357357357357,0.11211211211211211,0.7097097097097097,0.6706706706706707,0.07907907907907907,0.6676676676676683,0.5415415415415415,0.7937937937937938,0.6256256256256256,0.5305305305305306,0.04504504504504504,0.5135135135135135,1
0.8948948948948948,0.28928928928928926,0.9419419419419419,0.5305305305305306,0.6366366366366366,0.36736736736736736,0.9069069069069069,0.5195195195195195,0.958958958958959,0.997997997997998,0.05905905905905906,0.8158158158158159,0.8518518518518519,0.1111111111111111,0.8858858858858859,0.4794794794794795,0.026026026026026026,0.14214214214214213,0.5885885885885885,0.4034034034034034,1
0.6816816816816816,0.5905905905905906,0.6966966966966966,0.7777777777777778,0.5835835835835835,0.08108108108108109,0.5865865865865866,0.7277277277277278,0.2222222222222222,0.13913913913913914,0.25825825825825827,0.6076076076076076,0.8498498498498499,0.997997997997998,0.9719719719719719,0.09109109109109109,0.5685685685685685,0.4844844844844845,0.01901901901901902,0.8728728728728729,0
0.2222222222222222,0.6526526526526526,0.13513513513513514,0.5395395395395397,0.3783783783783784,0.2802802802802803,0.6836836836836837,0.03203203203203203,0.19019019019019012,0.3923923923923924,0.4844844844844845,0.057057057057057055,0.3563563563563564,0.5505505505505506,0.24424424424424424,0.04904904904904905,0.01901901901901902,0.4114114114114114,0.2822822822822823,0.32732732732732733,0
0.9429429429429429,0.08608608608608609,0.2852852852852853,0.03903903903903904,0.6186186186186187,0.3703703703703703,0.4074074074074074,0.38038038038038036,0.2092092092092092,0.7987987987987988,0.055055055055055056,0.5385385385385385,0.7467467467467468,0.0980980980980981,0.5385385385385385,0.3783783783783784,0.6616616616616616,0.92992992992993,0.4494494494494494,0.14414414414414414,1
0.44844844844844844,0.2062062062062062,0.5415415415415415,0.8308308308308309,0.5905905905905906,0.46146146146146144,0.7397397397397397,0.9229229229229229,0.5445445445445449,0.9629629629629629,0.3133133133133133,0.8288288288288288,0.7527527527527528,0.0990990990990991,0.17717717717717718,0.8518518518518519,0.26926926926926925,0.13813813813813813,0.9079079079079074,0.8408408408408409,1
0.12212212212212212,0.2182182182182182,0.3053053053053053,0.9549549549549546,0.5475475475475475,0.7087087087087087,0.9089089089089089,0.7767767767767768,0.45545545545545546,0.5855855855855856,0.38238238238238237,0.43043043043043044,0.3923923923923924,0.4914914914914916,0.0980980980980981,0.8178178178178173,0.07907907907907907,0.8498498498498498,0.35735735735735735,0.6516516516516516,0
0.8718718718718719,0.024024024024024024,0.3983983983983984,0.2112112112112112,0.7727727727727728,0.6596596596596597,0.12112112112112113,0.3303303303303303,0.07807807807807808,0.6106106106106106,0.07107107107107107,0.46346346346346345,0.985985985985986,0.47247247247247254,0.31431431431431434,0.13813813813813813,0.8598598598598599,0.8798798798798799,0.30930930930930933,0.06706706706706707,1
0.13213213213213212,0.2782782782782783,0.4024024024024024,0.5925925925925926,0.7657657657657657,0.9479479479479479,0.8528528528528528,0.990990990990991,0.3933933933933934,0.4674674674674675,0.6776776776776774,0.4944944944944945,0.38538538538538536,0.14514514514514515,0.2222222222222222,0.9779779779779779,0.18018018018018017,0.8188188188188188,0.5525525525525525,0.8128128128128128,0
0.7677677677677678,0.3083083083083083,0.953953953953954,0.2722722722722725,0.8908908908908909,0.7957957957957957,0.3813813813813814,0.13813813813813813,0.6776776776776776,0.7707707707707706,0.19119119119119118,0.44144144144144143,0.8798798798798799,0.45545545545545546,0.8068068068068068,0.43343343343343343,0.45945945945945965,0.09009009009009009,0.6036036036036035,0.35135135135135137,1
0.5585585585585585,0.25725725725725723,0.6136136136136137,0.7897897897897898,0.8878878878878878,0.7387387387387387,0.938938938938939,0.7527527527527528,0.6096096096096096,0.5545545545545546,0.28428428428428426,0.48648648648648657,0.15715715715715717,0.035035035035035036,0.5885885885885885,0.970970970970971,0.21021021021021022,0.8958958958958959,0.37737737737737737,0.960960960960961,0
0.6426426426426426,0.36336336336336394,0.9519519519519519,0.6126126126126126,0.8838838838838838,0.9409409409409409,0.19019019019019018,0.002002002002002002,0.8718718718718719,0.6346346346346347,0.2172172172172172,0.3173173173173173,0.6076076076076076,0.2072072072072072,0.7527527527527528,0.46746746746746687,0.43243243243243246,0.6446446446446447,0.38038038038037986,0.8038038038038038,1
0.7547547547547547,0.023023023023023025,0.3843843843843844,0.16716716716716717,0.996996996996997,0.672672672672673,0.25125125125125125,0.050050050050050046,0.17117117117117117,0.5665665665665666,0.08108108108108109,0.21421421421421422,0.96996996996997,0.43843843843843844,0.1031031031031031,0.2092092092092092,0.7607607607607605,0.8518518518518519,0.5515515515515516,0.17017017017017017,1
0.9619619619619619,0.08208208208208212,0.27927927927927926,0.09509509509509509,0.7077077077077074,0.3713713713713714,0.4494494494494494,0.39039039039039036,0.08708708708708708,0.7757757757757757,0.06606606606606606,0.4194194194194194,0.5515515515515516,0.009009009009009009,0.48148148148148145,0.5535535535535535,0.6456456456456456,0.8488488488488488,0.6386386386386387,0.22322322322322322,1
0.3363363363363383,0.2832832832832833,0.3123123123123123,0.8428428428428428,0.777777777777777,0.7187187187187187,0.8568568568568569,0.7347347347347347,0.5965965965965966,0.6016016016016016,0.8448448448448448,0.5365365365365365,0.35035035035035034,0.08008008008008008,0.6136136136136137,0.9719719719719719,0.1921921921921922,0.8628628628628628,0.95995995995996,0.7947947947947948,0
0.26326326326326327,0.9019019019019019,0.8568568568568569,0.8318318318318318,0.07007007007007007,0.43843843843843844,0.26126126126126126,0.6516516516516516,0.48148148148148145,0.27627627627627627,0.5735735735735735,0.5795795795795796,0.22022022022022023,0.5285285285285285,0.11511511511511512,0.5345345345345345,0.5165165165165165,0.016016016016016016,0.037037037037037035,0.965965965965966,1
0.44744744744744736,0.23123123123123163,0.46746746746746737,0.8038038038038038,0.6006006006006006,0.985985985985986,0.6936936936936937,0.6706706706706701,0.9479479479479479,0.6256256256256256,0.5095095095095095,0.5615615615615616,0.3063063063063063,0.17917917917917917,0.5915915915915916,0.993993993993994,0.41041041041041043,0.933933933933934,0.9049049049049052,0.7207207207207207,0
0.8388388388388388,0.9059059059059059,0.6806806806806807,0.4164164164164164,0.4444444444444444,0.46846846846846846,0.33233233233233234,0.44344344344344344,0.96996996996997,0.44144144144144143,0.8948948948948946,0.34734734734734735,0.3113113113113113,0.6816816816816816,0.7037037037037037,0.6226226226226226,0.5245245245245245,0.3563563563563564,0.6086086086086087,0.9209209209209209,0
0.7027027027027027,0.3763763763763764,0.8648648648648649,0.24224224224224225,0.5485485485485485,0.9819819819819819,0.1981981981981982,0.5685685685685685,0.4964964964964965,0.5255255255255256,0.2012012012012012,0.5215215215215215,0.47247247247247254,0.07807807807807808,0.9019019019019019,0.943943943943944,0.5705705705705706,0.4324324324324325,0.6946946946946947,0.5745745745745746,1
0.9089089089089089,0.2162162162162164,0.8448448448448448,0.25225225225225223,0.8688688688688688,0.5005005005005005,0.9139139139139139,0.3553553553553553,0.8898898898898899,0.995995995995996,0.07007007007007007,0.4624624624624626,0.9329329329329329,0.22322322322322322,0.6526526526526526,0.3893893893893894,0.003003003003003003,0.17117117117117117,0.8408408408408409,0.6436436436436437,1
0.2272272272272272,0.8588588588588588,0.1981981981981982,0.4724724724724725,0.3283283283283283,0.19119119119119118,0.5695695695695696,0.08008008008007887,0.21521521521521522,0.12112112112112113,0.8098098098098098,0.12212212212212212,0.34534534534534533,0.6906906906906906,0.47847847847847846,0.029029029029029027,0.22022022022022023,0.5805805805805806,0.14114114114114115,0.5055055055055054,0
0.963963963963964,0.4444444444444444,0.9319319319319319,0.036036036036036036,0.9099099099099099,0.5225225225225225,0.7767767767767768,0.4014014014014014,0.5735735735735735,0.6446446446446447,0.12212212212212212,0.34934934934934936,0.5055055055055054,0.39539539539539537,0.9179179179179179,0.6826826826826827,0.47747747747747743,0.17417417417417416,0.5835835835835835,0.5925925925925926,1
0.8748748748748747,0.4224224224224224,0.7737737737737738,0.05905905905905906,0.5755755755755756,0.4264264264264264,0.5855855855855856,0.06106106106106106,0.91991991991992,0.9079079079079079,0.03803803803803804,0.41541541541541543,0.7107107107107106,0.46146146146146144,0.6596596596596597,0.4164164164164164,0.4844844844844845,0.43043043043043044,0.6726726726726726,0.7337337337337337,1
0.4824824824824825,0.2752752752752753,0.6536536536536537,0.6676676676676676,0.7087087087087087,0.6216216216216216,0.6236236236236237,0.8258258258258259,0.43243243243243246,0.8808808808808809,0.6446446446446447,0.7617617617617618,0.8038038038038038,0.11611611611611611,0.4964964964964965,0.7157157157157157,0.12212212212212212,0.2122122122122122,0.6696696696696697,0.5355355355355356,1
0.6986986986986987,0.1641641641641643,0.7467467467467468,0.07507507507507508,0.9249249249249254,0.8278278278278278,0.5905905905905906,0.16116116116116116,0.5325325325325325,0.7567567567567568,0.03203203203203203,0.23323323323323322,0.7337337337337337,0.44844844844844844,0.65065065065065,0.6236236236236237,0.4544544544544544,0.20020020020020018,0.8958958958958959,0.5995995995995996,1
0.9479479479479476,0.017017017017017015,0.13913913913913914,0.25725725725725723,0.9359359359359359,0.4694694694694695,0.2072072072072072,0.3383383383383383,0.008008008008008008,0.676676676676677,0.13313313313313313,0.18618618618618618,0.8628628628628628,0.10810810810810811,0.13113113113113112,0.4194194194194194,0.672672672672673,0.8478478478478478,0.8588588588588588,0.2972972972972973,1
0.5245245245245245,0.28128128128128127,0.5925925925925926,0.9069069069069069,0.7197197197197197,0.6136136136136137,0.9629629629629629,0.6566566566566567,0.9039039039039038,0.6796796796796797,0.6486486486486487,0.5035035035035035,0.09509509509509509,0.30430430430430433,0.10510510510510511,0.8848848848848855,0.2962962962962963,0.8508508508508509,0.5305305305305306,0.35735735735735735,0
0.5645645645645646,0.004004004004004004,0.07407407407407407,0.6326326326326326,0.6956956956956957,0.7907907907907907,0.41541541541541543,0.40040040040040037,0.14514514514514515,0.7027027027027027,0.0820820820820837,0.36036036036036023,0.7647647647647647,0.46046046046046046,0.14614614614614616,0.4944944944944945,0.5305305305305306,0.960960960960961,0.8238238238238238,0.08408408408408449,1
0.16616616616616617,0.24224224224224225,0.2412412412412413,0.6926926926926927,0.8608608608608609,0.6996996996996997,0.943943943943944,0.950950950950951,0.7867867867867868,0.4964964964964965,0.9329329329329329,0.5525525525525525,0.20020020020020018,0.11711711711711711,0.2752752752752753,0.995995995995996,0.33433433433433435,0.996996996996997,0.8768768768768769,0.9419419419419419,0
0.2042042042042042,0.40540540540540543,0.2862862862862863,0.8028028028028028,0.6216216216216216,0.5635635635635635,0.965965965965966,0.8058058058058059,0.8928928928928929,0.5805805805805806,0.686686686686687,0.5235235235235235,0.13513513513513514,0.4174174174174174,0.3483483483483483,0.968968968968969,0.3183183183183183,0.8818818818818819,0.9379379379379378,0.6316316316316316,0
0.44344344344344344,0.23423423423423423,0.7137137137137137,0.8218218218218218,0.7407407407407406,0.7197197197197197,0.7667667667667668,0.8678678678678671,0.7527527527527528,0.9009009009009009,0.8598598598598601,0.8578578578578578,0.6416416416416416,0.24524524524524524,0.48848848848848847,0.7967967967967968,0.14914914914914915,0.6386386386386387,0.7117117117117117,0.33333333333333665,1
0.06006006006006006,0.8028028028028028,0.9469469469469469,0.6266266266266266,0.35435435435435436,0.7497497497497497,0.7547547547547547,0.991991991991992,0.954954954954955,0.28928928928928926,0.37037037037036946,0.8918918918918919,0.23723723723723725,0.7267267267267267,0.31931931931931934,0.9059059059059059,0.6426426426426426,0.25725725725725723,0.2122122122122122,0.35435435435435436,1
0.09309309309309309,0.8988988988988988,0.058058058058058054,0.06806806806806806,0.08108108108108109,0.023023023023023025,0.7577577577577578,0.42542542542542544,0.037037037037037035,0.17717717717717718,0.4494494494494494,0.22522522522522523,0.45645645645645644,0.7597597597597597,0.4854854854854855,0.009009009009009009,0.0940940940940941,0.3923923923923924,0.0940940940940941,0.47647647647647645,0
0.8488488488488488,0.9319319319319319,0.6666666666666666,0.42342342342342343,0.42042042042042044,0.3123123123123123,0.3163163163163163,0.3983983983983984,0.9239239239239239,0.3583583583583584,0.8338338338338338,0.3833833833833834,0.3683683683683684,0.8628628628628628,0.7937937937937938,0.48648648648648646,0.6536536536536537,0.40040040040040037,0.42042042042042044,0.9039039039039038,0
0.19519519519519518,0.2972972972972973,0.7697697697697697,0.8828828828828829,0.7917917917917918,0.7237237237237237,0.6006006006006006,0.7507507507507507,0.6146146146146146,0.8748748748748739,0.7497497497497497,0.7507507507507505,0.9129129129129129,0.35935935935935936,0.28428428428428426,0.6146146146146146,0.0980980980980981,0.10810810810810817,0.5625625625625625,0.5235235235235235,1
0.8278278278278272,0.43843843843843844,0.96996996996997,0.26126126126126126,0.8438438438438438,0.7127127127127127,0.7637637637637638,0.2652652652652653,0.9209209209209209,0.8378378378378378,0.13813813813813813,0.4544544544544544,0.5335335335335335,0.3803803803803803,0.9079079079079072,0.6886886886886887,0.42042042042042044,0.1031031031031031,0.7977977977977972,0.42042042042042044,1
0.22822822822822822,0.8858858858858859,0.08308308308308308,0.3483483483483488,0.058058058058058054,0.13013013013013014,0.5975975975975976,0.14314314314314314,0.10710710710710711,0.044044044044044044,0.6106106106106106,0.15415415415415415,0.11611611611611611,0.7497497497497497,0.5685685685685685,0.044044044044044044,0.4044044044044044,0.7327327327327328,0.09109109109109109,0.35935935935935936,0
0.39039039039039036,0.8798798798798799,0.9139139139139139,0.6026026026026026,0.2062062062062062,0.4114114114114114,0.25425425425425424,0.8758758758758759,0.5905905905905906,0.16316316316316315,0.958958958958959,0.7677677677677675,0.2932932932932933,0.5545545545545546,0.003003003003003003,0.5925925925925926,0.8718718718718719,0.1921921921921922,0.04704704704704705,0.7277277277277273,1
0.1111111111111111,0.8658658658658659,0.2022022022022022,0.0940940940940941,0.36036036036036034,0.14214214214214213,0.6646646646646647,0.4134134134134134,0.023023023023023025,0.02002002002002002,0.42742742742744494,0.07107107107107107,0.4114114114114114,0.9089089089089089,0.11411411411411411,0.015015015015015015,0.3103103103103103,0.3913913913913914,0.007007007007007007,0.7037037037037037,0
0.8098098098098098,0.08008008008008008,0.5305305305305306,0.35135135135135137,0.6736736736736737,0.35935935935935936,0.4024024024024024,0.43043043043043044,0.12512512512512514,0.6316316316316316,0.06106106106106106,0.6516516516516516,0.8548548548548568,0.4024024024024024,0.5605605605605606,0.1831831831831832,0.7877877877877877,0.8338338338338338,0.2832832832832833,0.005005005005005005,1
0.982982982982983,0.7957957957957957,0.6006006006006006,0.04504504504504504,0.47847847847847846,0.5965965965965966,0.13113113113113112,0.04804804804804805,0.6406406406406406,0.4164164164164164,0.42542542542542544,0.11011011011011011,0.4084084084084084,0.5785785785785785,0.7377377377377377,0.5085085085085085,0.5725725725725725,0.21921921921921922,0.7757757757757757,0.9149149149149147,0
0.9729729729729738,0.06506506506506507,0.3153153153153153,0.024024024024024024,0.7507507507507506,0.6146146146146146,0.1041041041041041,0.25425425425425424,0.07507507507507508,0.5825825825825826,0.18218218218218218,0.38738738738738737,0.8908908908908909,0.29429429429429427,0.43843843843843844,0.25125125125125125,0.8608608608608609,0.9059059059059059,0.4394394394394394,0.08508508508508508,1
0.7717717717717718,0.2502502502502503,0.7987987987987988,0.0980980980980981,0.7307307307307307,0.6486486486486487,0.48348348348348347,0.3433433433433433,0.5335335335335335,0.91991991991992,0.03903903903903904,0.5435435435435435,0.953953953953954,0.1091091091091091,0.9729729729729729,0.5545545545545546,0.28428428428428426,0.37037037037037035,0.5675675675675675,0.8398398398398398,1
0.9719719719719719,0.6946946946946947,0.35735735735735735,0.32732732732732733,0.4274274274274275,0.8508508508508509,0.0960960960960961,0.42342342342342343,0.4874874874874856,0.17617617617617617,0.8648648648648652,0.11311311311311312,0.08108108108108109,0.7207207207207195,0.6726726726726726,0.8318318318318318,0.8898898898898899,0.7817817817817818,0.8628628628628628,0.7177177177177178,0
0.8138138138138138,0.3833833833833834,0.8718718718718719,0.001001001001001001,0.7467467467467468,0.8108108108108109,0.8178178178178175,0.5275275275275275,0.7067067067067067,0.9549549549549547,0.002002002002002002,0.4344344344344344,0.6216216216216216,0.037037037037037035,0.7987987987987988,0.8438438438438438,0.16516516516516158,0.02002002002002002,0.9149149149149148,0.927927927927927,1
0.07907907907907907,0.7897897897897898,0.1881881881881882,0.6076076076076076,0.4064064064064064,0.1841841841841842,0.7407407407407404,0.3053053053053053,0.2462462462462464,0.03903903903903904,0.6576576576576576,0.15315315315315314,0.1961961961961962,0.8808808808808809,0.3133133133133133,0.07407407407407407,0.4314314314314314,0.7797797797797797,0.1011011011011011,0.4854854854854855,0
0.4494494494494494,0.7617617617617618,0.8348348348348348,0.8178178178178178,0.03903903903903904,0.9219219219219219,0.08508508508508505,0.6916916916916916,0.6206206206206206,0.24224224224224225,0.5195195195195195,0.6316316316316316,0.22422422422422422,0.6436436436436437,0.1841841841841842,0.7197197197197197,0.8518518518518519,0.3113113113113113,0.12912912912912913,0.6116116116116116,1
0.6006006006006006,0.1781781781781782,0.007007007007007007,0.14214214214214213,0.08608608608608609,0.8768768768768769,0.23723723723723725,0.5465465465465466,0.03903903903903904,0.4944944944944945,0.4984984984984985,0.11711711711711711,0.29429429429429427,0.5145145145145145,0.022022022022022022,0.47047047047047047,0.4344344344344344,0.7367367367367368,0.8698698698698699,0.09309309309309309,0
0.975975975975976,0.6966966966966995,0.2882882882882883,0.15015015015015015,0.05305305305305305,0.997997997997998,0.015015015015015015,0.3993993993993994,0.6296296296296297,0.24124124124124124,0.5075075075075075,0.17317317317317318,0.058058058058058054,0.8398398398398398,0.8928928928928929,0.9189189189189189,0.972972972972973,0.7857857857857877,0.963963963963964,0.44344344344344344,0
0.6296296296296297,0.47847847847847846,0.6416416416416416,0.6166166166166166,0.7667667667667668,0.9949949949949949,0.8458458458458459,0.9059059059059059,0.965965965965966,0.5945945945945946,0.6906906906906902,0.3893893893893894,0.11511511511511512,0.1931931931931932,0.5295295295295295,1.0,0.25825825825825827,0.8688688688688688,0.8418418418418419,0.998998998998999,0
0.2182182182182182,1.0,0.16216216216216217,0.23523523523523523,0.012012012012012012,0.015015015015015015,0.7267267267267268,0.34634634634634637,0.38738738738738737,0.08308308308308308,0.990990990990991,0.3013013013013013,0.044044044044044044,0.8248248248248248,0.22922922922922923,0.04204204204204204,0.45245245245245247,0.6266266266266266,0.0970970970970971,0.6336336336336337,0
0.6136136136136137,0.014014014014014014,0.3963963963963964,0.5415415415415415,0.8848848848848849,0.8158158158158159,0.1871871871871872,0.12912912912912913,0.3103103103103103,0.5045045045045046,0.012012012012012012,0.42542542542542544,0.974974974974974,0.5485485485485485,0.2972972972972973,0.2772772772772773,0.9619619619619619,0.948948948948949,0.3403403403403397,0.09109109109109109,1
0.25625625625625625,0.7927927927927928,0.7707707707707707,0.8568568568568569,0.27127127127127126,0.5725725725725725,0.48148148148148145,0.7597597597597597,0.6496496496496497,0.1931931931931932,0.5895895895895896,0.5855855855855856,0.15015015015015015,0.8938938938938938,0.15215215215215216,0.7177177177177176,0.6976976976976975,0.16916916916916916,0.22422422422422422,0.4984984984984985,1
0.3833833833833834,0.22922922922922923,0.6316316316316316,0.8988988988988988,0.8428428428428428,0.44344344344344344,0.9179179179179177,0.9719719719719719,0.5065065065065065,0.7727727727727728,0.7697697697697697,0.7987987987987988,0.5745745745745746,0.4984984984984985,0.45945945945946837,0.8148148148148148,0.23423423423423423,0.43743743743743724,0.6996996996996997,0.3263263263263263,1
0.1981981981981982,0.9469469469469469,0.0980980980980981,0.12212212212212212,0.1941941941941942,0.017017017017017015,0.9049049049049049,0.23723723723723725,0.12812812812812813,0.16616616616616617,0.4164164164164164,0.12812812812812813,0.11911911911911911,0.5305305305305306,0.41041041041041043,0.04704704704704705,0.050050050050050046,0.5145145145145145,0.1021021021021021,0.8328328328328328,0
0.96996996996997,0.6716716716716716,0.36736736736736736,0.4074074074074074,0.055055055055055056,0.9239239239239239,0.011011011011011011,0.3163163163163163,0.5545545545545546,0.31931931931931934,0.34534534534534533,0.2872872872872873,0.3303303303303302,0.8658658658658659,0.8908908908908909,0.6676676676676694,0.93993993993994,0.7827827827827828,0.5495495495495496,0.5725725725725725,0
0.0940940940940941,0.7507507507507507,0.3653653653653652,0.5215215215215215,0.0940940940940941,0.1881881881881882,0.12512512512512514,0.022022022022022022,0.7567567567567568,0.5865865865865866,0.8678678678678678,0.9049049049049064,0.5735735735735735,0.3173173173173173,0.8048048048048048,0.2042042042042042,0.7537537537537538,0.22122122122122123,0.7677677677677677,0.15215215215215216,1
0.06706706706706707,0.2922922922922923,0.22022022022022023,0.8558558558558559,0.7557557557557557,0.8588588588588588,0.9519519519519519,0.8788788788788788,0.5075075075075075,0.4924924924924925,0.7307307307307296,0.3233233233233234,0.18018018018018017,0.3993993993993994,0.15415415415415415,0.9669669669669669,0.036036036036036036,0.9099099099099099,0.8188188188188188,0.924924924924925,0
0.8108108108108109,0.35035035035035017,0.4294294294294294,0.8088088088088088,0.7947947947947948,0.04604604604604605,0.5185185185185185,0.7047047047047047,0.17917917917917917,0.1991991991991992,0.4214214214214214,0.5775775775775776,0.8368368368368369,0.9729729729729741,0.8498498498498499,0.1941941941941942,0.8628628628628628,0.7747747747747747,0.24624624624624633,0.6976976976976977,0
0.04804804804804805,0.6836836836836837,0.11511511511511512,0.3003003003003003,0.10010010010010009,0.984984984984985,0.22422422422422422,0.003003003003003003,0.3733733733733734,0.24424424424424424,0.8008008008008007,0.008008008008008008,0.24324324324324323,0.97997997997998,0.06806806806806837,0.1031031031031031,0.05405405405405406,0.5415415415415415,0.4044044044044044,0.2112112112112112,0
0.6956956956956957,0.1041041041041041,0.5565565565565566,0.5875875875875876,0.5495495495495496,0.4074074074074074,0.7927927927927928,0.41041041041041043,0.40540540540540543,0.8788788788788788,0.03003003003003003,0.7137137137137137,0.4274274274274274,0.023023023023023025,0.5215215215215215,0.7737737737737738,0.7227227227227228,0.8048048048048048,0.7127127127127127,0.036036036036036036,1
0.1991991991991992,0.7557557557557557,0.8888888888888888,0.7647647647647647,0.0890890890890891,0.8748748748748747,0.3023023023023023,0.8318318318318318,0.7137137137137137,0.2832832832832833,0.3503503503503502,0.7437437437437437,0.2182182182182182,0.6396396396396397,0.08008008008008007,0.8038038038038038,0.7417417417417418,0.18018018018018017,0.13013013013013014,0.5195195195195195,1
0.5725725725725725,0.47647647647647645,0.023023023023023025,0.36236236236236236,0.1931931931931932,0.7567567567567568,0.8918918918918919,0.5705705705705706,0.0960960960960961,0.3483483483483483,0.3303303303303303,0.029029029029029027,0.002002002002002002,0.7737737737737738,0.45245245245245247,0.6246246246246246,0.06606606606606606,0.7077077077077074,0.7297297297297297,0.07607607607607608,0
0.4084084084084084,0.5135135135135135,0.002002002002002002,0.09009009009009009,0.06706706706706707,0.8008008008008007,0.4694694694694695,0.5225225225225225,0.031031031031031032,0.24624624624624628,0.6286286286286287,0.031031031031031032,0.055055055055055056,0.7047047047047047,0.17517517517517517,0.4754754754754755,0.23823823823823823,0.7537537537537538,0.7057057057057057,0.2042042042042042,0
0.7477477477477393,0.18218218218218218,0.6936936936936937,0.48148148148148145,0.5145145145145145,0.6066066066066066,0.5915915915915916,0.6006006006006006,0.3883883883883884,0.8768768768768769,0.029029029029029027,0.6966966966966974,0.5855855855855856,0.04704704704704705,0.9819819819819819,0.8208208208208209,0.4244244244244244,0.28928928928928926,0.5085085085085085,0.46246246246246275,1
0.5675675675675675,0.6816816816816816,0.8368368368368369,0.6476476476476476,0.42842842842842843,0.6516516516516516,0.18518518518518517,0.7737737737737738,0.7397397397397397,0.2172172172172172,0.7117117117117117,0.7787787787787788,0.44844844844844844,0.6616616616616616,0.5805805805805806,0.7247247247247247,0.8978978978978978,0.7867867867867868,0.1841841841841842,0.7827827827827828,1
0.1091091091091091,0.923923923923924,0.2702702702702703,0.18518518518518517,0.2782782782782783,0.18118118118118118,0.4924924924924925,0.0970970970970971,0.05905905905905906,0.057057057057057055,0.6306306306306306,0.08108108108108109,0.4024024024024024,0.6236236236236237,0.34434434434434436,0.006006006006006006,0.12112112112112113,0.13313313313313313,0.014014014014014014,0.6846846846846847,0
0.25325325325325326,0.5065065065065065,0.01001001001001001,0.3943943943943944,0.3353353353353353,0.4674674674674675,0.48648648648648646,0.4914914914914915,0.058058058058058054,0.24024024024024024,0.35235235235235235,0.041041041041041046,0.2802802802802803,0.7637637637637638,0.26926926926926925,0.4844844844844845,0.42742742742742756,0.3433433433433438,0.8338338338338338,0.3073073073073073,0
0.6176176176176176,0.15415415415415415,0.6106106106106106,0.5785785785785785,0.5195195195195195,0.9779779779779779,0.24824824824824826,0.4754754754754755,0.4374374374374374,0.7677677677677678,0.17317317317317318,0.4984984984984985,0.5905905905905906,0.27627627627627627,0.8278278278278278,0.8298298298298298,0.47047047047047047,0.33733733733733734,0.9059059059059059,0.3533533533533533,1
0.05105105105105105,0.22322322322322322,0.12712712712712712,0.854854854854856,0.7707707707707706,0.5335335335335335,0.9719719719719719,0.8558558558558559,0.6256256256256256,0.5225225225225225,0.9579579579579578,0.4954954954954955,0.13913913913913914,0.32732732732732733,0.3083083083083083,0.972972972972973,0.21521521521521522,0.968968968968969,0.970970970970971,0.46646646646646645,0
0.6196196196196196,0.6586586586586587,0.7307307307307275,0.9449449449449457,0.7487487487487487,0.04004004004004004,0.6376376376376376,0.6856856856856857,0.3063063063063063,0.16516516516516516,0.6536536536536537,0.5955955955955956,0.5625625625625625,0.8018018018018018,0.9059059059059059,0.36036036036036034,0.6396396396396397,0.01901901901901902,0.25225225225225223,0.9219219219219219,0
0.7687687687687688,0.3713713713713714,0.7507507507507506,0.3383383383383387,0.5925925925925926,0.5945945945945946,0.6386386386386387,0.12312312312312312,0.933933933933934,0.958958958958959,0.1111111111111111,0.46546546546546547,0.6626626626626636,0.18618618618618618,0.6626626626626626,0.48148148148148145,0.24024024024024024,0.6396396396396397,0.6506506506506506,0.8318318318318318,1
0.7517517517517518,0.18618618618618618,0.9269269269269269,0.5805805805805806,0.8098098098098098,0.5025025025025025,0.8068068068068068,0.3133133133133133,0.5645645645645646,0.914914914914915,0.07607607607607608,0.4904904904904905,0.5715715715715716,0.22022022022022023,0.6816816816816816,0.5185185185185185,0.28928928928928926,0.11811811811811812,0.4214214214214214,0.3683683683683684,1
0.7857857857857857,0.3973973973973974,0.8668668668668669,0.9219219219219219,0.96996996996997,0.16416416416416418,0.5125125125125125,0.943943943943944,0.1011011011011011,0.07107107107107107,0.8828828828828829,0.6226226226226226,0.5635635635635635,0.6586586586586587,0.6396396396396397,0.46646646646646645,0.9119119119119119,0.4474474474474473,0.11011011011011011,0.7517517517517518,0
0.8468468468468469,0.37037037037037035,0.8158158158158159,0.43043043043043044,0.7807807807807807,0.9229229229229229,0.47647647647647645,0.4184184184184184,0.7457457457457457,0.9039039039039038,0.2132132132132132,0.4264264264264264,0.6146146146146146,0.05905905905905906,0.9009009009009009,0.6806806806806807,0.08008008008008001,0.7037037037037037,0.67067067067067,0.9259259259259259,1
0.7177177177177166,0.8638638638638638,0.5035035035035035,0.37237237237237236,0.3913913913913914,0.5325325325325325,0.1691691691691692,0.5405405405405406,0.6846846846846847,0.18618618618618618,0.9479479479479479,0.33133133133133136,0.14314314314314314,0.6516516516516516,0.6916916916916916,0.8198198198198198,0.8838838838838838,0.45545545545545546,0.7477477477477474,0.7767767767767768,0
0.9529529529529529,0.22422422422422422,0.6586586586586587,0.91991991991992,0.8518518518518519,0.14414414414414414,0.4094094094094094,0.983983983983984,0.05405405405405406,0.37737737737737737,0.7847847847847848,0.7077077077077074,0.7007007007007,0.5165165165165165,0.6446446446446447,0.5195195195195195,0.8048048048048048,0.32332332332332336,0.2732732732732733,0.7977977977977978,0
0.5085085085085085,0.5825825825825826,0.48848848848848847,0.14914914914914915,0.17517517517517503,0.24424424424424424,0.15915915915915915,0.37237237237237236,0.6366366366366366,0.8938938938938938,0.8478478478478476,0.9469469469469469,0.8248248248248248,0.13513513513513514,0.6306306306306306,0.24324324324324323,0.6966966966966969,0.017017017017017015,0.9169169169169169,0.014014014014014014,1
0.5385385385385385,0.7227227227227228,0.7097097097097097,0.25625625625625625,0.16016016016016016,0.05205205205205205,0.6696696696696697,0.2822822822822823,0.992992992992993,0.8968968968968969,0.4264264264264264,0.986986986986987,0.5605605605605606,0.27127127127127126,0.7927927927927928,0.14714714714714713,0.6496496496496497,0.4124124124124124,0.3813813813813814,0.013013013013013013,1
0.3583583583583584,0.25825825825825827,0.7257257257257257,0.8168168168168168,0.5385385385385385,0.7767767767767768,0.6406406406406405,0.7837837837837838,0.978978978978979,0.992992992992993,0.24424424424424424,0.8588588588588588,0.92992992992993,0.2092092092092092,0.031031031031031032,0.7947947947947948,0.2272272272272272,0.036036036036036036,0.93993993993994,0.8088088088088088,1
0.9629629629629629,0.7697697697697697,0.44544544544544545,0.21421421421421422,0.3663663663663664,0.8728728728728729,0.016016016016016016,0.1881881881881882,0.5815815815815816,0.15815815815815815,0.950950950950951,0.15515515515515516,0.1831831831831832,0.6296296296296297,0.7177177177177173,0.6896896896896897,0.9419419419419419,0.7737737737737738,0.6826826826826827,0.7797797797797797,0
0.9079079079079078,0.031031031031031032,0.042042042042042066,0.2772772772772773,0.5395395395395395,0.6626626626626626,0.1021021021021021,0.5585585585585585,0.017017017017017015,0.5455455455455456,0.1871871871871872,0.4244244244244244,0.7787787787787788,0.3743743743743744,0.5735735735735735,0.4804804804804805,0.8268268268268268,0.997997997997998,0.5905905905905906,0.16416416416416443,1
0.0920920920920921,0.7167167167167168,0.12112112112112113,0.2732732732732733,0.3133133133133133,0.4174174174174174,0.7717717717717718,0.15715715715715717,0.34634634634634637,0.21621621621621623,0.7067067067067067,0.04904904904904905,0.04704704704704705,0.8568568568568569,0.26426426426426425,0.2862862862862863,0.23923923923923923,0.34734734734734735,0.5385385385385385,0.14914914914914915,0
0.35035035035035034,0.8668668668668669,0.9549549549549547,0.6976976976976977,0.24924924924924924,0.6396396396396397,0.4184184184184184,0.9009009009009009,0.996996996996997,0.34634634634634637,0.6816816816816816,0.9179179179179179,0.3913913913913914,0.5975975975975976,0.6386386386386387,0.8638638638638638,0.7307307307307307,0.7217217217217217,0.18618618618618618,0.7417417417417418,1
0.27627627627627627,0.46146146146146144,0.5645645645645646,0.4114114114114114,0.4184184184184184,0.26926926926926925,0.25925925925925924,0.3483483483483483,0.6666666666666669,0.6676676676676676,0.4014014014014014,0.955955955955956,0.6906906906906907,0.05305305305305305,0.8188188188188188,0.4044044044044044,0.7907907907907907,0.7597597597597597,0.4274274274274275,0.08708708708708708,1
0.9459459459459459,0.33433433433433435,0.8678678678678678,0.4134134134134134,0.6246246246246246,0.38238238238238237,0.8538538538538538,0.5605605605605606,0.7377377377377368,0.983983983983984,0.05305305305305305,0.6856856856856857,0.7457457457457457,0.15415415415415415,0.986986986986987,0.5835835835835835,0.08808808808808809,0.2882882882882883,0.5725725725725725,0.5935935935935935,1
0.95995995995996,0.016016016016016016,0.14914914914914915,0.3033033033033033,0.6386386386386387,0.8128128128128128,0.04004004004004004,0.3923923923923924,0.024024024024024024,0.5835835835835835,0.08508508508508508,0.26726726726726724,0.7217217217217217,0.10010010010010009,0.1741741741741742,0.6066066066066066,0.9819819819819819,0.9239239239239239,0.77077077077077,0.3033033033033033,1
0.5075075075075075,0.12312312312312314,0.5265265265265265,0.9129129129129129,0.7957957957957993,0.4984984984984985,0.9359359359359359,0.7027027027027027,0.8088088088088088,0.7137137137137137,0.45845845845845845,0.6356356356356356,0.24024024024024024,0.08708708708708708,0.06006006006006006,0.9109109109109109,0.46846846846846846,0.9369369369369369,0.5185185185185185,0.38738738738738737,0
0.0980980980980981,0.9229229229229229,0.23523523523523523,0.3923923923923924,0.3333333333333333,0.13213213213213212,0.5045045045045047,0.036036036036036036,0.2132132132132132,0.022022022022022022,0.8608608608608609,0.1031031031031031,0.33333333333333404,0.8238238238238238,0.37237237237237236,0.011011011011011011,0.4064064064064064,0.5515515515515516,0.057057057057057055,0.5625625625625625,0
0.4174174174174174,0.5965965965965966,0.6776776776776776,0.01001001001001001,0.47347347347347346,0.14814814814814814,0.44544544544544545,0.5945945945945946,0.4974974974974974,0.5735735735735735,0.5295295295295295,0.983983983983984,0.8678678678678673,0.06106106106106106,0.953953953953954,0.3233233233233236,0.6636636636636637,0.6936936936936937,0.30430430430430433,0.14314314314314314,1
0.47347347347347346,0.28428428428428426,0.8878878878878875,0.7527527527527528,0.9009009009009009,0.8308308308308309,0.7077077077077072,0.7667667667667668,0.8288288288288288,0.9089089089089089,0.8568568568568569,0.7897897897897898,0.8408408408408409,0.26226226226226224,0.39539539539539537,0.6456456456456456,0.05305305305305305,0.4624624624624625,0.5045045045045046,0.43343343343343343,1
0.022022022022022022,0.8348348348348348,0.6886886886886887,0.7097097097097097,0.2652652652652653,0.5855855855855856,0.5565565565565566,0.8908908908908909,0.4794794794794795,0.004004004004004004,0.3173173173173173,0.5315315315315315,0.03403403403403403,0.9849849849849851,0.23623623623623624,0.8958958958958959,0.97997997997998,0.3213213213213213,0.16516516516516516,0.6536536536536537,1
0.30930930930930933,0.16216216216216217,0.16416416416416416,0.983983983983984,0.5115115115115115,0.98998998998999,0.7307307307307306,0.8188188188188188,0.4074074074074074,0.6806806806806807,0.4244244244244244,0.2652652652652653,0.3733733733733734,0.4444444444444444,0.32732732732732733,0.9379379379379379,0.008008008008008008,0.8668668668668669,0.7787787787787788,0.963963963963964,0
0.8838838838838838,0.036036036036036036,0.24524524524524524,0.46146146146146144,0.7317317317317317,0.6306306306306306,0.25825825825825827,0.5005005005005005,0.07107107107107107,0.6626626626626627,0.13213213213213212,0.3733733733733734,0.6596596596596597,0.22122122122122126,0.23223223223223222,0.5225225225225225,0.7887887887887888,0.8618618618618619,0.6526526526526526,0.17617617617617617,1
0.3983983983983984,0.6736736736736737,0.19519519519519518,0.07807807807807808,0.056056056056056056,0.7537537537537538,0.3733733733733734,0.26726726726726724,0.2852852852852853,0.35435435435435436,0.7617617617617618,0.22822822822822822,0.3403403403403402,0.8508508508508509,0.6046046046046046,0.13613613613613612,0.15215215215215216,0.3123123123123123,0.34934934934934936,0.012012012012012012,0
0.45245245245245247,0.17017017017017008,0.8358358358358359,0.8468468468468469,0.6916916916916916,0.9879879879879879,0.6466466466466472,0.7777777777777778,0.8388388388388388,0.9679679679679679,0.2042042042042042,0.6446446446446447,0.7047047047047047,0.15515515515515516,0.46146146146146144,0.9459459459459459,0.11311311311311312,0.009009009009009009,0.9629629629629629,0.8638638638638638,1
0.5765765765765766,0.45645645645645644,0.050050050050050046,0.1741741741741744,0.1991991991991992,0.96996996996997,0.6906906906906879,0.47047047047047047,0.15215215215215216,0.36236236236236236,0.4024024024024024,0.015015015015015015,0.01001001001001001,0.8468468468468469,0.1881881881881882,0.5285285285285285,0.08408408408408408,0.6336336336336337,0.7407407407407407,0.06906906906906907,0
0.01001001001001001,0.3753753753753753,0.28428428428428426,0.7177177177177158,0.6236236236236237,0.6606606606606605,0.3613613613613614,0.6266266266266266,0.4264264264264264,0.4044044044044044,0.8888888888888888,0.4804804804804805,0.5485485485485485,0.41541541541541543,0.14514514514514515,0.7757757757757757,0.47847847847847846,0.8038038038038038,0.6576576576576576,0.8918918918918919,1
0.3993993993993994,0.6426426426426426,0.944944944944945,0.97997997997998,0.3653653653653653,0.5215215215215215,0.7187187187187187,0.7757757757757757,0.9289289289289289,0.5085085085085085,0.24824824824824826,0.8548548548548558,0.4044044044044044,0.6966966966966968,0.34134134134134136,0.5825825825825826,0.5025025025025025,0.6206206206206206,0.05905905905905906,0.4754754754754755,1
0.28928928928928926,0.7137137137137137,0.5985985985986009,0.15115115115115116,0.2932932932932933,0.050050050050050046,0.5755755755755756,0.5235235235235235,0.8168168168168168,0.7747747747747747,0.22322322322322322,0.9579579579579576,0.8238238238238238,0.3003003003003003,0.6946946946946947,0.23423423423423423,0.6436436436436437,0.23623623623623624,0.33533533533533527,0.2962962962962963,1
0.5305305305305306,0.2822822822822823,0.6046046046046046,0.6736736736736737,0.6206206206206206,0.960960960960961,0.8508508508508509,0.7477477477477478,0.914914914914915,0.6566566566566566,0.3283283283283285,0.5805805805805806,0.28428428428428426,0.28428428428428426,0.5475475475475475,0.978978978978979,0.4084084084084084,0.8438438438438438,0.7847847847847848,0.5365365365365365,0
0.7417417417417418,0.8218218218218218,0.5255255255255256,0.3893893893893894,0.37737737737737737,0.48848848848848847,0.25725725725725723,0.23123123123123124,0.5925925925925926,0.34934934934934936,0.5445445445445445,0.22322322322322322,0.31431431431431434,0.7847847847847848,0.6876876876876873,0.5045045045045049,0.5545545545545546,0.22422422422422422,0.5265265265265265,0.5395395395395397,0
0.5325325325325325,0.5975975975975976,0.5465465465465466,0.24824824824824826,0.34034034034034005,0.07407407407407407,0.3863863863863864,0.4164164164164164,0.8318318318318318,0.8798798798798799,0.5015015015015015,0.968968968968969,0.8208208208208209,0.19019019019019004,0.6826826826826827,0.25425425425425424,0.7977977977977972,0.1881881881881882,0.7507507507507506,0.12012012012012012,1
0.8818818818818819,0.7967967967967968,0.3863863863863864,0.21021021021021022,0.08808808808808809,0.943943943943944,0.06706706706706707,0.3073073073073073,0.8008008008008007,0.4314314314314314,0.46846846846846846,0.25725725725725723,0.3073073073073073,0.7907907907907907,0.8428428428428428,0.7307307307307307,0.6216216216216216,0.5395395395395396,0.9139139139139141,0.5605605605605606,0
0.6106106106106106,0.028028028028028028,0.15815815815815815,0.5765765765765766,0.9039039039039038,0.3483483483483484,0.6086086086086087,0.12712712712712712,0.18618618618618618,0.7347347347347347,0.14414414414414414,0.34434434434434436,0.8508508508508509,0.4694694694694695,0.1831831831831832,0.14814814814814814,0.5085085085085085,0.9309309309309309,0.6476476476476476,0.03903903903903904,1
0.3633633633633634,0.8538538538538538,0.6266266266266266,0.6516516516516516,0.06406406406406406,0.6646646646646647,0.11711711711711711,0.6946946946946947,0.8908908908908909,0.2652652652652653,0.9519519519519519,0.8048048048048048,0.37037037037037035,0.7277277277277275,0.5785785785785785,0.7507507507507505,0.8358358358358359,0.6116116116116116,0.2882882882882883,0.5635635635635635,1
0.16116116116116116,0.6226226226226226,0.1011011011011011,0.3743743743743744,0.04804804804804805,0.21621621621621626,0.12012012012012012,0.2272272272272272,0.47047047047047047,0.6126126126126126,0.8898898898898899,0.9029029029029029,0.5885885885885885,0.22922922922922923,0.7637637637637638,0.31931931931931934,0.6746746746746747,0.7627627627627628,0.8898898898898899,0.1831831831831832,1
0.7567567567567568,0.03203203203203203,0.07207207207207207,0.10510510510510511,0.933933933933934,0.4934934934934935,0.5425425425425425,0.06806806806806806,0.0980980980980981,0.7017017017017017,0.2092092092092092,0.2042042042042042,0.7267267267267272,0.2652652652652653,0.2952952952952953,0.15915915915915915,0.467467467467467,0.995995995995996,0.7877877877877877,0.03303303303303303,1
0.2022022022022022,0.5595595595595596,0.15715715715715717,0.46546546546546547,0.34134134134134136,0.5595595595595596,0.46046046046046046,0.2752752752752753,0.15915915915915915,0.1891891891891892,0.8248248248248248,0.14714714714714713,0.32532532532532416,0.8778778778778757,0.5265265265265265,0.15015015015015015,0.2932932932932933,0.4894894894894895,0.33833833833833893,0.05405405405405406,0
0.6476476476476476,0.970970970970971,0.2652652652652653,0.4794794794794795,0.02002002002002002,0.7557557557557557,0.18218218218218218,0.5545545545545546,0.8178178178178176,0.11611611611611611,0.7687687687687688,0.2682682682682683,0.024024024024024024,0.994994994994995,0.992992992992993,0.9009009009009009,0.8248248248248248,0.4724724724724725,0.9419419419419419,0.6406406406406405,0
0.48348348348348347,0.5795795795795796,0.10010010010010009,0.018018018018018018,0.1891891891891892,0.968968968968969,0.5805805805805806,0.13613613613613612,0.06606606606606606,0.11411411411411411,0.7107107107107101,0.01001001001001001,0.06606606606606606,0.985985985985986,0.5245245245245245,0.0970970970970971,0.009009009009009009,0.7267267267267274,0.2952952952952953,0.003003003003003003,0
0.35535535535535534,0.9429429429429429,0.22122122122122123,0.33933933933933935,0.16916916916916924,0.23523523523523523,0.6256256256256256,0.2062062062062062,0.3133133133133133,0.07907907907907907,0.7137137137137137,0.08208208208208215,0.12512512512512514,0.9139139139139184,0.3353353353353353,0.07907907907907907,0.4194194194194194,0.19019019019019018,0.23123123123123124,0.5205205205205206,0
0.6216216216216216,0.7347347347347347,0.35235235235235235,0.5625625625625625,0.003003003003003003,0.996996996996997,0.022022022022022022,0.3363363363363379,0.5105105105105103,0.025025025025025023,0.5025025025025025,0.33433433433433435,0.007007007007007007,0.9409409409409409,0.968968968968969,0.8708708708708709,0.9879879879879879,0.8168168168168168,0.35435435435435436,0.2822822822822823,0
0.8698698698698699,0.0960960960960961,0.3563563563563564,0.04104104104104104,0.955955955955956,0.4374374374374374,0.2602602602602603,0.11311311311311312,0.22122122122122123,0.5355355355355356,0.16116116116116116,0.28428428428428426,0.7187187187187187,0.2682682682682683,0.2502502502502503,0.4224224224224224,0.95995995995996,0.8268268268268268,0.8388388388388388,0.2082082082082082,1
0.5295295295295295,0.6046046046046046,0.3993993993993994,0.42042042042042044,0.2992992992992997,0.1971971971971972,0.24524524524524524,0.33333333333333337,0.6136136136136137,0.6606606606606606,0.6596596596596597,0.91991991991992,0.6756756756756757,0.34334334334334354,0.8878878878878873,0.28128128128128127,0.7157157157157157,0.6326326326326326,0.6056056056056056,0.21021021021021022,1
0.48848848848848847,0.6886886886886887,0.5635635635635635,0.5085085085085085,0.34234234234234234,0.08208208208208208,0.33433433433433435,0.26626626626626626,0.8358358358358359,0.6046046046046046,0.938938938938939,0.953953953953954,0.6286286286286287,0.3933933933933934,0.963963963963964,0.15815815815815815,0.7837837837837838,0.6916916916916916,0.39039039039039036,0.07407407407407407,1
0.5715715715715716,0.32732732732732733,0.14614614614614616,0.08308308308308308,0.3123123123123123,0.8438438438438438,0.15615615615615616,0.2042042042042042,0.12412412412412413,0.4994994994994995,0.46046046046046046,0.10810810810810811,0.5095095095095095,0.6426426426426426,0.07907907907907907,0.11411411411411411,0.3793793793793794,0.18118118118118118,0.6366366366366366,0.07807807807807808,0
0.7837837837837838,0.5285285285285285,0.7337337337337337,0.8678678678678677,0.6786786786786787,0.10810810810810811,0.5115115115115115,0.7037037037037037,0.27127127127127126,0.18218218218218218,0.43843843843843844,0.6286286286286287,0.7447447447447447,0.9669669669669669,0.9519519519519519,0.14014014014014015,0.6596596596596597,0.6506506506506505,0.07507507507507508,0.7667667667667668,0
0.5205205205205206,0.35135135135135137,0.7997997997997998,0.8288288288288288,0.9549549549549549,0.5045045045045075,0.944944944944946,0.9219219219219219,0.9219219219219219,0.9369369369369369,0.4904904904904905,0.7147147147147147,0.5925925925925926,0.3683683683683684,0.2552552552552552,0.8668668668668669,0.0960960960960961,0.23023023023023023,0.8838838838838838,0.8198198198198198,1
0.12912912912912913,0.46846846846846846,0.0,0.2122122122122122,0.040040040040040005,0.5175175175175175,0.3753753753753752,0.4224224224224224,0.01001001001001001,0.45145145145145144,0.6686686686686687,0.056056056056056056,0.4364364364364364,0.5945945945945946,0.1921921921921922,0.16216216216216217,0.014014014014014014,0.7617617617617618,0.7457457457457457,0.26326326326326327,0
0.960960960960961,0.7807807807807807,0.4134134134134134,0.1961961961961962,0.028028028028028028,0.7677677677677678,0.0,0.10810810810810811,0.4694694694694695,0.37237237237237236,0.3113113113113113,0.3183183183183183,0.5205205205205206,0.7527527527527528,0.8838838838838838,0.3883883883883884,0.9459459459459459,0.5225225225225225,0.3603603603603603,0.9479479479479479,0
0.2032032032032032,0.46046046046046046,0.8818818818818819,0.7427427427427428,0.8018018018018018,0.5765765765765766,0.5075075075075075,0.6426426426426426,0.7687687687687688,0.8118118118118118,0.7517517517517518,0.7447447447447447,0.9139139139139139,0.23523523523523523,0.24324324324324323,0.5355355355355356,0.23723723723723725,0.12212212212212212,0.37037037037037024,0.8508508508508509,1
0.4014014014014014,0.1941941941941942,0.3063063063063063,0.7697697697697697,0.6716716716716716,0.32732732732732733,0.8808808808808809,0.9469469469469469,0.5095095095095097,0.8658658658658659,0.8908908908908909,0.7827827827827828,0.5825825825825826,0.33133133133133136,0.15015015015015015,0.7897897897897898,0.2602602602602603,0.7957957957957968,0.8868868868868869,0.46846846846846846,1
0.07307307307307308,0.12912912912912913,0.27627627627627627,0.8628628628628628,0.8288288288288288,0.5015015015015015,0.988988988988989,0.7197197197197197,0.8438438438438438,0.6336336336336337,0.3973973973973974,0.6006006006006006,0.13813813813813813,0.12412412412412413,0.2122122122122122,0.9569569569569569,0.2522522522522524,0.993993993993994,0.7597597597597597,0.3933933933933934,0
0.044044044044044044,0.8118118118118118,0.4934934934934935,0.970970970970971,0.4544544544544544,0.3113113113113113,0.6566566566566567,0.6496496496496497,0.3763763763763764,0.03303303303303303,0.49149149149149146,0.24624624624624625,0.08408408408408408,0.9289289289289295,0.13913913913913914,0.6416416416416416,0.5415415415415415,0.0920920920920921,0.21421421421421422,0.9629629629629629,1
0.6666666666666667,0.5095095095095115,0.7637637637637638,0.8458458458458459,0.964964964964965,0.058058058058058054,0.5785785785785785,0.8218218218218218,0.007007007007007007,0.002002002002002002,0.44544544544544545,0.4214214214214214,0.5645645645645646,0.9769769769769769,0.7567567567567568,0.28928928928928926,0.9279279279279279,0.062062062062062065,0.056056056056056056,0.8068068068068068,0
0.40040040040040037,0.6576576576576576,0.7317317317317318,0.953953953953954,0.03803803803803804,0.8958958958958959,0.07607607607607608,0.6816816816816816,0.6966966966966969,0.40040040040040037,0.35735735735735735,0.7207207207207206,0.4214214214214214,0.6606606606606606,0.22522522522522523,0.6736736736736737,0.7667667667667668,0.4644644644644646,0.19019019019019007,0.7377377377377378,1
0.07107107107107107,0.7387387387387387,0.4394394394394394,0.21921921921921922,0.22022022022022023,0.1941941941941942,0.16716716716716717,0.5515515515515516,0.6236236236236237,0.6706706706706707,0.8588588588588588,0.9419419419419419,0.9359359359359359,0.3963963963963964,0.6376376376376376,0.2912912912912913,0.7087087087087087,0.003003003003003003,0.7927927927927928,0.24524524524524524,1
0.6336336336336337,0.9079079079079078,0.46146146146146144,0.10810810810810811,0.4394394394394394,0.2972972972972973,0.5685685685685685,0.16416416416416432,0.7417417417417418,0.28128128128128127,0.3893893893893894,0.2032032032032032,0.11411411411411411,0.7537537537537538,0.6646646646646647,0.6486486486486487,0.6986986986986987,0.015015015015015015,0.924924924924925,0.5685685685685685,0
0.323323323323324,0.5945945945945946,0.25125125125125125,0.24324324324324587,0.2602602602602603,0.029029029029029027,0.2112112112112112,0.1871871871871872,0.5085085085085085,0.6466466466466468,0.6636636636636637,0.9409409409409409,0.7957957957957958,0.11811811811811812,0.8448448448448448,0.2022022022022022,0.8918918918918919,0.7197197197197197,0.7187187187187187,0.22522522522522523,1
0.5435435435435435,0.95995995995996,0.0940940940940941,0.5135135135135135,0.09009009009009009,0.01001001001001001,0.8198198198198198,0.22422422422422422,0.3263263263263263,0.3033033033033033,0.8938938938938938,0.16916916916916916,0.13713713713713713,0.6626626626626633,0.38238238238238237,0.024024024024024024,0.11911911911911911,0.7457457457457457,0.13613613613613612,0.8528528528528528,0
0.2732732732732733,0.40040040040040037,0.46046046046046046,0.9779779779779779,0.9129129129129129,0.4064064064064064,0.960960960960961,0.6246246246246246,0.42542542542542544,0.47147147147147145,0.7417417417417418,0.3433433433433434,0.16016016016015985,0.28128128128128127,0.5895895895895896,0.8658658658658659,0.04204204204204204,0.7907907907907907,0.5205205205205206,0.6646646646646647,0
0.2602602602602603,0.6176176176176176,0.26426426426426425,0.2172172172172172,0.11311311311311312,0.12312312312312312,0.3313313313313325,0.25325325325325326,0.8198198198198198,0.7587587587587588,0.3073073073073073,0.94994994994995,0.6506506506506505,0.21021021021021022,0.9579579579579568,0.4294294294294294,0.8398398398398398,0.7207207207207205,0.9019019019019019,0.1781781781781782,1
0.8008008008008007,0.36236236236236236,0.7437437437437437,0.009009009009009009,0.7867867867867868,0.9569569569569569,0.35735735735735735,0.4344344344344344,0.5555555555555556,0.6246246246246246,0.1851851851851851,0.34134134134134136,0.6406406406406382,0.4474474474474468,0.9189189189189189,0.8138138138138138,0.4864864864864865,0.2552552552552548,0.960960960960961,0.5185185185185185,1
0.3213213213213213,0.4014014014014014,0.26926926926926925,0.7517517517517518,0.4854854854854855,0.7847847847847848,0.8828828828828829,0.968968968968969,0.6946946946946947,0.7357357357357357,0.6566566566566566,0.5665665665665666,0.4124124124124124,0.5255255255255256,0.04104104104104104,0.8778778778778779,0.15815815815815815,0.8328328328328328,0.6316316316316316,0.6136136136136137,0
0.7057057057057057,0.42042042042042044,0.7367367367367368,0.012012012012012012,0.5595595595595596,0.6766766766766767,0.7167167167167174,0.25225225225225223,0.8818818818818819,0.6826826826826827,0.0,0.3883883883883884,0.46546546546546547,0.3983983983983984,0.7257257257257257,0.8888888888888888,0.6026026026026026,0.27227227227227224,0.9459459459459459,0.6096096096096096,1
0.7647647647647647,0.4364364364364364,0.6996996996996997,0.9359359359359359,0.5575575575575575,0.25025025025025005,0.23123123123123124,0.933933933933934,0.3663663663663664,0.4744744744744745,0.7857857857857863,0.8888888888888888,0.8648648648648651,0.5185185185185185,0.7507507507507494,0.5605605605605606,0.8168168168168168,0.4934934934934935,0.2862862862862863,0.9179179179179178,0
0.4904904904904905,0.1831831831831832,0.5995995995995996,0.857857857857857,0.8168168168168168,0.6356356356356356,0.9219219219219219,0.8928928928928929,0.6026026026026026,0.955955955955956,0.34634634634634637,0.6466466466466467,0.6036036036036035,0.27427427427427425,0.36336336336336417,0.8628628628628628,0.02002002002002002,0.2072072072072072,0.9469469469469469,0.5575575575575575,1
0.2552552552552553,0.8378378378378378,0.9209209209209209,0.6336336336336337,0.2072072072072072,0.7477477477477478,0.2862862862862863,0.938938938938939,0.7557557557557557,0.1841841841841842,0.8538538538538538,0.8138138138138138,0.23523523523523523,0.6116116116116116,0.056056056056056056,0.8368368368368369,0.8908908908908909,0.1871871871871872,0.16116116116116116,0.5645645645645646,1
0.9419419419419419,0.06706706706706707,0.10710710710710711,0.06506506506506507,0.9519519519519519,0.3563563563563564,0.13213213213213212,0.23823823823823823,0.04704704704704705,0.4754754754754755,0.2032032032032032,0.20020020020020018,0.9109109109109109,0.4364364364364364,0.3183183183183183,0.3683683683683684,0.965965965965966,0.9249249249249252,0.9259259259259259,0.29429429429429427,1
0.7007007007007003,0.5025025025025025,0.8768768768768769,0.9329329329329329,0.7207207207207204,0.07307307307307308,0.43843843843843844,0.6996996996996997,0.2702702702702703,0.2802802802802803,0.4074074074074074,0.8088088088088088,0.93993993993994,0.8878878878878879,0.9289289289289289,0.09309309309309309,0.6836836836836837,0.2992992992992994,0.03903903903903904,0.5975975975975976,0
0.8968968968968969,0.08108108108108109,0.1021021021021021,0.057057057057057055,0.5605605605605606,0.3943943943943944,0.29429429429429427,0.3783783783783784,0.20020020020020018,0.8048048048048048,0.14914914914914915,0.47847847847847846,0.8418418418418419,0.21921921921921922,0.4444444444444444,0.3633633633633637,0.6676676676676677,0.965965965965966,0.8078078078078071,0.18118118118118118,1
0.057057057057057055,0.9829829829829829,0.26726726726726724,0.11211211211211211,0.38538538538538525,0.035035035035035036,0.8868868868868869,0.3863863863863864,0.2032032032032032,0.014014014014014014,0.3003003003003003,0.11611611611611611,0.11811811811811812,0.7337337337337337,0.33233233233233234,0.0920920920920921,0.41541541541541543,0.16816816816816815,0.06106106106106106,0.955955955955956,0
0.7537537537537538,0.05105105105105105,0.18218218218218218,0.34934934934934936,0.6946946946946947,0.8448448448448448,0.1921921921921922,0.4064064064064064,0.3483483483483484,0.7037037037037037,0.08608608608608609,0.3923923923923924,0.8538538538538538,0.4374374374374374,0.35035035035035034,0.6126126126126126,0.8688688688688688,0.9649649649649654,0.928928928928929,0.2772772772772773,1
0.27427427427427425,0.3133133133133133,0.8078078078078078,0.7067067067067067,0.9279279279279278,0.45845845845845845,0.6926926926926927,0.6786786786786787,0.6736736736736737,0.7127127127127127,0.8728728728728729,0.7797797797797797,0.965965965965966,0.4964964964964965,0.35935935935935936,0.3263263263263263,0.17917917917917917,0.7567567567567568,0.2962962962962963,0.4064064064064064,1
0.1781781781781782,0.10510510510510511,0.19019019019019018,0.8698698698698699,0.7177177177177178,0.7787787787787788,0.8698698698698699,0.8038038038038038,0.48848848848848847,0.8278278278278277,0.6056056056056056,0.5965965965965966,0.47347347347347346,0.11511511511511512,0.05205205205205205,0.9159159159159159,0.2132132132132132,0.943943943943944,0.954954954954954,0.34934934934934936,0
0.9779779779779779,0.8168168168168168,0.5285285285285285,0.2912912912912913,0.4114114114114114,0.5955955955955956,0.04204204204204204,0.18518518518518512,0.6536536536536537,0.2112112112112112,0.7747747747747747,0.2082082082082082,0.36936936936936937,0.8528528528528528,0.9279279279279279,0.5685685685685685,0.9149149149149148,0.6896896896896897,0.5775775775775776,0.8768768768768769,0
0.33733733733733734,0.33733733733733734,0.5275275275275275,0.7787787787787788,0.7447447447447447,0.6116116116116116,0.93993993993994,0.7497497497497497,0.6576576576576576,0.5655655655655656,0.3933933933933934,0.45645645645645644,0.32232232232232233,0.43043043043043044,0.0890890890890891,0.854854854854855,0.22622622622622623,0.8198198198198198,0.37537537537537535,0.6996996996996997,0
0.6866866866866868,0.003003003003003003,0.13613613613613612,0.4954954954954955,0.9169169169169169,0.9419419419419419,0.058058058058058054,0.3663663663663664,0.03003003003003003,0.3253253253253253,0.11511511511511512,0.17117117117117117,0.7917917917917918,0.5135135135135135,0.1091091091091091,0.5885885885885885,0.996996996996997,0.982982982982983,0.6666666666666666,0.2702702702702703,1
0.4644644644644645,0.7007007007006967,0.8978978978978973,0.8238238238238238,0.45145145145145144,0.5105105105105106,0.4794794794794795,0.8358358358358359,0.6936936936936937,0.13113113113113112,0.4964964964964965,0.7337337337337337,0.3033033033033033,0.8538538538538538,0.3563563563563564,0.6816816816816816,0.8638638638638638,0.7487487487487487,0.058058058058058165,0.6176176176176176,1
0.2772772772772773,0.8248248248248248,0.0920920920920921,0.2702702702702703,0.14414414414414414,0.24624624624624625,0.500500500500497,0.45745745745745525,0.07007007007007007,0.10810810810810811,0.8718718718718719,0.16116116116116116,0.4294294294294294,0.9119119119119119,0.33733733733733734,0.025025025025025023,0.23323323323323322,0.6676676676676676,0.11211211211211211,0.3563563563563564,0
0.5165165165165165,0.29429429429429427,0.6056056056056056,0.6946946946946947,0.7477477477477478,0.5295295295295295,0.8598598598598598,0.8338338338338338,0.6876876876876877,0.943943943943944,0.3263263263263263,0.656656656656657,0.6046046046046046,0.14614614614614616,0.21921921921921922,0.8558558558558559,0.12812812812812813,0.23823823823823823,0.91991991991992,0.8798798798798799,1
0.031031031031031032,0.7047047047047047,0.4264264264264264,0.3263263263263263,0.06806806806806806,0.2702702702702703,0.05405405405405406,0.12112112112112113,0.5045045045045045,0.6026026026026026,0.5205205205205206,0.9159159159159159,0.7997997997997998,0.19119119119119118,0.7077077077077076,0.1961961961961962,0.6896896896896897,0.03203203203203203,0.4994994994994995,0.22022022022022023,1
0.7407407407407405,0.4904904904904905,0.9049049049049049,0.8588588588588588,0.8978978978978978,0.16616616616616617,0.46546546546546547,0.7147147147147147,0.2832832832832833,0.04704704704704705,0.6556556556556556,0.6156156156156156,0.5545545545545546,0.8498498498498502,0.7167167167167168,0.2962962962962963,0.953953953953954,0.7127127127127127,0.026026026026026026,0.6636636636636637,0
0.07207207207207207,0.5155155155155156,0.014014014014014014,0.22622622622622623,0.24824824824824826,0.7777777777777777,0.7787787787787788,0.4524524524524525,0.0920920920920921,0.1061061061061061,0.6646646646646647,0.04704704704704705,0.02102102102102102,0.8378378378378372,0.47647647647647645,0.43843843843843844,0.0990990990990991,0.8098098098098098,0.4064064064064064,0.026026026026026026,0
0.3973973973973974,0.91991991991992,0.15615615615615616,0.03003003003003003,0.32732732732732733,0.1111111111111111,0.9239239239239241,0.5735735735735735,0.14914914914914915,0.09109109109109109,0.34134134134134136,0.09309309309309309,0.1031031031031031,0.7787787787787788,0.33433433433433435,0.15115115115115116,0.23523523523523523,0.2932932932932933,0.1981981981981982,0.8138138138138138,0
0.34634634634634637,0.3123123123123123,0.7147147147147147,0.7487487487487487,0.8248248248248248,0.6246246246246246,0.6636636636636637,0.8158158158158159,0.5485485485485485,0.7907907907907907,0.965965965965966,0.7907907907907907,0.7967967967967968,0.3333333333333336,0.4124124124124124,0.6206206206206206,0.14114114114114115,0.5435435435435435,0.4974974974974967,0.37237237237237236,1
0.24024024024024024,0.11011011011011011,0.35135135135135137,0.98998998998999,0.6646646646646647,0.5665665665665666,0.9079079079079078,0.5975975975975976,0.5305305305305306,0.8538538538538538,0.2822822822822823,0.5935935935935935,0.4694694694694695,0.16416416416416416,0.4294294294294294,0.7087087087087087,0.05905905905905906,0.8968968968968969,0.5255255255255256,0.32932932932932935,0
0.8408408408408409,0.45545545545545546,0.7227227227227228,0.7947947947947948,0.9149149149149148,0.11411411411411411,0.7107107107107103,0.7937937937937938,0.1921921921921922,0.08608608608608609,0.8428428428428428,0.5395395395395395,0.5035035035035035,0.8448448448448448,0.7217217217217217,0.33233233233233234,0.7707707707707706,0.7417417417417418,0.13913913913913914,0.4494494494494494,0
0.4894894894894895,0.7247247247247247,0.6676676676676682,0.2832832832832833,0.4314314314314314,0.013013013013013013,0.14814814814814814,0.47847847847847846,0.7917917917917918,0.5425425425425425,0.9139139139139139,0.996996996996997,0.9569569569569569,0.1871871871871872,1.0,0.2752752752752753,0.995995995995996,0.5285285285285285,0.4174174174174174,0.22822822822822822,1
0.4024024024024024,0.5705705705705706,0.16616616616616617,0.3663663663663664,0.34634634634634637,0.47147147147147145,0.8468468468468469,0.5475475475475475,0.26626626626626626,0.3943943943943944,0.6456456456456456,0.18218218218218218,0.05105105105105105,0.6346346346346347,0.4024024024024024,0.48848848848848847,0.19519519519519518,0.15315315315315314,0.7097097097097097,0.035035035035035036,0
0.9849849849849852,0.4124124124124124,0.8008008008008007,0.8488488488488488,0.5135135135135135,0.24524524524524524,0.24324324324324323,0.970970970970971,0.34234234234234234,0.6056056056056056,0.6316316316316316,0.8988988988988988,0.98998998998999,0.6476476476476476,0.914914914914915,0.18018018018018014,0.5385385385385385,0.6836836836836837,0.0980980980980981,0.7467467467467468,0
0.3083083083083083,0.31931931931931934,0.5875875875875876,0.6876876876876868,0.8648648648648657,0.46546546546546547,0.7257257257257257,0.84984984984985,0.4174174174174174,0.49149149149149146,0.9879879879879879,0.7687687687687688,0.5755755755755756,0.40540540540540543,0.5775775775775776,0.6906906906906906,0.3763763763763764,0.7967967967967968,0.3893893893893894,0.33033033033033027,1
0.49749749749749744,0.1991991991991992,0.5835835835835835,0.6606606606606606,0.5785785785785785,0.7317317317317317,0.6766766766766772,0.8228228228228228,0.5185185185185185,0.8908908908908909,0.22022022022022023,0.7467467467467468,0.6106106106106106,0.11011011011011011,0.5355355355355356,0.9069069069069069,0.3613613613613614,0.38238238238238237,0.8568568568568569,0.7287287287287287,1
0.4134134134134134,0.9729729729729729,0.2992992992992993,0.3863863863863864,0.15415415415415415,0.24224224224224225,0.35935935935935936,0.05405405405405406,0.2962962962962963,0.08008008008008008,0.8818818818818819,0.06606606606606606,0.30930930930930933,0.9169169169169169,0.2772772772772773,0.016016016016016016,0.3893893893893894,0.09309309309309309,0.1091091091091091,0.6416416416416416,0
0.3483483483483483,0.4174174174174174,0.7497497497497497,0.7237237237237237,0.7417417417417418,0.7247247247247247,0.5325325325325325,0.7447447447447447,0.8038038038038038,0.8158158158158159,0.8088088088088088,0.7237237237237237,0.7697697697697697,0.2832832832832833,0.2042042042042042,0.7417417417417418,0.3433433433433433,0.3683683683683684,0.6416416416416416,0.8578578578578574,1
0.6026026026026026,0.43243243243243246,0.04904904904904905,0.5535535535535535,0.12812812812812813,0.8918918918918919,0.5295295295295295,0.4294294294294294,0.31431431431431434,0.6476476476476476,0.5775775775775776,0.03303303303303303,0.06406406406406406,0.5535535535535535,0.001001001001001001,0.5245245245245245,0.15315315315315314,0.27927927927927926,0.9619619619619619,0.25825825825825827,0
0.03303303303303303,0.7857857857857866,0.13313313313313313,0.08608608608608609,0.22922922922922923,0.7897897897897898,0.4164164164164164,0.007007007007007007,0.35935935935935936,0.06606606606606606,0.5825825825825826,0.014014014014014014,0.11211211211211211,0.983983983983984,0.36236236236236236,0.2072072072072072,0.3743743743743744,0.2082082082082082,0.5535535535535535,0.2182182182182182,0
0.7157157157157157,0.5885885885885885,0.7067067067067067,0.7447447447447447,0.5045045045045045,0.13513513513513514,0.36736736736736736,0.6476476476476476,0.33233233233233234,0.46046046046046046,0.28128128128128127,0.7547547547547547,0.8808808808808809,0.7137137137137137,0.948948948948949,0.17317317317317318,0.5515515515515516,0.044044044044044044,0.2222222222222222,0.7847847847847848,0
0.11011011011011011,0.5635635635635635,0.35335335335335344,0.6056056056056056,0.1111111111111111,0.29429429429429427,0.16616616616616617,0.0,0.672672672672673,0.5905905905905906,0.2652652652652653,0.7427427427427428,0.48148148148148145,0.23423423423423423,0.6936936936936937,0.2062062062062062,0.5745745745745746,0.6956956956956957,0.46146146146146144,0.1891891891891892,1
0.6726726726726727,0.07707707707707707,0.32932932932932935,0.44144144144144143,0.8138138138138138,0.4274274274274282,0.6916916916916916,0.3263263263263263,0.3283283283283284,0.7937937937937938,0.04604604604604605,0.4314314314314314,0.5595595595595596,0.15215215215215216,0.2112112112112112,0.5615615615615616,0.6136136136136137,0.8388388388388388,0.8068068068068068,0.13413413413413414,1
0.6696696696696697,0.055055055055055056,0.3353353353353353,0.48848848848848847,0.6496496496496497,0.6986986986986987,0.42842842842842843,0.3013013013013013,0.2182182182182182,0.6756756756756757,0.0970970970970971,0.4674674674674674,0.5305305305305306,0.15115115115115116,0.30930930930930933,0.5365365365365365,0.6866866866866876,0.8758758758758759,0.5365365365365365,0.016016016016016016,1
0.5355355355355356,0.6326326326326326,0.5365365365365365,0.9209209209209209,0.006006006006006006,0.8668668668668669,0.017017017017017015,0.6386386386386387,0.9079079079079045,0.5675675675675675,0.8108108108108109,0.8438438438438438,0.4944944944944945,0.6996996996996997,0.25625625625625625,0.5985985985985987,0.8548548548548548,0.6556556556556556,0.3133133133133133,0.4134134134134134,1
0.46146146146146144,0.5625625625625625,0.4084084084084084,0.2072072072072072,0.22322322322322322,0.15115115115115116,0.11411411411411411,0.3973973973973974,0.6626626626626636,0.7827827827827828,0.7547547547547547,0.9849849849849853,0.8588588588588588,0.03403403403403403,0.9219219219219219,0.3863863863863864,0.9409409409409409,0.5125125125125125,0.854854854854855,0.1021021021021021,1
0.08108108108108109,0.6746746746746747,0.8208208208208209,0.9769769769769769,0.39039039039039036,0.7717717717717718,0.7457457457457457,0.8768768768768769,0.9529529529529529,0.36736736736736736,0.5665665665665666,0.8128128128128128,0.22122122122122123,0.8838838838838838,0.4804804804804805,0.8588588588588588,0.5205205205205206,0.6166166166166166,0.27227227227227235,0.33533533533533527,1
0.4394394394394394,0.6316316316316316,0.7577577577577578,0.9229229229229229,0.4524524524524527,0.8708708708708709,0.3713713713713714,0.7337337337337337,0.5635635635635635,0.13013013013013014,0.8348348348348348,0.5475475475475475,0.22822822822822822,0.933933933933934,0.5035035035035035,0.7467467467467468,0.6346346346346347,0.6996996996996997,0.23623623623623624,0.3383383383383384,1
0.7287287287287287,0.97997997997998,0.5945945945945946,0.005005005005005005,0.04704704704704705,0.7867867867867868,0.06606606606606606,0.03903903903903904,0.8568568568568569,0.33033033033033,0.38538538538538536,0.24824824824824826,0.1871871871871872,0.5895895895895896,0.9039039039039038,0.6096096096096096,0.6376376376376376,0.05205205205205205,0.6396396396396397,0.6496496496496497,0
0.04004004004004004,0.6616616616616616,0.07807807807807808,0.015015015015015015,0.4264264264264264,0.3913913913913914,0.5705705705705706,0.023023023023023025,0.14114114114114115,0.016016016016016016,0.3743743743743744,0.023023023023023025,0.17417417417417416,0.955955955955956,0.5115115115115115,0.19019019019019018,0.4744744744744745,0.42842842842842843,0.4144144144144144,0.14714714714714713,0
0.6446446446446447,0.2172172172172172,0.4754754754754755,0.7607607607607607,0.9719719719719719,0.057057057057057055,0.6186186186186187,0.6736736736736737,0.013013013013013013,0.026026026026026026,0.33233233233233234,0.3933933933933934,0.5185185185185185,0.7657657657657657,0.6296296296296297,0.44744744744744747,0.988988988988989,0.4754754754754755,0.2752752752752753,0.4904904904904905,0
0.14114114114114115,0.927927927927925,0.95995995995996,0.6136136136136137,0.4474474474474474,0.4224224224224224,0.6016016016016016,0.9619619619619619,0.6856856856856857,0.028028028028028028,0.7887887887887888,0.7587587587587588,0.1061061061061061,0.6226226226226226,0.3433433433433434,0.8568568568568569,0.8278278278278275,0.32732732732732733,0.04904904904904905,0.91991991991992,1
0.5505505505505506,0.22822822822822822,0.8788788788788788,0.9049049049049049,0.8758758758758759,0.7257257257257257,0.954954954954955,0.9119119119119119,0.95995995995996,0.978978978978979,0.22622622622622626,0.7747747747747747,0.5585585585585585,0.21421421421421422,0.44044044044044045,0.9309309309309309,0.04604604604604605,0.07007007007007007,0.943943943943944,0.6766766766766769,1
0.4364364364364364,0.3233233233233234,0.9009009009009009,0.7207207207207207,0.8938938938938938,0.8878878878878872,0.5415415415415415,0.8108108108108109,0.8268268268268268,0.7447447447447447,0.7957957957957957,0.8098098098098098,0.8348348348348348,0.36436436436436437,0.5055055055055054,0.7747747747747747,0.35135135135135137,0.5735735735735735,0.45245245245245247,0.5875875875875876,1
0.14414414414414414,0.34934934934934936,0.11711711711711711,0.8998998998998999,0.7437437437437437,0.4014014014014014,0.995995995995996,0.93993993993994,0.6476476476476476,0.6166166166166166,0.8388388388388388,0.36436436436436437,0.08308308308308308,0.4624624624624625,0.0960960960960961,0.9319319319319319,0.005005005005004989,0.980980980980981,0.7887887887887888,0.8908908908908909,0
0.5695695695695696,0.7577577577577577,0.15415415415415415,0.5975975975975976,0.4124124124124124,0.10510510510510511,0.95995995995996,0.13713713713713713,0.37237237237237236,0.3663663663663664,0.2182182182182182,0.03003003003003003,0.005005005005005005,0.5915915915915916,0.03203203203203203,0.22522522522522523,0.3333333333333333,0.687687687687686,0.28428428428428426,0.9129129129129129,0
0.43743743743743746,0.9409409409409409,0.17317317317317318,0.3203203203203203,0.11811811811811812,0.12812812812812813,0.6826826826826827,0.3283283283283285,0.25925925925925924,0.24924924924924924,0.7757757757757757,0.12712712712712712,0.34734734734734735,0.9099099099099099,0.15915915915915915,0.023023023023023025,0.18618618618618618,0.16016016016016016,0.17317317317317318,0.5985985985985985,0
0.14914914914914915,0.23623623623623624,0.5425425425425425,0.7997997997997998,0.6446446446446447,0.5345345345345345,0.5935935935935935,0.6436436436436437,0.6086086086086087,0.9319319319319319,0.25325325325325326,0.6396396396396397,0.8768768768768769,0.0960960960960961,0.04704704704704705,0.6716716716716716,0.2222222222222222,0.29429429429429427,0.6986986986986987,0.9729729729729729,1
0.3403403403403403,0.5745745745745746,0.04004004004004004,0.3363363363363363,0.13313313313313313,0.3163163163163163,0.35235235235235235,0.25925925925925924,0.11811811811811812,0.4134134134134134,0.6266266266266266,0.2072072072072072,0.3743743743743744,0.5395395395395395,0.45545545545545546,0.2992992992992993,0.43743743743743746,0.03903903903903904,0.8858858858858859,0.18518518518518517,0
0.7757757757757757,0.3283283283283285,0.6836836836836837,0.22822822822822822,0.5065065065065065,0.948948948948949,0.39539539539539537,0.5845845845845846,0.5455455455455456,0.9259259259259259,0.19519519519519518,0.5465465465465466,0.5655655655655656,0.06806806806806892,0.6926926926926927,0.8278278278278278,0.33933933933933935,0.2782782782782783,0.8648648648648793,0.5225225225225225,1
0.8878878878878878,0.6766766766766767,0.40540540540540543,0.13913913913913914,0.03303303303303303,0.8908908908908909,0.001001001001001001,0.14114114114114115,0.4994994994994995,0.3963963963963964,0.23923923923923923,0.3973973973973974,0.48348348348348347,0.5275275275275275,0.8308308308308309,0.6666666666666666,0.992992992992993,0.46846846846846846,0.6816816816816816,0.8178178178178178,0
0.6826826826826827,0.4194194194194194,0.8018018018018018,0.02002002002002002,0.6546546546546547,0.933933933933934,0.2982982982982983,0.21521521521521522,0.4954954954954955,0.5335335335335335,0.11911911911911911,0.32432432432432434,0.5415415415415415,0.24624624624624625,0.8148148148148148,0.7687687687687688,0.5045045045045045,0.32232232232232233,0.6246246246246246,0.7367367367367368,1
0.992992992992993,0.27927927927927926,0.35835835835835833,0.7057057057057057,0.5155155155155156,0.13713713713713713,0.43343343343343343,0.9679679679679679,0.12712712712712712,0.5705705705705706,0.7337337337337337,0.6796796796796797,0.7427427427427428,0.6096096096096096,0.6206206206206206,0.34734734734734735,0.5845845845845846,0.6866866866866886,0.3033033033033033,0.6296296296296297,0
0.9449449449449452,0.3153153153153153,0.9719719719719719,0.9099099099099099,0.6566566566566566,0.2652652652652653,0.11011011011011011,0.9569569569569569,0.2982982982982983,0.5515515515515516,0.8258258258258259,0.933933933933934,1.0,0.5455455455455456,0.965965965965966,0.14614614614614616,0.5975975975975976,0.3893893893893894,0.06806806806806806,0.48348348348348347,0
0.8478478478478478,0.41041041041041043,0.9729729729729731,0.4124124124124124,0.7217217217217217,0.5375375375375375,0.8608608608608609,0.5615615615615616,0.6436436436436437,0.9109109109109109,0.11311311311311312,0.6116116116116116,0.4954954954954955,0.026026026026026026,0.943943943943944,0.7377377377377378,0.2082082082082082,0.17017017017017017,0.3783783783783784,0.5045045045045047,1
0.5975975975975976,0.2982982982982983,0.9179179179179175,0.5245245245245245,0.5845845845845846,0.8818818818818819,0.2732732732732733,0.06406406406406406,0.8368368368368369,0.8008008008008007,0.07807807807807808,0.5675675675675675,0.6396396396396397,0.03303303303303303,0.7547547547547547,0.6596596596596597,0.48848848848848847,0.44344344344344344,0.43343343343343343,0.6956956956956957,1
0.7787787787787788,0.1891891891891892,0.8958958958958959,0.44644644644644643,0.997997997997998,0.6886886886886887,0.8688688688688688,0.16816816816816815,0.5565565565565566,0.7457457457457457,0.11611611611611629,0.19019019019019018,0.5195195195195195,0.31431431431431434,0.6696696696696697,0.6166166166166166,0.1981981981981982,0.37237237237237236,0.6206206206206206,0.6546546546546547,1
0.5545545545545546,0.26326326326326327,0.5685685685685685,0.6276276276276276,0.7267267267267268,0.706706706706707,0.7287287287287287,0.8098098098098098,0.47847847847847846,0.9419419419419419,0.5345345345345345,0.5995995995995996,0.9029029029029029,0.4184184184184184,0.3683683683683684,0.6106106106106106,0.011011011011011011,0.19119119119119118,0.8278278278278278,0.5595595595595596,1
0.007007007007007007,0.3163163163163163,0.7287287287287287,0.7857857857857858,0.5655655655655656,0.8518518518518519,0.08308308308308308,0.6116116116116116,0.5675675675675675,0.5395395395395396,0.7407407407407407,0.8698698698698699,0.980980980980981,0.32432432432432434,0.4244244244244244,0.5405405405405406,0.4954954954954955,0.6946946946946947,0.3083083083083083,0.5955955955955956,1
0.19019019019019018,0.2092092092092092,0.7527527527527528,0.9719719719719719,0.8918918918918919,0.6666666666666667,0.8218218218218218,0.8478478478478458,0.6996996996996997,0.6926926926926927,0.5535535535535535,0.7657657657657657,0.5375375375375375,0.33433433433433435,0.43543543543543545,0.8858858858858859,0.3843843843843844,0.6546546546546547,0.5585585585585585,0.5275275275275275,1
0.4424424424424425,0.17617617617617617,0.8628628628628628,0.9119119119119119,0.8898898898898899,0.8098098098098098,0.8798798798798799,0.8708708708708709,0.9629629629629629,0.948948948948949,0.3483483483483484,0.8408408408408409,0.7747747747747747,0.4244244244244244,0.44544544544544545,0.8348348348348348,0.11511511511511512,0.5275275275275275,0.7357357357357357,0.4804804804804805,1
0.7957957957957958,0.26226226226226224,0.5915915915915916,0.7137137137137137,0.8418418418418419,0.23623623623623652,0.26726726726726724,0.8418418418418419,0.20520520520520522,0.2182182182182182,0.7807807807807807,0.6726726726726726,0.7887887887887888,0.6256256256256256,0.6656656656656657,0.4894894894894895,0.96996996996997,0.7257257257257257,0.2852852852852853,0.6386386386386387,0
0.9469469469469469,0.5145145145145145,0.6656656656656657,0.6216216216216216,0.6196196196196196,0.16716716716716717,0.5435435435435435,0.9629629629629629,0.14614614614614616,0.3863863863863864,0.8298298298298298,0.6986986986986987,0.8488488488488488,0.8828828828828829,0.8378378378378377,0.1871871871871872,0.5075075075075075,0.3763763763763764,0.1791791791791792,0.4894894894894895,0
0.17417417417417416,0.6876876876876875,0.17717717717717718,0.15815815815815815,0.04204204204204204,0.005005005005005005,0.6806806806806794,0.08508508508508508,0.9089089089089089,0.9209209209209209,0.2552552552552552,0.9349349349349297,0.5575575575575575,0.14014014014014015,0.6086086086086087,0.16516516516516513,0.5665665665665666,0.6516516516516516,0.8508508508508509,0.2272272272272272,1
0.006006006006006006,0.92992992992993,0.1061061061061061,0.3763763763763764,0.17017017017017008,0.14514514514514515,0.8588588588588588,0.6606606606606605,0.35735735735735735,0.12012012012012012,0.9569569569569569,0.37737737737737737,0.32932932932932935,0.9819819819819819,0.062062062062062065,0.13913913913913914,0.3963963963963964,0.4914914914914915,0.25925925925925924,0.3983983983983984,0
0.3843843843843844,0.7587587587587588,0.9099099099099099,0.7657657657657657,0.15915915915915915,0.7747747747747747,0.24724724724724725,0.7867867867867868,0.8018018018018018,0.2882882882882883,0.4034034034034034,0.8328328328328328,0.36236236236236236,0.6526526526526526,0.4184184184184184,0.7137137137137137,0.7657657657657657,0.5075075075075075,0.09309309309309309,0.6286286286286287,1
0.5395395395395395,0.9769769769769769,0.21621621621621628,0.31431431431431434,0.16416416416416416,0.03203203203203203,0.8188188188188188,0.043043043043043044,0.34134134134134136,0.2962962962962963,0.5305305305305306,0.0970970970970971,0.07507507507507508,0.5355355355355356,0.35835835835835883,0.035035035035035036,0.13813813813813813,0.3783783783783784,0.14914914914914915,0.8898898898898899,0
0.38238238238238237,0.11711711711711711,0.5895895895895896,0.95995995995996,0.8678678678678678,0.5415415415415415,0.933933933933934,0.918918918918919,0.4164164164164164,0.8948948948948948,0.3233233233233233,0.7877877877877877,0.5405405405405406,0.12512512512512514,0.5575575575575575,0.8798798798798799,0.06006006006006006,0.5905905905905906,0.7397397397397397,0.34234234234234234,1
0.037037037037037035,0.5535535535535535,0.005005005005005005,0.23823823823823823,0.24424424424424424,0.4024024024024024,0.8928928928928929,0.4394394394394394,0.16016016016016005,0.22322322322322322,0.40540540540540543,0.07807807807807808,0.029029029029029027,0.7377377377377378,0.46846846846846846,0.464464464464465,0.1061061061061061,0.7847847847847848,0.6216216216216216,0.11611611611611611,0
0.9819819819819819,0.7437437437437437,0.42842842842842843,0.18118118118118118,0.45845845845845845,0.6776776776776776,0.16516516516516516,0.21921921921921922,0.8468468468468469,0.4894894894894895,0.8708708708708709,0.1701701701701701,0.2982982982982983,0.5585585585585585,0.6226226226226226,0.6576576576576576,0.5695695695695696,0.6686686686686687,0.955955955955956,0.8278278278278262,0
0.8228228228228228,0.7057057057057057,0.5805805805805806,0.4314314314314314,0.32032032032032026,0.7827827827827828,0.04704704704704705,0.17117117117117117,0.8518518518518519,0.47847847847847846,0.5375375375375375,0.3853853853853853,0.43343343343343343,0.5295295295295295,0.6616616616616616,0.6286286286286287,0.7777777777777778,0.5345345345345345,0.7387387387387387,0.6036036036036037,0
0.8078078078078076,0.5045045045045045,0.5435435435435435,0.7187187187187187,0.8108108108108109,0.02002002002002002,0.7527527527527528,0.8018018018018018,0.035035035035035036,0.13513513513513514,0.5555555555555556,0.5145145145145145,0.8128128128128128,0.998998998998999,0.9449449449449463,0.07107107107107107,0.5235235235235235,0.4134134134134134,0.11511511511511512,0.4294294294294294,0
0.016016016016016016,0.4214214214214214,0.6086086086086087,0.8098098098098098,0.5585585585585585,0.6376376376376376,0.2012012012012012,0.6096096096096096,0.5145145145145145,0.6696696696696697,0.7917917917917918,0.6846846846846847,0.8398398398398398,0.11411411411411411,0.044044044044044044,0.5935935935935935,0.43843843843843844,0.25325325325325326,0.4424424424424425,0.9139139139139139,1
0.2682682682682683,0.997997997997998,0.22422422422422422,0.1891891891891892,0.17917917917917917,0.009009009009009009,0.6886886886886887,0.03003003003003003,0.36736736736736736,0.024024024024024024,0.9449449449449451,0.16516516516516516,0.10710710710710711,0.8418418418418419,0.46646646646646645,0.02102102102102102,0.48348348348348347,0.6636636636636637,0.0920920920920921,0.6686686686686687,0
0.8888888888888888,0.6436436436436437,0.2752752752752753,0.5685685685685685,0.1091091091091091,0.7797797797797797,0.004004004004004004,0.2782782782782783,0.4474474474474474,0.16116116116116116,0.6436436436436437,0.27227227227227235,0.34134134134134136,0.8648648648648674,0.7737737737737738,0.6566566566566566,0.997997997997998,0.8068068068068068,0.5605605605605606,0.6876876876876877,0
0.34234234234234234,0.3403403403403403,0.2922922922922923,0.6526526526526526,0.6106106106106106,0.7297297297297297,0.9479479479479479,0.9669669669669669,0.5395395395395397,0.5815815815815816,0.5885885885885885,0.5245245245245245,0.29929929929929944,0.35735735735735735,0.3313313313313313,0.9469469469469469,0.08708708708708708,0.9129129129129129,0.5735735735735735,0.8158158158158159,0
0.26426426426426425,0.7087087087087087,0.12912912912912913,0.4984984984984985,0.050050050050050046,0.12412412412412413,0.20020020020020018,0.0960960960960961,0.5885885885885885,0.7007007007007005,0.6626626626626633,0.8428428428428428,0.6056056056056056,0.4744744744744745,0.6416416416416416,0.17717717717717718,0.6126126126126126,0.4294294294294294,0.9219219219219219,0.2872872872872873,1
0.8168168168168168,0.6916916916916916,0.4804804804804805,0.30430430430430433,0.3023023023023023,0.6906906906906907,0.03203203203203203,0.011011011011011011,0.7047047047047047,0.45845845845845845,0.37737737737737737,0.24324324324324323,0.47047047047047047,0.6266266266266266,0.7307307307307307,0.39039039039039036,0.7017017017017017,0.48148148148148145,0.7287287287287287,0.44644644644644643,0
0.7527527527527528,0.21921921921921922,0.92992992992993,0.9079079079079079,0.97997997997998,0.21021021021021022,0.2042042042042042,0.7817817817817818,0.12212212212212212,0.1031031031031031,0.5485485485485485,0.7717717717717718,0.958958958958959,0.6506506506506506,0.8258258258258259,0.2972972972972973,0.986986986986987,0.5325325325325325,0.06906906906906907,0.6606606606606605,0
0.998998998998999,0.8008008008008007,0.5025025025025025,0.32232232232232233,0.41541541541541543,0.5405405405405406,0.005005005005005005,0.36236236236236236,0.4274274274274277,0.09009009009009009,0.8628628628628628,0.19519519519519518,0.42342342342342343,0.9079079079079063,0.9679679679679679,0.5855855855855856,0.998998998998999,0.7507507507507503,0.4074074074074074,0.98998998998999,0
0.33533533533533016,0.7747747747747747,0.22922922922922923,0.5655655655655656,0.44144144144144143,0.25425425425425424,0.7697697697697697,0.27627627627627627,0.17317317317317318,0.16416416416416416,0.5325325325325325,0.06906906906906907,0.1931931931931932,0.6146146146146146,0.3163163163163163,0.08408408408408408,0.1031031031031031,0.5845845845845846,0.14714714714714713,0.6256256256256256,0
0.8658658658658659,0.8688688688688688,0.45845845845845845,0.4144144144144144,0.3433433433433453,0.8398398398398398,0.25325325325325326,0.6126126126126126,0.7127127127127127,0.1111111111111111,0.9249249249249262,0.25125125125125125,0.04904904904904905,0.954954954954955,0.8898898898898899,0.8898898898898899,0.7447447447447447,0.7687687687687688,0.5855855855855856,0.85985985985986,0
0.7047047047047047,0.07407407407407407,0.3483483483483493,0.4854854854854855,0.8318318318318318,0.8198198198198198,0.38538538538538525,0.25725725725725723,0.3913913913913914,0.6906906906906906,0.07907907907907907,0.4034034034034034,0.6026026026026026,0.3633633633633634,0.3793793793793794,0.6796796796796797,0.8578578578578578,0.9209209209209209,0.9229229229229229,0.23923923923923923,1
0.6566566566566592,0.17117117117117117,0.6576576576576576,0.22522522522522523,0.7157157157157157,0.950950950950951,0.34134134134134136,0.46646646646646645,0.3783783783783784,0.5575575575575575,0.14114114114114115,0.3023023023023023,0.5475475475475475,0.3083083083083083,0.7537537537537538,0.8288288288288288,0.4894894894894895,0.23223223223223222,0.8318318318318318,0.45145145145145144,1
0.37537537537537535,0.4474474474474474,0.9219219219219219,0.7387387387387387,0.95995995995996,0.6496496496496497,0.7277277277277276,0.7247247247247247,0.7547547547547547,0.8188188188188188,0.8638638638638638,0.6346346346346347,0.91991991991992,0.4864864864864866,0.27927927927927926,0.5305305305305306,0.04904904904904905,0.05405405405405406,0.4364364364364364,0.6626626626626627,1
0.04604604604604605,0.12212212212212212,0.16116116116116116,0.9519519519519519,0.5285285285285285,0.6316316316316316,0.92992992992993,0.8608608608608609,0.4674674674674675,0.6396396396396397,0.27127127127127126,0.6176176176176176,0.37237237237237236,0.2732732732732733,0.2902902902902903,0.9209209209209209,0.17417417417417425,0.986986986986987,0.44844844844844844,0.5965965965965966,0
0.5655655655655656,0.3783783783783784,0.04604604604604605,0.5505505505505506,0.4034034034034034,0.3603603603603603,0.9319319319319319,0.6326326326326326,0.14214214214214213,0.5375375375375375,0.34234234234234234,0.16316316316316315,0.08708708708708708,0.5655655655655656,0.3123123123123123,0.6256256256256256,0.10010010010010009,0.4144144144144144,0.8978978978978951,0.16616616616616617,0
0.16416416416416416,0.5445445445445447,0.009009009009009009,0.44844844844844844,0.2262262262262263,0.34234234234234234,0.6946946946946947,0.5145145145145145,0.11011011011011011,0.3383383383383383,0.39039039039039036,0.14914914914914915,0.27627627627627627,0.7157157157157157,0.5325325325325325,0.41541541541541543,0.25125125125125125,0.5465465465465466,0.7207207207207201,0.2602602602602603,0
0.2962962962962963,0.3183183183183183,0.6686686686686687,0.8078078078078078,0.7117117117117117,0.6816816816816816,0.7467467467467468,0.8118118118118118,0.9229229229229229,0.8518518518518519,0.27227227227227224,0.7287287287287287,0.6016016016016016,0.34634634634634637,0.2082082082082082,0.9099099099099099,0.44144144144144143,0.48848848848848847,0.8758758758758759,0.950950950950951,1
0.06606606606606606,0.9289289289289308,0.3893893893893894,0.43743743743743735,0.4214214214214214,0.3213213213213213,0.5345345345345345,0.4264264264264264,0.28128128128128127,0.10510510510510511,0.9069069069069069,0.08708708708708708,0.38238238238238237,0.8058058058058059,0.2022022022022022,0.0960960960960961,0.1091091091091091,0.002002002002002002,0.2082082082082082,0.6756756756756757,0
0.7587587587587588,0.5035035035035035,0.8848848848848849,0.6906906906906907,0.6056056056056056,0.2132132132132132,0.5385385385385385,0.7997997997997998,0.2772772772772773,0.32032032032032026,0.4574574574574575,0.8388388388388388,0.8788788788788788,0.8988988988988988,0.9629629629629629,0.1041041041041041,0.5225225225225225,0.5425425425425425,0.017017017017017015,0.3313313313313316,0
0.3883883883883884,0.3793793793793794,0.7547547547547547,0.6956956956956957,0.6466466466466466,0.8048048048048048,0.4574574574574573,0.7567567567567568,0.8398398398398398,0.9159159159159159,0.4444444444444444,0.7567567567567568,0.8578578578578576,0.1841841841841842,0.17217217217217218,0.8058058058058059,0.3563563563563564,0.12412412412412413,0.7837837837837838,0.938938938938939,1
0.08408408408408408,0.6646646646646647,0.06906906906906907,0.4174174174174174,0.2822822822822823,0.28428428428428426,0.4844844844844845,0.15515515515515516,0.13213213213213212,0.3333333333333333,0.9159159159159159,0.17917917917917922,0.4174174174174174,0.6316316316316316,0.45745745745745053,0.1021021021021021,0.2852852852852853,0.022022022022022022,0.6256256256256256,0.14614614614614616,0
0.25825825825825827,0.5305305305305306,0.03803803803803804,0.4844844844844845,0.22422422422422422,0.6656656656656657,0.7587587587587588,0.4374374374374374,0.2802802802802803,0.35535535535535395,0.6186186186186187,0.06806806806806828,0.02002002002002002,0.6706706706706707,0.15115115115115116,0.5515515515515516,0.23123123123123124,0.6726726726726726,0.8248248248248248,0.12912912912912913,0
0.27227227227227224,0.14814814814814814,0.4174174174174174,0.6696696696696697,0.9159159159159159,0.7577577577577577,0.9059059059059059,0.7847847847847848,0.7837837837837838,0.7237237237237237,0.6156156156156156,0.6266266266266266,0.4794794794794795,0.05105105105105105,0.3813813813813814,0.9279279279279277,0.16016016016016016,0.963963963963964,0.6886886886886887,0.7917917917917918,0
0.07707707707707707,0.6726726726726726,0.1041041041041041,0.2602602602602603,0.21421421421421422,0.5495495495495496,0.4854854854854855,0.24524524524524524,0.23923923923923923,0.18018018018018014,0.7947947947947948,0.12912912912912913,0.2852852852852853,0.8918918918918919,0.5205205205205206,0.1981981981981982,0.24424424424424424,0.4044044044044044,0.39539539539539537,0.12812812812812813,0
0.6456456456456456,0.11811811811811813,0.43843843843843844,0.47647647647647645,0.7937937937937938,0.5885885885885885,0.6166166166166166,0.07407407407407407,0.39039039039039036,0.6866866866866866,0.09109109109109109,0.16616616616616617,0.6256256256256256,0.5015015015015015,0.5875875875875876,0.3713713713713714,0.4014014014014014,0.7277277277277272,0.6006006006006006,0.43043043043043044,1
0.5265265265265265,0.48848848848848847,0.056056056056056056,0.08508508508508508,0.10710710710710711,0.5555555555555556,0.2782782782782783,0.20020020020020018,0.1021021021021021,0.45545545545545546,0.44744744744744747,0.16816816816816824,0.44544544544544545,0.6306306306306306,0.5105105105105104,0.17017017017017017,0.3633633633633634,0.2172172172172172,0.7417417417417418,0.04704704704704705,0
0.10010010010010009,0.2602602602602603,0.7487487487487487,0.7667667667667668,0.6376376376376376,0.8058058058058059,0.45145145145145144,0.6066066066066066,0.6926926926926927,0.8488488488488488,0.23523523523523523,0.7217217217217217,0.7937937937937938,0.07707707707707707,0.30430430430430433,0.7147147147147147,0.3483483483483483,0.2952952952952953,0.4874874874874875,0.8388388388388388,1
0.3183183183183183,0.5615615615615616,0.25625625625625625,0.17317317317317318,0.47647647647647645,0.3583583583583584,0.7227227227227228,0.024024024024024024,0.19519519519519518,0.07807807807807808,0.2922922922922923,0.06406406406406406,0.18118118118118118,0.938938938938939,0.6026026026026026,0.15415415415415415,0.45545545545545546,0.26326326326326327,0.35035035035035017,0.017017017017017015,0
0.4944944944944945,0.48648648648648646,0.45145145145145144,0.6406406406406406,0.5805805805805806,0.9179179179179179,0.9619619619619619,0.8888888888888888,0.93993993993994,0.6156156156156156,0.5855855855855856,0.45545545545545546,0.0990990990990991,0.42842842842842843,0.3533533533533533,0.973973973973974,0.1011011011011011,0.8948948948948904,0.6786786786786787,0.8628628628628628,0
0.2862862862862863,0.2852852852852853,0.8298298298298298,0.8838838838838838,0.7097097097097097,0.6176176176176176,0.6136136136136137,0.8578578578578575,0.8068068068068068,0.923923923923924,0.5395395395395395,0.8858858858858859,0.7947947947947948,0.08208208208208208,0.16016016016016016,0.8338338338338338,0.3943943943943944,0.14514514514514515,0.6586586586586587,0.7307307307307307,1
0.6206206206206206,0.968968968968969,0.4724724724724733,0.38738738738738737,0.2272272272272272,0.3073073073073073,0.0990990990990991,0.22122122122122123,0.47647647647647645,0.22622622622622623,0.7077077077077076,0.2502502502502503,0.4574574574574575,0.8108108108108109,0.7047047047047047,0.3173173173173173,0.5615615615615616,0.035035035035035036,0.33133133133133136,0.9849849849849851,0
0.923923923923924,0.0970970970970971,0.3943943943943944,0.23923923923923923,0.7167167167167169,0.4474474474474474,0.5305305305305306,0.5305305305305306,0.2652652652652653,0.7267267267267287,0.04704704704704705,0.5575575575575575,0.5845845845845846,0.14914914914914915,0.5945945945945946,0.6046046046046046,0.7527527527527528,0.8728728728728729,0.5035035035035035,0.1881881881881882,1
0.5875875875875876,0.7257257257257257,0.5235235235235235,0.4944944944944945,0.0960960960960961,0.5875875875875876,0.043043043043043044,0.02002002002002002,0.3843843843843844,0.0990990990990991,0.24524524524524524,0.28928928928928926,0.15615615615615616,0.5855855855855856,0.7007007007007005,0.4964964964964965,0.963963963963964,0.11311311311311312,0.3123123123123123,0.30930930930930933,0
0.933933933933934,0.4544544544544544,0.8968968968968969,0.8008008008008007,0.8798798798798799,0.16116116116116116,0.5065065065065065,0.9459459459459459,0.16716716716716717,0.4224224224224224,0.963963963963964,0.8058058058058059,0.8018018018018018,0.5215215215215215,0.7607607607607602,0.3073073073073073,0.5265265265265265,0.08008008008008008,0.2022022022022022,0.4944944944944945,0
0.7067067067067067,0.8208208208208209,0.4194194194194194,0.5055055055055048,0.2092092092092092,0.6366366366366366,0.13313313313313313,0.2112112112112112,0.6056056056056056,0.23923923923923923,0.5905905905905906,0.23523523523523523,0.17317317317317318,0.8348348348348348,0.8318318318318318,0.6326326326326326,0.7317317317317317,0.5265265265265265,0.5935935935935935,0.48848848848848847,0
0.20520520520520522,0.7337337337337337,0.7887887887887888,0.988988988988989,0.38238238238238237,0.6276276276276276,0.5055055055055055,0.7387387387387387,0.6706706706706649,0.26226226226226224,0.7187187187187187,0.5865865865865866,0.18618618618618618,0.7197197197197197,0.21021021021021022,0.7397397397397397,0.5365365365365365,0.35535535535535534,0.2032032032032032,0.7237237237237237,1
0.25425425425425424,0.4804804804804805,0.5325325325325325,0.9649649649649652,0.8598598598598598,0.30930930930930933,0.993993993993994,0.6926926926926927,0.8278278278277925,0.4344344344344344,0.3783783783783784,0.43743743743743746,0.02702702702702703,0.46846846846846846,0.45845845845845845,0.8998998998998999,0.24524524524524524,0.9019019019019019,0.3263263263263263,0.8218218218218218,0
0.5525525525525525,0.3353353353353353,0.30930930930930933,0.6986986986986987,0.5085085085085085,0.8678678678678671,0.8578578578578578,0.948948948948949,0.9179179179179164,0.8318318318318318,0.9119119119119119,0.6906906906906902,0.3083083083083083,0.25425425425425424,0.35135135135135137,0.980980980980981,0.3083083083083083,0.8928928928928929,0.968968968968969,0.49249249249249255,0
0.5115115115115115,0.8808808808808809,0.17617617617617617,0.1921921921921922,0.2882882882882883,0.0970970970970971,0.8378378378378377,0.46246246246246264,0.25325325325325326,0.23523523523523523,0.38038038038038036,0.12012012012012012,0.2022022022022022,0.6926926926926927,0.15715715715715717,0.08208208208208208,0.28128128128128127,0.4774774774774774,0.17717717717717718,0.8998998998998999,0
0.7697697697697697,0.5275275275275275,0.6846846846846847,0.8408408408408409,0.7377377377377373,0.1041041041041041,0.3633633633633652,0.7097097097097097,0.27227227227227224,0.22122122122122123,0.5145145145145145,0.6276276276276276,0.8828828828828829,0.9159159159159159,0.9309309309309309,0.22822822822822822,0.7807807807807807,0.4574574574574575,0.19119119119119118,0.9379379379379377,0
0.4064064064064064,0.8418418418418419,0.04504504504504504,0.3613613613613614,0.16516516516516516,0.024024024024024024,0.9229229229229229,0.4074074074074074,0.1091091091091091,0.25325325325325326,0.26926926926926925,0.13213213213213212,0.10510510510510511,0.5605605605605606,0.3303303303303303,0.06706706706706707,0.12612612612612611,0.7427427427427428,0.14314314314314314,0.7807807807807807,0
0.955955955955956,0.4274274274274274,0.9829829829829831,0.1041041041041041,0.9879879879879879,0.5525525525525525,0.8448448448448448,0.3153153153153153,0.7297297297297297,0.8388388388388388,0.15015015015015015,0.3783783783783784,0.6226226226226226,0.34134134134134136,0.978978978978979,0.5625625625625625,0.18218218218218218,0.11511511511511512,0.5845845845845846,0.6326326326326326,1
0.8268268268268268,0.7687687687687688,0.4034034034034034,0.4064064064064064,0.0920920920920921,0.8358358358358359,0.07807807807807808,0.5085085085085085,0.6426426426426426,0.3433433433433438,0.5245245245245245,0.3553553553553553,0.21021021021021022,0.6826826826826827,0.7657657657657657,0.8158158158158159,0.8498498498498498,0.6256256256256256,0.7277277277277278,0.5945945945945946,0
0.8398398398398398,0.0920920920920921,0.08508508508508508,0.22022022022022023,0.7007007007007007,0.3963963963963964,0.3183183183183183,0.49749749749749705,0.2782782782782783,0.6576576576576576,0.20520520520520522,0.4074074074074074,0.7777777777777778,0.4874874874874872,0.3363363363363363,0.4874874874874875,0.8668668668668669,0.9619619619619619,0.9579579579579578,0.23423423423423423,1
0.21921921921921922,0.6806806806806803,0.22322322322322322,0.2902902902902903,0.04104104104104105,0.23423423423423423,0.08408408408408408,0.34734734734734735,0.6746746746746747,0.7477477477477477,0.8768768768768769,0.93993993993994,0.7767767767767768,0.3203203203203203,0.8778778778778779,0.42042042042042044,0.8408408408408409,0.16616616616616617,0.988988988988989,0.13713713713713713,1
0.056056056056056056,0.8488488488488488,0.1781781781781782,0.4494494494494494,0.26326326326326327,0.25825825825825827,0.7237237237237237,0.35735735735735735,0.25225225225225234,0.22022022022022023,0.7297297297297297,0.15115115115115116,0.3163163163163163,0.7697697697697697,0.18218218218218218,0.07507507507507508,0.12712712712712712,0.15215215215215216,0.2602602602602603,0.3603603603603599,0
0.17117117117117117,0.7817817817817818,0.7567567567567568,0.9619619619619619,0.14014014014014015,0.7917917917917918,0.3253253253253253,0.7697697697697697,0.6646646646646647,0.14814814814814814,0.9379379379379379,0.6146146146146146,0.0890890890890891,0.8998998998998999,0.07507507507507508,0.7107107107107106,0.7247247247247247,0.4014014014014014,0.1781781781781782,0.35035035035035034,1
0.5275275275275275,0.975975975975976,0.16916916916916916,0.23623623623623627,0.15815815815815815,0.06806806806806806,0.7937937937937938,0.42842842842842843,0.2862862862862863,0.4324324324324325,0.8418418418418419,0.1781781781781782,0.4224224224224224,0.7117117117117117,0.4754754754754755,0.02702702702702703,0.007007007007007007,0.03803803803803804,0.24924924924924924,0.8148148148148148,0
0.6846846846846847,0.15715715715715717,0.45545545545545546,0.33133133133133197,0.5985985985985987,0.6896896896896897,0.5585585585585585,0.24224224224224225,0.41041041041041043,0.8678678678678671,0.07207207207207207,0.30430430430430433,0.7027027027027027,0.3913913913913914,0.6736736736736737,0.5335335335335335,0.2822822822822823,0.5645645645645646,0.8128128128128128,0.5845845845845846,1
0.6366366366366366,0.5925925925925926,0.35935935935935936,0.6086086086086087,0.062062062062062065,0.48148148148148145,0.024024024024024024,0.12412412412412413,0.4444444444444444,0.27227227227227263,0.333333333333339,0.4364364364364364,0.33533533533533455,0.6666666666666666,0.6186186186186187,0.5165165165165165,1.0,0.6786786786786787,0.4164164164164164,0.3123123123123123,0
0.2972972972972973,0.6346346346346347,0.07307307307307308,0.5775775775775776,0.05205205205205205,0.8598598598598599,0.47147147147147145,0.44244244244244246,0.34934934934934936,0.4844844844844845,0.9319319319319319,0.12112112112112113,0.16216216216216217,0.7447447447447447,0.24224224224224225,0.36936936936936937,0.025025025025025023,0.3173173173173173,0.7377377377377378,0.2012012012012012,0
0.4934934934934935,0.7427427427427428,0.02102102102102102,0.05205205205205205,0.1981981981981982,0.06506506506506507,0.8848848848848858,0.5325325325325325,0.028028028028028028,0.27127127127127126,0.24924924924924924,0.06506506506506507,0.33233233233233234,0.8388388388388388,0.029029029029029027,0.04004004004003976,0.13613613613613612,0.6416416416416416,0.1871871871871872,0.5775775775775776,0
0.4744744744744745,0.6336336336336337,0.12212212212212212,0.15415415415415415,0.12012012012012012,0.6706706706706704,0.22322322322322322,0.11211211211211211,0.2022022022022022,0.4194194194194194,0.7877877877877877,0.05905905905905906,0.4444444444444444,0.7897897897897898,0.18018018018017998,0.08308308308308308,0.16316316316316315,0.04004004004004004,0.5145145145145145,0.18618618618618618,0
0.32532532532532515,0.7397397397397397,0.7477477477477478,0.8608608608608609,0.23823823823823823,0.46646646646646645,0.3083083083083083,0.7897897897897898,0.6156156156156156,0.3153153153153153,0.7357357357357357,0.7037037037037037,0.39039039039039036,0.6846846846846847,0.055055055055055056,0.6086086086086087,0.7007007007007002,0.38738738738738737,0.15815815815815815,0.7497497497497497,1
0.15115115115115116,0.3933933933933934,0.23423423423423423,0.8268268268268268,0.6226226226226226,0.9149149149149147,0.9119119119119119,0.8978978978978973,0.5945945945945946,0.48648648648648646,0.5435435435435435,0.3583583583583591,0.25925925925925924,0.4574574574574575,0.5065065065065065,0.9829829829829831,0.07207207207207207,0.91991991991992,0.8038038038038038,0.991991991991992,0
0.14314314314314314,0.48748748748748744,0.4144144144144144,0.6596596596596597,0.8658658658658659,0.23223223223223222,0.998998998998999,0.9079079079079079,0.7907907907907907,0.4874874874874875,0.8618618618618619,0.7097097097097097,0.07307307307307308,0.3713713713713714,0.18518518518518517,0.9259259259259259,0.44044044044044045,0.8298298298298298,0.7147147147147147,0.3213213213213213,0
0.15215215215215216,0.6536536536536537,0.36036036036036034,0.14814814814814814,0.13413413413413414,0.22022022022022023,0.06006006006006006,0.35235235235235235,0.42042042042042044,0.6556556556556556,0.8698698698698699,0.9379379379379379,0.9269269269269269,0.15715715715715717,0.7187187187187187,0.20020020020020018,0.7287287287287287,0.06806806806806806,0.6856856856856857,0.16016016016016016,1
0.31431431431431434,0.4314314314314314,0.03303303303303303,0.43543543543543545,0.24724724724724725,0.7877877877877877,0.2062062062062062,0.36436436436436437,0.08608608608608609,0.4024024024024024,0.9099099099099099,0.09009009009009009,0.4244244244244244,0.5805805805805806,0.05105105105105105,0.2922922922922923,0.3253253253253252,0.3153153153153153,0.8458458458458459,0.15315315315315314,0
0.46346346346346345,0.7847847847847848,0.9429429429429429,0.980980980980981,0.43343343343343343,0.7947947947947948,0.5775775775775776,0.7317317317317317,0.8958958958958959,0.20020020020020018,0.8138138138138138,0.6496496496496497,0.0940940940940941,0.8288288288288288,0.5865865865865866,0.7807807807807807,0.5295295295295295,0.6426426426426426,0.13213213213213212,0.44844844844844844,1
0.017017017017017015,0.1901901901901899,0.3923923923923924,0.7617617617617618,0.5175175175175175,0.9309309309309309,0.0970970970970971,0.6976976976976977,0.4184184184184184,0.5245245245245245,0.9259259259259259,0.8118118118118118,0.8308308308308309,0.2802802802802803,0.46046046046046046,0.7627627627627628,0.4934934934934935,0.8028028028028028,0.5345345345345345,0.4264264264264264,1
0.7457457457457457,0.36936936936936937,0.9229229229229229,0.026026026026026026,0.7637637637637638,0.7547547547547547,0.4624624624624627,0.1991991991991992,0.6376376376376376,0.8168168168168168,0.04804804804804805,0.45345345345345345,0.8288288288288288,0.25625625625625625,0.8588588588588588,0.5655655655655656,0.4444444444444444,0.07407407407407407,0.6016016016016016,0.6156156156156156,1
0.03003003003003003,0.3993993993993994,0.5745745745745746,0.6686686686686687,0.6016016016016016,0.8188188188188188,0.15015015015015015,0.5715715715715716,0.5705705705705706,0.5475475475475475,0.30930930930930933,0.5375375375375375,0.7387387387387387,0.07307307307307308,0.15315315315315314,0.7697697697697697,0.4924924924924925,0.6136136136136137,0.45545545545545546,1.0,1
0.15815815815815815,0.6866866866866868,0.8658658658658659,0.9569569569569569,0.3363363363363363,0.8218218218218218,0.6056056056056056,0.8148148148148148,0.6036036036036035,0.1881881881881882,0.2972972972972973,0.5555555555555556,0.0960960960960961,0.904904904904905,0.14314314314314314,0.8228228228228228,0.5995995995995996,0.18618618618618618,0.16216216216216217,0.4274274274274275,1
0.2112112112112112,0.6266266266266266,0.24324324324324326,0.13613613613613612,0.024024024024024024,0.0890890890890891,0.14114114114114115,0.44844844844844844,0.6916916916916916,0.8448448448448448,0.7587587587587588,0.995995995995996,0.8388388388388388,0.04004004004004004,0.9379379379379379,0.3503503503503503,0.887887887887887,0.6596596596596597,0.8948948948948949,0.057057057057057055,1
0.45145145145145144,0.7867867867867868,0.34934934934934936,0.011011011011011011,0.18618618618618618,0.001001001001001001,0.5815815815815816,0.27427427427427425,0.9029029029029029,0.8958958958958959,0.2852852852852853,0.970970970970971,0.7707707707707702,0.055055055055055056,0.7557557557557557,0.23923923923923923,0.7677677677677676,0.24624624624624625,0.8528528528528528,0.2982982982982983,1
0.05905905905905906,0.47247247247247254,0.964964964964965,0.996996996996997,0.7897897897897898,0.6326326326326326,0.6426426426426426,0.7687687687687688,0.993993993993994,0.9049049049049127,0.988988988988989,0.8878878878878879,0.7137137137137137,0.23123123123123135,0.013013013013013013,0.6966966966966975,0.3213213213213213,0.04204204204204204,0.5425425425425425,0.5705705705705706,1
0.6746746746746747,0.5465465465465466,0.9849849849849851,0.7287287287287287,0.5005005005005005,0.2822822822822823,0.1941941941941942,0.6796796796796797,0.34534534534534533,0.3063063063063063,0.2872872872872873,0.8738738738738738,0.7637637637637638,0.6246246246246246,0.7917917917917918,0.17117117117117117,0.7867867867867868,0.16216216216216217,0.003003003003003003,0.3883883883883884,0
0.8308308308308309,0.5015015015015015,0.992992992992993,0.37737737737737737,0.5555555555555556,0.32932932932932935,0.8148148148148148,0.15615615615615616,0.990990990990991,0.968968968968969,0.013013013013013013,0.7527527527527528,0.6176176176176176,0.1781781781781782,0.9159159159159159,0.4494494494494494,0.4114114114114114,0.0970970970970971,0.34234234234234234,0.4794794794794795,1
0.1931931931931932,0.23823823823823823,0.8328328328328328,0.96996996996997,0.7997997997997998,0.7977977977977978,0.8168168168168168,0.7637637637637638,0.980980980980981,0.9459459459459459,0.2782782782782783,0.7707707707707707,0.6126126126126126,0.2042042042042042,0.11311311311311312,0.8968968968968969,0.25625625625625625,0.2062062062062062,0.8668668668668669,0.8468468468468469,1
0.3943943943943944,0.5645645645645646,0.6926926926926927,0.44544544544544545,0.2982982982982983,0.32232232232232233,0.013013013013013013,0.06706706706706707,0.46446446446446443,0.5065065065065065,0.978978978978979,0.938938938938939,0.7037037037037037,0.1021021021021021,0.9779779779779779,0.21021021021021022,0.8448448448448448,0.2972972972972973,0.4014014014014014,0.002002002002002002,1
0.904904904904905,0.02102102102102102,0.14514514514514515,0.06706706706706707,0.6576576576576576,0.8078078078078076,0.07707707707707707,0.25825825825825827,0.029029029029029027,0.6526526526526526,0.12412412412412413,0.24024024024024024,0.7127127127127127,0.05205205205205205,0.043043043043043044,0.5275275275275275,0.9049049049049062,0.8888888888888888,0.8608608608608609,0.24924924924924924,1
0.5935935935935935,0.8968968968968969,0.4444444444444444,0.5035035035035035,0.007007007007007007,0.7047047047047047,0.2912912912912913,0.11811811811811812,0.8998998998998999,0.46846846846846846,0.22422422422422422,0.3663663663663664,0.11011011011011011,0.8328328328328328,0.8948948948948948,0.6396396396396397,0.5195195195195195,0.02102102102102102,0.7627627627627628,0.32032032032032026,0
0.9229229229229229,0.7477477477477477,0.29429429429429427,0.2552552552552553,0.3103103103103103,0.7207207207207206,0.08808808808808809,0.33933933933933935,0.45045045045045046,0.2042042042042042,0.5505505505505506,0.11411411411411411,0.23123123123123124,0.9189189189189189,0.7717717717717718,0.7067067067067072,0.8388388388388388,0.6216216216216216,0.8718718718718719,0.7717717717717718,0
0.14614614614614616,0.13313313313313313,0.4344344344344344,0.985985985985986,0.6306306306306306,0.5775775775775776,0.7987987987987988,0.984984984984985,0.5255255255255256,0.8258258258258259,0.6076076076076076,0.8618618618618619,0.5085085085085085,0.17017017017017017,0.2012012012012012,0.95995995995996,0.44844844844844844,0.6816816816816816,0.934934934934935,0.4144144144144144,1
0.4124124124124124,0.49249249249249255,0.33433433433433435,0.5355355355355356,0.031031031031031032,0.26126126126126126,0.029029029029029027,0.006006006006006006,0.5035035035035035,0.7767767767767768,0.3733733733733734,0.9289289289289292,0.6206206206206206,0.04604604604604605,0.8268268268268268,0.18518518518518517,0.8938938938938938,0.5335335335335335,0.6636636636636637,0.01901901901901902,1
0.6896896896896897,0.12812812812812813,0.46246246246246264,0.04904904904904905,0.8058058058058059,0.8338338338338338,0.4824824824824825,0.18018018018018017,0.4064064064064064,0.7417417417417418,0.057057057057057055,0.17617617617617617,0.7897897897897898,0.4924924924924925,0.5955955955955956,0.5385385385385385,0.43043043043043044,0.6526526526526526,0.8918918918918919,0.6466466466466466,1
0.35235235235235235,0.7157157157157157,0.13113113113113112,0.03803803803803804,0.3943943943943944,0.38038038038038036,0.8408408408408409,0.15215215215215216,0.15815815815815815,0.06406406406406406,0.3163163163163163,0.018018018018018018,0.026026026026026026,0.963963963963964,0.5695695695695696,0.2852852852852853,0.26326326326326327,0.23423423423423423,0.3943943943943944,0.15415415415415415,0
0.9279279279279269,0.45145145145145144,0.9109109109109109,0.8778778778778779,0.6026026026026026,0.18018018018018014,0.31431431431431434,0.7367367367367368,0.3113113113113113,0.4264264264264264,0.6526526526526526,0.8658658658658659,0.8928928928928929,0.6376376376376376,0.9099099099099099,0.12112112112112113,0.6276276276276276,0.43543543543543545,0.06706706706706707,0.42342342342342343,0
0.28128128128128127,0.7417417417417418,0.20020020020020018,0.3533533533533534,0.25325325325325326,0.7817817817817818,0.7857857857857864,0.26326326326326327,0.34734734734734735,0.17117117117117117,0.5795795795795796,0.024024024024024024,0.012012012012012012,0.982982982982983,0.42842842842842843,0.36436436436436437,0.09509509509509509,0.24524524524524524,0.41541541541541543,0.15915915915915915,0
0.7627627627627628,0.013013013013013013,0.008008008008008008,0.4904904904904905,0.5525525525525525,0.8478478478478478,0.07307307307307308,0.5015015015015015,0.055055055055055056,0.6846846846846847,0.1781781781781782,0.21621621621621623,0.6276276276276276,0.17717717717717718,0.006006006006006006,0.7517517517517518,0.9259259259259259,0.9359359359359359,0.997997997997998,0.3013013013013013,1
0.08808808808808809,0.787787787787787,0.3173173173173173,0.5365365365365365,0.42542542542542544,0.3253253253253251,0.2172172172172172,0.026026026026026026,0.07207207207207207,0.01001001001001001,0.9749749749749737,0.07707707707707707,0.3663663663663664,0.7187187187187187,0.5395395395395399,0.018018018018018018,0.2872872872872873,0.7237237237237237,0.015015015015015015,0.3153153153153153,0
0.3763763763763764,0.6106106106106106,0.07707707707707707,0.4694694694694695,0.11211211211211211,0.9169169169169169,0.37037037037037035,0.2952952952952953,0.30930930930930933,0.3683683683683684,0.6886886886886887,0.035035035035035036,0.14214214214214213,0.8848848848848849,0.0940940940940941,0.38738738738738737,0.2042042042042042,0.2832832832832833,0.7077077077077077,0.25925925925925924,0
0.9129129129129129,0.7287287287287287,0.6276276276276276,0.26726726726726724,0.3033033033033033,0.8428428428428428,0.026026026026026026,0.2122122122122122,0.6446446446446447,0.35035035035035034,0.4314314314314314,0.3403403403403403,0.4324324324324326,0.6016016016016016,0.854854854854855,0.5815815815815816,0.8198198198198198,0.5975975975975976,0.4084084084084084,0.6206206206206206,0
0.34534534534534306,0.16616616616616617,0.6956956956956957,0.7127127127127127,0.5545545545545546,0.7967967967967968,0.44144144144144143,0.7417417417417418,0.5895895895895896,0.913913913913914,0.26426426426426425,0.8818818818818819,0.8838838838838838,0.07207207207207207,0.5175175175175175,0.7877877877877878,0.38238238238238237,0.48348348348348347,0.5695695695695696,0.47847847847847846,1
0.6776776776776767,0.5185185185185185,0.8058058058058059,0.9379379379379372,0.6326326326326326,0.1011011011011011,0.30430430430430433,0.6146146146146146,0.36536536536536524,0.2902902902902903,0.6616616616616616,0.7697697697697697,0.7797797797797797,0.7557557557557557,0.7327327327327328,0.15515515515515516,0.9079079079079079,0.40540540540540543,0.16416416416416416,0.5825825825825826,0
0.92992992992993,0.5115115115115115,0.4114114114114114,0.6556556556556556,0.5315315315315315,0.1031031031031031,0.4084084084084084,0.9029029029029029,0.04004004004004004,0.26426426426426425,0.4524524524524525,0.5085085085085085,0.7237237237237237,0.95995995995996,0.7467467467467468,0.26926926926926925,0.676676676676677,0.22622622622622623,0.2502502502502502,0.8648648648648652,0
0.7847847847847848,0.990990990990991,0.5935935935935935,0.11711711711711711,0.44844844844844844,0.3103103103103103,0.09309309309309309,0.17917917917917917,0.6326326326326326,0.06906906906906907,0.8808808808808809,0.1891891891891892,0.37537537537537524,0.8968968968968969,0.9089089089089089,0.4984984984984985,0.8748748748748746,0.08608608608608609,0.45845845845845845,0.996996996996997,0
0.8258258258258259,0.8878878878878879,0.6126126126126126,0.1031031031031031,0.0990990990990991,0.94994994994995,0.10010010010010009,0.2022022022022022,0.9269269269269269,0.3213213213213213,0.4724724724724753,0.3003003003003003,0.05305305305305305,0.6126126126126126,0.950950950950951,0.8498498498498498,0.7587587587587588,0.3973973973973974,0.8118118118118118,0.45545545545545546,0
0.9039039039039038,0.23323323323323322,0.5005005005005004,0.8048048048048048,0.7987987987987988,0.0980980980980981,0.34634634634634637,0.7297297297297297,0.1931931931931932,0.3813813813813814,0.6896896896896897,0.6416416416416416,0.8818818818818819,0.6766766766766766,0.6766766766766767,0.2822822822822823,0.8698698698698699,0.7187187187187187,0.2872872872872873,0.6446446446446447,0
0.6486486486486487,0.6286286286286287,0.91891891891892,0.9019019019019019,0.7567567567567568,0.0960960960960961,0.4264264264264264,0.5795795795795796,0.37037037037037024,0.031031031031031032,0.5185185185185185,0.5685685685685685,0.5785785785785785,0.9879879879879879,0.8028028028028028,0.0980980980980981,0.9349349349349348,0.6486486486486487,0.005005005005005005,0.7897897897897898,0
0.13913913913913914,0.5915915915915916,0.025025025025025023,0.12612612612612611,0.26426426426426425,0.3173173173173173,0.7247247247247247,0.4944944944944945,0.04804804804804805,0.12612612612612611,0.7087087087087087,0.17417417417417416,0.13313313313313313,0.7297297297297297,0.5795795795795796,0.33933933933933935,0.3663663663663664,0.6316316316316316,0.47747747747747726,0.05905905905905906,0
0.2982982982982983,0.6116116116116116,0.39039039039039036,0.3103103103103103,0.24624624624624625,0.2752752752752753,0.14214214214214213,0.2922922922922923,0.4984984984984985,0.5695695695695696,0.9039039039039038,0.9249249249249251,0.6566566566566568,0.24024024024024024,0.9119119119119119,0.2872872872872873,0.6196196196196196,0.5965965965965966,0.5805805805805806,0.06006006006006006,1
0.6416416416416416,0.5685685685685685,0.973973973973974,0.968968968968969,0.8698698698698699,0.1091091091091091,0.5025025025025025,0.6486486486486487,0.36936936936936937,0.0940940940940941,0.5655655655655656,0.7517517517517518,0.7117117117117117,0.9109109109109109,0.9419419419419419,0.14914914914914915,0.8158158158158159,0.5785785785785785,0.011011011011011011,0.8118118118118118,0
0.22022022022022023,0.992992992992993,0.2682682682682683,0.4024024024024024,0.2872872872872873,0.12112112112112113,0.9369369369369369,0.5815815815815816,0.39539539539539537,0.1941941941941942,0.7227227227227228,0.14514514514514515,0.03203203203203203,0.8358358358358359,0.01901901901901902,0.27427427427427425,0.32832832832832837,0.09509509509509509,0.2702702702702703,0.9569569569569569,0
0.8978978978978976,0.05405405405405406,0.23723723723723725,0.4264264264264264,0.6766766766766766,0.5975975975975976,0.4034034034034034,0.46546546546546547,0.1941941941941942,0.795795795795796,0.036036036036036036,0.4014014014014014,0.5505505505505506,0.025025025025025023,0.3933933933933934,0.7047047047047047,0.7207207207207205,0.8988988988988988,0.8328328328328328,0.2832832832832833,1
0.35135135135135137,0.6166166166166166,0.2272272272272272,0.34534534534534533,0.3083083083083083,0.3663663663663664,0.6606606606606601,0.4924924924924925,0.3333333333333333,0.44344344344344344,0.5745745745745746,0.32232232232232233,0.3863863863863864,0.6566566566566566,0.5255255255255256,0.31431431431431434,0.3073073073073073,0.1021021021021021,0.5715715715715716,0.1111111111111111,0
0.84984984984985,0.09309309309309309,0.46646646646646645,0.4344344344344344,0.6426426426426426,0.5755755755755756,0.41041041041041043,0.4954954954954955,0.32532532532532527,0.7647647647647647,0.06406406406406406,0.5485485485485485,0.5525525525525525,0.14414414414414414,0.2992992992992995,0.6346346346346347,0.9069069069069069,0.8078078078078078,0.6496496496496497,0.1091091091091091,1
0.9099099099099099,0.029029029029029027,0.24224224224224225,0.23723723723723725,0.9139139139139139,0.6616616616616616,0.27627627627627627,0.3813813813813814,0.12912912912912913,0.7097097097097097,0.12012012012012012,0.27627627627627627,0.85985985985986,0.2992992992992993,0.13213213213213212,0.4424424424424427,0.6946946946946947,0.8978978978978975,0.7727727727727728,0.26626626626626626,1
0.8858858858858859,0.45345345345345345,0.6146146146146146,0.7587587587587588,0.7187187187187187,0.044044044044044044,0.5635635635635635,0.7137137137137137,0.23823823823823823,0.4244244244244244,0.6216216216216216,0.7027027027027027,0.8938938938938938,0.7927927927927928,0.8918918918918919,0.12412412412412413,0.5575575575575575,0.4224224224224224,0.25125125125125125,0.49749749749749733,0
0.958958958958959,0.25325325325325326,0.7187187187187187,0.6706706706706705,0.94994994994995,0.2782782782782783,0.3073073073073073,0.9729729729729731,0.2992992992992994,0.4094094094094094,0.996996996996997,0.8008008008008007,0.8438438438438438,0.5075075075075075,0.6566566566566566,0.5465465465465466,0.7127127127127127,0.7607607607607607,0.3063063063063063,0.5715715715715716,0
0.3793793793793794,0.5715715715715716,0.4644644644644645,0.1841841841841842,0.2862862862862863,0.06706706706706707,0.25625625625625625,0.3883883883883884,0.6586586586586587,0.7197197197197197,0.5695695695695696,0.990990990990991,0.8528528528528528,0.07407407407407407,0.95995995995996,0.26626626626626626,0.9059059059059059,0.6846846846846847,0.4954954954954955,0.07907907907907907,1
0.06406406406406406,0.943943943943944,0.13713713713713713,0.11911911911911911,0.14714714714714713,0.06306306306306306,0.6786786786786787,0.26926926926926925,0.1111111111111111,0.03403403403403403,0.8228228228228228,0.22622622622622623,0.2832832832832833,0.7077077077077075,0.5275275275275275,0.026026026026026026,0.32432432432432434,0.6806806806806804,0.04004004004003781,0.4184184184184184,0
0.7607607607607605,0.01901901901901902,0.06606606606606606,0.16916916916916916,0.8858858858858859,0.5735735735735735,0.13713713713713713,0.06306306306306311,0.044044044044044044,0.5145145145145145,0.2022022022022022,0.1941941941941942,0.9189189189189189,0.45845845845845845,0.26226226226226224,0.18218218218218218,0.7217217217217217,0.992992992992993,0.7437437437437437,0.13113113113113112,1
0.47647647647647645,0.986986986986987,0.34234234234234234,0.1981981981981982,0.40040040040040037,0.08308308308308308,0.8398398398398398,0.44144144144144143,0.19119119119119118,0.029029029029029027,0.33733733733733734,0.036036036036036036,0.12212212212212212,0.9009009009009009,0.20020020020020018,0.07007007007007007,0.3503503503503502,0.055055055055055056,0.03203203203203203,0.997997997997998,0
0.45945945945945943,0.5525525525525525,0.028028028028028028,0.19519519519519518,0.21021021021021022,0.8858858858858859,0.47847847847847846,0.0980980980980981,0.1831831831831832,0.2682682682682683,0.46146146146146144,0.002002002002002002,0.03803803803803804,0.8438438438438438,0.03303303303303303,0.3733733733733734,0.21421421421421422,0.42042042042042044,0.8108108108108109,0.25325325325325326,0
0.06106106106106106,0.9249249249249257,0.9569569569569569,0.5945945945945946,0.13913913913913914,0.6856856856856857,0.5535535535535535,0.9279279279279278,0.85985985985986,0.0960960960960961,0.25625625625625625,0.84984984984985,0.12412412412412413,0.6956956956956957,0.5405405405405406,0.8978978978978978,0.8078078078078078,0.14814814814814814,0.08008008008008008,0.7407407407407407,1
0.8348348348348348,0.5165165165165165,0.8398398398398398,0.864864864864865,0.6556556556556556,0.13913913913913914,0.3533533533533533,0.6776776776776777,0.3173173173173173,0.36936936936936937,0.7827827827827828,0.6976976976976976,0.6366366366366366,0.5615615615615616,0.6486486486486487,0.24224224224224225,0.7817817817817818,0.2022022022022022,0.19519519519519518,0.6366366366366366,0
0.2872872872872873,0.5935935935935935,0.3033033033033033,0.3753753753753749,0.17417417417417416,0.12712712712712712,0.2752752752752753,0.13913913913913914,0.6126126126126126,0.7427427427427428,0.7487487487487487,0.9329329329329329,0.6316316316316316,0.19519519519519518,0.7397397397397397,0.1891891891891892,0.6856856856856857,0.5615615615615616,0.7737737737737738,0.050050050050050046,1
0.7877877877877878,0.03403403403403403,0.3113113113113113,0.4034034034034034,0.6596596596596597,0.44644644644644643,0.4364364364364364,0.4174174174174174,0.13913913913913914,0.8718718718718719,0.014014014014014014,0.5415415415415415,0.9309309309309309,0.1921921921921922,0.3973973973973974,0.2832832832832833,0.5315315315315315,0.8608608608608609,0.3743743743743744,0.1061061061061061,1
0.3923923923923924,0.6196196196196196,0.2902902902902903,0.5965965965965966,0.07807807807807808,0.2852852852852853,0.02002002002002002,0.02102102102102102,0.4394394394394394,0.6456456456456456,0.8978978978978976,0.7727727727727728,0.6886886886886887,0.4314314314314314,0.6066066066066066,0.11811811811811813,0.6936936936936937,0.043043043043043044,0.8158158158158159,0.23123123123123135,1
0.6626626626626626,0.8838838838838838,0.4994994994994995,0.11311311311311312,0.22822822822822822,0.5425425425425425,0.13413413413413414,0.037037037037037035,0.6506506506506505,0.3023023023023023,0.40040040040040037,0.2092092092092092,0.3213213213213213,0.7707707707707705,0.8158158158158159,0.47847847847847846,0.6086086086086087,0.07507507507507508,0.6606606606606606,0.5035035035035035,0
0.34134134134134136,0.6186186186186187,0.21421421421421422,0.42542542542542544,0.16616616616616617,0.17117117117117117,0.6076076076076076,0.08308308308308308,0.8448448448448448,0.8348348348348348,0.45645645645645644,0.8638638638638638,0.5105105105105106,0.48148148148148145,0.6366366366366366,0.2652652652652653,0.5185185185185185,0.5105105105105104,0.9679679679679679,0.056056056056056056,1
0.12412412412412413,0.5765765765765766,0.4894894894894895,0.19019019019019018,0.4424424424424426,0.17217217217217218,0.2322322322322323,0.5135135135135135,0.5985985985985985,0.6986986986986987,0.7567567567567568,0.954954954954955,0.954954954954955,0.2082082082082082,0.6846846846846847,0.33733733733733734,0.8128128128128128,0.08208208208208208,0.8538538538538538,0.13813813813813813,1
0.4224224224224224,0.7027027027027027,0.5715715715715716,0.16616616616616617,0.38038038038038036,0.028028028028028028,0.7017017017017017,0.5065065065065065,0.9309309309309309,0.7967967967967968,0.7167167167167167,0.9829829829829844,0.6746746746746747,0.2552552552552553,0.8458458458458459,0.2132132132132132,0.5955955955955956,0.6756756756756757,0.44144144144144143,0.0920920920920921,1
0.6546546546546547,0.03303303303303303,0.044044044044044044,0.35735735735735735,0.7457457457457457,0.6046046046046046,0.2962962962962963,0.14014014014014015,0.13113113113113112,0.7627627627627628,0.1791791791791793,0.23023023023023023,0.7207207207207206,0.16816816816816815,0.08808808808808809,0.44144144144144143,0.5485485485485485,0.9429429429429429,0.9719719719719719,0.16516516516516516,1
0.036036036036036036,0.6826826826826827,0.26626626626626626,0.5715715715715716,0.13713713713713713,0.07007007007007007,0.6706706706706705,0.025025025025025023,0.968968968968969,0.8098098098098098,0.2072072072072072,0.8708708708708709,0.5365365365365365,0.4994994994994995,0.5985985985985997,0.26426426426426425,0.5925925925925926,0.26126126126126126,0.8878878878878879,0.2912912912912913,1
0.3073073073073073,0.30430430430430433,0.7157157157157157,0.6846846846846847,0.6846846846846847,0.7167167167167168,0.36936936936936937,0.7917917917917918,0.5215215215215215,0.8108108108108109,0.9469469469469469,0.8488488488488488,0.986986986986987,0.43543543543543545,0.4364364364364364,0.47747747747747704,0.2172172172172172,0.46646646646646645,0.4034034034034034,0.37737737737737737,1
0.27927927927927926,0.5385385385385385,0.001001001001001001,0.28928928928928926,0.05905905905905906,0.9829829829829831,0.4394394394394394,0.20520520520520522,0.22622622622622643,0.25425425425425424,0.29429429429429427,0.0,0.015015015015015015,0.9579579579579578,0.015015015015015015,0.6006006006006006,0.17217217217217218,0.7527527527527528,0.953953953953954,0.32432432432432434,0
0.17317317317317318,0.5865865865865866,0.13213213213213212,0.35035035035035034,0.2852852852852853,0.4904904904904905,0.7377377377377377,0.3943943943943944,0.25725725725725723,0.2552552552552553,0.6846846846846847,0.1831831831831832,0.1041041041041041,0.7407407407407407,0.5015015015015015,0.34934934934934936,0.2862862862862863,0.5595595595595596,0.43743743743743746,0.037037037037037035,0
0.8828828828828829,0.07107107107107107,0.09509509509509509,0.04804804804804805,0.7837837837837838,0.5155155155155156,0.21021021021021022,0.14814814814814814,0.11611611611611611,0.5385385385385385,0.18618618618618618,0.24924924924924924,0.6356356356356356,0.2112112112112112,0.4224224224224224,0.4544544544544544,0.8488488488488488,0.978978978978979,0.8888888888888888,0.23523523523523523,1
0.3743743743743744,0.6056056056056056,0.2462462462462464,0.035035035035035036,0.0980980980980981,0.056056056056056056,0.07407407407407407,0.6036036036036035,0.5225225225225225,0.8338338338338338,0.8798798798798799,0.997997997997998,0.992992992992993,0.04504504504504504,0.9319319319319319,0.4364364364364364,0.984984984984985,0.3483483483483483,0.96996996996997,0.16916916916916916,1
0.974974974974975,0.2962962962962963,0.6456456456456456,0.7557557557557557,0.5635635635635635,0.15515515515515516,0.5165165165165165,0.7467467467467468,0.08508508508508508,0.19119119119119118,0.3683683683683684,0.5825825825825826,0.5135135135135135,0.8858858858858859,0.6716716716716716,0.1791791791791792,0.8758758758758759,0.7807807807807807,0.04204204204204204,0.33233233233233234,0
0.4094094094094094,0.6956956956956957,0.5815815815815816,0.3173173173173173,0.33033033033033016,0.14914914914914915,0.35835835835835855,0.23323323323323322,0.7157157157157157,0.6306306306306306,0.37237237237237236,0.9239239239239239,0.6556556556556556,0.35035035035035006,0.8408408408408409,0.1931931931931932,0.6556556556556556,0.3303303303303303,0.35935935935935936,0.23723723723723725,1
0.015015015015015015,0.8458458458458459,0.1111111111111111,0.36436436436436437,0.21521521521521522,0.1931931931931932,0.7737737737737738,0.5455455455455456,0.18118118118118118,0.05205205205205205,0.42342342342342343,0.19119119119119118,0.26726726726726724,0.94994994994995,0.22122122122122123,0.11611611611611611,0.43543543543543545,0.45645645645645644,0.2062062062062062,0.4114114114114114,0
0.5905905905905906,0.2132132132132132,0.8048048048048048,0.8478478478478478,0.958958958958959,0.44844844844844844,0.970970970970971,0.980980980980981,0.944944944944945,0.985985985985986,0.41041041041041043,0.8188188188188188,0.6536536536536537,0.2502502502502503,0.24124124124124124,0.8688688688688688,0.028028028028028028,0.35135135135135137,0.9089089089089089,0.7787787787787788,1
0.7907907907907907,0.9669669669669669,0.6066066066066066,0.003003003003003003,0.4344344344344344,0.5145145145145145,0.14514514514514515,0.07907907907907907,0.7257257257257257,0.26626626626626626,0.5615615615615616,0.14814814814814814,0.25325325325325326,0.5465465465465466,0.7967967967967968,0.6746746746746747,0.6826826826826827,0.004004004004004004,0.8968968968968969,0.958958958958959,0
0.7917917917917918,0.8868868868868869,0.5155155155155156,0.3983983983983984,0.17217217217217218,0.6586586586586587,0.14614614614614616,0.2172172172172172,0.9829829829829839,0.47647647647647645,0.6976976976976976,0.33233233233233234,0.35935935935935936,0.7767767767767768,0.7227227227227228,0.5635635635635635,0.5435435435435435,0.5095095095095095,0.7227227227227228,0.8338338338338338,0
0.5895895895895896,0.6406406406406405,0.15515515515515516,0.2042042042042042,0.45045045045045046,0.21921921921921922,0.6356356356356356,0.056056056056056056,0.003003003003003003,0.16716716716716717,0.23023023023023023,0.006006006006006006,0.4074074074074074,0.6866866866866869,0.1111111111111111,0.002002002002002002,0.044044044044044044,0.5635635635635635,0.02002002002002002,0.6986986986986987,0
0.5375375375375375,0.5845845845845846,0.2872872872872873,0.3153153153153153,0.03403403403403404,0.18218218218218218,0.07507507507507508,0.11711711711711711,0.7987987987987988,0.8818818818818819,0.6666666666666666,0.96996996996997,0.7417417417417418,0.1941941941941942,0.9569569569569569,0.35235235235235235,0.968968968968969,0.20520520520520522,0.993993993993994,0.011011011011011011,1
0.08508508508508492,0.3433433433433434,0.44644644644644643,0.6206206206206206,0.6656656656656657,0.5995995995995996,0.928928928928929,0.9819819819819819,0.5135135135135135,0.33633633633633697,0.5335335335335335,0.5875875875875876,0.2092092092092092,0.4844844844844845,0.008008008008008008,0.9529529529529529,0.5065065065065065,0.8528528528528528,0.3483483483483484,0.4964964964964965,1
0.6936936936936937,0.08308308308308308,0.4184184184184184,0.12512512512512514,0.9319319319319319,0.4794794794794795,0.5715715715715716,0.3763763763763764,0.3073073073073073,0.6936936936936937,0.044044044044044044,0.47647647647647645,0.8988988988988988,0.4294294294294294,0.4314314314314314,0.3923923923923924,0.6416416416416416,0.8358358358358359,0.5655655655655656,0.11311311311311312,1
0.5345345345345345,0.5205205205205206,0.6726726726726727,0.6586586586586587,0.948948948948949,0.3263263263263263,1.0,0.8798798798798799,0.9469469469469469,0.5365365365365365,0.5385385385385385,0.5345345345345345,0.0,0.12112112112112113,0.4974974974974975,0.975975975975976,0.06106106106106106,0.9409409409409409,0.3533533533533534,0.6806806806806807,0
0.5155155155155156,0.35335335335335344,0.4224224224224224,0.93993993993994,0.5265265265265265,0.3813813813813814,0.968968968968969,0.7707707707707705,0.94994994994995,0.8148148148148148,0.5545545545545546,0.6186186186186187,0.2822822822822823,0.5025025025025025,0.04504504504504504,0.7667667667667668,0.24124124124124144,0.9069069069069069,0.3973973973973974,0.44044044044044045,0
0.6236236236236237,0.954954954954955,0.01901901901901902,0.02102102102102102,0.004004004004004004,0.02702702702702703,0.8948948948948946,0.6396396396396397,0.13713713713713713,0.2782782782782783,0.4124124124124124,0.13613613613613615,0.04804804804804805,0.924924924924925,0.04604604604604605,0.08608608608608609,0.3153153153153153,0.6576576576576576,0.16016016016016008,0.8718718718718719,0
0.8128128128128128,0.06106106106106106,0.06406406406406406,0.34734734734734735,0.5035035035035035,0.9349349349349347,0.0980980980980981,0.5755755755755756,0.29429429429429427,0.6516516516516516,0.16216216216216217,0.46146146146146144,0.5685685685685685,0.26426426426426425,0.4074074074074074,0.8648648648648651,0.973973973973974,0.98998998998999,0.9769769769769769,0.27427427427427425,1
0.8678678678678678,0.7977977977977974,0.5555555555555556,0.5285285285285285,0.1841841841841842,0.4724724724724725,0.14414414414414414,0.40540540540540543,0.9249249249249255,0.5115115115115115,0.43543543543543545,0.4854854854854855,0.34434434434434436,0.5935935935935935,0.6956956956956957,0.6706706706706701,0.8368368368368369,0.4924924924924929,0.6866866866866866,0.7447447447447447,0
0.8578578578578578,0.8258258258258259,0.4904904904904905,0.45145145145145144,0.34434434434434436,0.6556556556556556,0.14014014014014015,0.4144144144144144,0.8238238238238238,0.30930930930930933,0.8158158158158159,0.3163163163163163,0.21421421421421422,0.7727727727727728,0.8768768768768769,0.7837837837837838,0.8288288288288288,0.5915915915915916,0.8598598598598598,0.6426426426426426,0
0.7497497497497497,0.27427427427427425,0.8998998998998999,0.2132132132132132,0.8128128128128128,0.6056056056056056,0.49149149149149146,0.13213213213213212,0.6556556556556556,0.8238238238238238,0.07707707707707707,0.48148148148148145,0.8168168168168168,0.16016016016016,0.8058058058058059,0.4524524524524526,0.4124124124124124,0.5745745745745746,0.34634634634634637,0.8048048048048048,1
0.2912912912912913,0.8048048048048048,0.15915915915915915,0.23023023023023023,0.4164164164164164,0.15715715715715717,0.8978978978978978,0.5825825825825826,0.08008008008008004,0.25125125125125125,0.2862862862862863,0.08508508508508508,0.3893893893893894,0.7677677677677678,0.02702702702702703,0.06806806806806806,0.04704704704704705,0.21621621621621623,0.14614614614614616,0.8808808808808809,0
0.8508508508508509,0.15515515515515516,0.8928928928928929,0.45245245245245275,0.9729729729729731,0.47647647647647645,0.9529529529529529,0.45645645645645644,0.8338338338338338,0.993993993993994,0.024024024024024024,0.5355355355355356,0.9249249249249261,0.22522522522522523,0.9229229229229229,0.5075075075075075,0.002002002002002002,0.1971971971971972,0.8058058058058059,0.5305305305305306,1
0.07807807807807808,0.7267267267267284,0.2832832832832833,0.5105105105105106,0.47147147147147145,0.2832832832832833,0.6206206206206206,0.04604604604604605,0.13613613613613612,0.03003003003003003,0.34934934934934936,0.03903903903903904,0.1901901901901901,0.6026026026026026,0.24024024024024024,0.07807807807807808,0.38038038038038036,0.5505505505505506,0.10510510510510511,0.4864864864864865,0
0.2852852852852853,0.27127127127127126,0.3163163163163163,0.938938938938939,0.4954954954954955,0.7117117117117117,0.8328328328328328,0.8268268268268268,0.4914914914914919,0.5725725725725725,0.7427427427427428,0.5595595595595596,0.2112112112112112,0.47847847847847846,0.0990990990990991,0.8928928928928929,0.4074074074074074,0.8138138138138138,0.5985985985985985,0.3183183183183183,0
0.10810810810810811,0.6696696696696697,0.4164164164164164,0.2952952952952953,0.09309309309309309,0.2902902902902903,0.06406406406406406,0.5565565565565566,0.5175175175175175,0.5615615615615616,0.98998998998999,0.9729729729729729,0.8668668668668669,0.4194194194194194,0.8958958958958959,0.30430430430430433,0.7397397397397397,0.24424424424424424,0.6376376376376376,0.022022022022022022,1
0.8618618618618619,0.4044044044044044,0.5575575575575575,0.8328328328328328,0.6066066066066066,0.14114114114114115,0.4944944944944945,0.8428428428428428,0.2932932932932933,0.4144144144144144,0.6406406406406406,0.7117117117117117,0.6576576576576576,0.6406406406406406,0.6686686686686687,0.37237237237237236,0.7047047047047047,0.6966966966966971,0.26726726726726724,0.7127127127127127,0
0.043043043043043044,0.1091091091091091,0.12612612612612611,0.8688688688688688,0.9029029029029029,0.432432432432433,0.990990990990991,0.7407407407407406,0.6116116116116116,0.6546546546546547,0.5525525525525525,0.5565565565565566,0.14614614614614616,0.07907907907907907,0.26126126126126126,0.9749749749749744,0.23023023023023023,0.9949949949949948,0.980980980980981,0.31931931931931934,0
0.14214214214214213,0.3313313313313316,0.46546546546546547,0.8258258258258259,0.963963963963964,0.3933933933933934,0.9829829829829829,0.7307307307307307,0.8788788788788788,0.5105105105105103,0.6346346346346347,0.5295295295295295,0.18518518518518517,0.1891891891891892,0.1971971971971972,0.93993993993994,0.34734734734734735,0.9459459459459459,0.5405405405405406,0.8868868868868869,0
0.25725725725725723,0.5585585585585585,0.5335335335335335,0.4574574574574575,0.24524524524524524,0.2682682682682683,0.3683683683683684,0.016016016016016016,0.5515515515515516,0.6596596596596597,0.22822822822822822,0.8368368368368369,0.5175175175175175,0.24224224224224225,0.6056056056056056,0.12012012012012012,0.5275275275275275,0.3963963963963964,0.3203203203203202,0.11011011011011011,1
0.36536536536536535,0.26926926926926925,0.7937937937937938,0.7417417417417418,0.8538538538538538,0.7057057057057057,0.6506506506506506,0.8248248248248248,0.6816816816816816,0.6996996996996997,0.9629629629629629,0.8668668668668669,0.8268268268268268,0.46546546546546547,0.5465465465465466,0.6116116116116116,0.2772772772772773,0.7657657657657657,0.35535535535535534,0.31431431431431434,1
0.17717717717717718,0.16716716716716717,0.1831831831831832,0.9629629629629629,0.8478478478478476,0.7347347347347347,0.950950950950951,0.6306306306306306,0.7467467467467468,0.6226226226226226,0.7717717717717718,0.37037037037037013,0.22922922922922923,0.3123123123123123,0.5665665665665666,0.9519519519519519,0.037037037037037035,0.9669669669669669,0.978978978978979,0.6346346346346347,0
0.37037037037037035,0.5995995995995996,0.7167167167167168,0.03403403403403403,0.47247247247247265,0.21421421421421422,0.5365365365365365,0.5355355355355356,0.5765765765765766,0.5885885885885885,0.2832832832832833,0.9449449449449452,0.8078078078078077,0.25925925925925924,0.9329329329329329,0.3033033033033033,0.5965965965965966,0.4244244244244244,0.32232232232232233,0.13613613613613612,1
0.7797797797797797,0.44044044044044045,0.7797797797797797,0.7847847847847848,0.7247247247247247,0.2082082082082082,0.26326326326326327,0.7967967967967968,0.0940940940940941,0.0920920920920921,0.35935935935935936,0.6296296296296297,0.7307307307307306,0.8028028028028028,0.8538538538538538,0.36236236236236236,0.9579579579579579,0.2772772772772773,0.11311311311311312,0.7637637637637638,0
0.7747747747747747,0.8108108108108109,0.4544544544544544,0.26426426426426425,0.08308308308308308,0.9549549549549549,0.05205205205205205,0.42042042042042044,0.5975975975975976,0.23423423423423423,0.6546546546546547,0.26626626626626626,0.1011011011011011,0.6336336336336337,0.7367367367367368,0.8068068068068068,0.7767767767767768,0.6616616616616616,0.5465465465465466,0.5265265265265265,0
0.7257257257257257,0.4674674674674675,0.990990990990991,0.0960960960960961,0.7427427427427428,0.9629629629629629,0.23623623623623624,0.36736736736736736,0.5725725725725725,0.6276276276276276,0.1931931931931932,0.5205205205205206,0.5865865865865866,0.02002002002002002,0.9529529529529529,0.7647647647647647,0.4624624624624625,0.13513513513513514,0.36236236236236236,0.7677677677677603,1
0.8458458458458459,0.3063063063063063,0.9129129129129129,0.4964964964964965,0.8708708708708709,0.4034034034034034,0.7977977977977977,0.1021021021021021,0.8978978978978976,0.9449449449449453,0.06906906906906907,0.45145145145145144,0.7177177177177178,0.25125125125125125,0.7907907907907907,0.4024024024024024,0.19119119119119118,0.5195195195195195,0.43243243243243246,0.7817817817817818,1
0.23623623623623624,0.6636636636636637,0.23823823823823823,0.10010010010010009,0.17617617617617617,0.4124124124124124,0.5485485485485485,0.34434434434434436,0.32432432432432434,0.46546546546546547,0.948948948948949,0.36936936936936937,0.43543543543543545,0.6196196196196196,0.4984984984984985,0.09509509509509502,0.10810810810810811,0.1111111111111111,0.40040040040040037,0.006006006006006006,0
0.16916916916916916,0.7077077077077075,0.36236236236236236,0.5635635635635635,0.24324324324324326,0.8898898898898899,0.44344344344344344,0.15115115115115116,0.3613613613613614,0.2272272272272272,0.9649649649649651,0.12612612612612611,0.2132132132132132,0.96996996996997,0.5025025025025025,0.1061061061061061,0.06906906906906907,0.26226226226226224,0.28928928928928926,0.02102102102102102,0
0.6496496496496497,0.8978978978978979,0.5075075075075075,0.4244244244244244,0.36736736736736736,0.36936936936936937,0.5135135135135135,0.5635635635635635,0.7807807807807807,0.34534534534534533,0.6096096096096096,0.3033033033033033,0.0920920920920921,0.6446446446446447,0.6166166166166166,0.8108108108108109,0.5885885885885885,0.10710710710710711,0.7567567567567568,0.8828828828828829,0
0.41541541541541543,0.3883883883883884,0.33733733733733734,0.8278278278278278,0.48848848848848847,0.6696696696696697,0.9309309309309309,0.9329329329329329,0.8328328328328328,0.7807807807807807,0.6476476476476476,0.6646646646646647,0.23023023023023023,0.4264264264264264,0.12712712712712712,0.924924924924925,0.22322322322322322,0.8588588588588588,0.6116116116116116,0.4424424424424425,0
0.5745745745745746,0.5235235235235235,0.7207207207207205,0.6666666666666666,0.6526526526526526,0.5365365365365365,0.964964964964965,0.7857857857857858,0.974974974974975,0.6116116116116116,0.5865865865865866,0.6386386386386387,0.13213213213213212,0.34934934934934936,0.5495495495495496,0.9289289289289292,0.37037037037037035,0.8368368368368369,0.4294294294294294,0.5555555555555556,0
0.07007007007007007,0.9519519519519519,0.960960960960961,0.6916916916916916,0.4244244244244244,0.3013013013013013,0.7867867867867868,0.94994994994995,0.7437437437437437,0.06306306306306306,0.4934934934934935,0.7607607607607606,0.0980980980980981,0.6636636636636637,0.2172172172172172,0.8008008008008007,0.7097097097097097,0.13913913913913914,0.018018018018018018,0.973973973973974,1
0.47047047047047047,0.6926926926926927,0.8738738738738738,0.8718718718718719,0.33833833833834054,0.6866866866866866,0.3133133133133133,0.8128128128128128,0.6356356356356356,0.0980980980980981,0.4294294294294294,0.6436436436436437,0.2062062062062062,0.8688688688688688,0.26326326326326327,0.7677677677677675,0.94994994994995,0.7087087087087087,0.07807807807807808,0.6826826826826827,1
0.4804804804804805,0.5375375375375375,0.1871871871871872,0.4444444444444444,0.3733733733733734,0.5645645645645646,0.9329329329329329,0.5095095095095096,0.33633633633633725,0.45245245245245247,0.4754754754754755,0.13713713713713713,0.009009009009009009,0.6836836836836837,0.3963963963963964,0.5255255255255256,0.07807807807807808,0.2682682682682683,0.757757757757757,0.009009009009009009,0
0.2822822822822823,0.35835835835835855,0.975975975975976,0.8208208208208209,0.9419419419419419,0.928928928928929,0.5495495495495496,0.6876876876876875,0.998998998998999,0.950950950950951,0.8118118118118118,0.7757757757757757,0.9879879879879879,0.38738738738738737,0.026026026026026026,0.5865865865865866,0.10710710710710711,0.3363363363363363,0.5395395395395397,0.8948948948948945,1
0.5225225225225225,0.10810810810810813,0.6366366366366366,0.950950950950951,0.9529529529529529,0.8808808808808809,0.8318318318318318,0.6196196196196196,0.6786786786786787,0.7177177177177174,0.3103103103103103,0.5635635635635635,0.3283283283283289,0.001001001001001001,0.4084084084084084,0.9579579579579562,0.39539539539539537,0.9289289289289289,0.5645645645645646,0.5905905905905906,0
0.3013013013013013,0.1971971971971972,0.30430430430430433,0.9459459459459459,0.8588588588588588,0.4134134134134134,0.983983983983984,0.6546546546546547,0.8868868868868869,0.7597597597597597,0.9149149149149147,0.5655655655655656,0.16416416416416416,0.08808808808808809,0.4724724724724725,0.92992992992993,0.08108108108108109,0.9569569569569569,0.9479479479479479,0.38238238238238237,0
0.3893893893893894,0.6476476476476476,0.10510510510510511,0.40040040040040037,0.08008008008008008,0.7757757757757757,0.2032032032032032,0.19019019019019018,0.21621621621621623,0.3013013013013013,0.97997997997998,0.07507507507507508,0.27927927927927926,0.8128128128128128,0.19519519519519518,0.13213213213213212,0.2652652652652653,0.24124124124124124,0.4674674674674675,0.10810810810810814,0
0.6796796796796797,0.8088088088088088,0.43743743743743746,0.0990990990990991,0.3063063063063063,0.6266266266266266,0.11511511511511512,0.06606606606606606,0.4544544544544544,0.2062062062062062,0.27927927927927926,0.15715715715715717,0.27427427427427425,0.7147147147147147,0.8088088088088088,0.5975975975975976,0.7487487487487487,0.14414414414414414,0.6656656656656657,0.5565565565565566,0
0.15615615615615616,0.8268268268268268,0.022022022022022022,0.4624624624624625,0.015015015015015015,0.2312312312312313,0.5835835835835835,0.5645645645645646,0.1961961961961962,0.3233233233233233,0.955955955955956,0.3153153153153153,0.39539539539539537,0.8928928928928929,0.26726726726726724,0.05205205205205205,0.16616616616616617,0.7177177177177176,0.25825825825825827,0.3063063063063063,0
0.1061061061061061,0.47347347347347346,0.8938938938938938,0.6496496496496497,0.8738738738738738,0.8148148148148148,0.3793793793793794,0.5675675675675675,0.9669669669669669,0.6716716716716716,0.7007007007007007,0.6096096096096096,0.9819819819819819,0.5155155155155156,0.1931931931931932,0.3183183183183183,0.26126126126126126,0.6746746746746747,0.3073073073073073,0.9079079079079079,1
0.4034034034034034,0.8178178178178177,0.8988988988988988,0.8968968968968969,0.38738738738738737,0.34634634634634637,0.5455455455455456,0.7547547547547547,0.5805805805805806,0.1791791791791792,0.5625625625625625,0.6136136136136137,0.24824824824824826,0.7587587587587588,0.2092092092092092,0.5675675675675675,0.6076076076076076,0.32432432432432434,0.028028028028028028,0.8878878878878878,1
0.013013013013013013,0.8928928928928929,0.25925925925925924,0.2652652652652653,0.3763763763763764,0.17417417417417416,0.45645645645645644,0.2082082082082082,0.08808808808808809,0.018018018018018018,0.7327327327327328,0.14114114114114115,0.4844844844844845,0.9479479479479473,0.34234234234234234,0.007007007007007007,0.3753753753753753,0.17217217217217218,0.03003003003003003,0.4934934934934935,0
0.7827827827827828,0.2682682682682683,0.5675675675675675,0.05305305305305305,0.6516516516516516,0.92992992992993,0.4014014014014014,0.1891891891891892,0.7717717717717718,0.9249249249249253,0.0960960960960961,0.26926926926926925,0.8468468468468469,0.4494494494494494,0.6886886886886887,0.6476476476476476,0.35235235235235235,0.34634634634634637,0.9879879879879879,0.8708708708708709,1
0.6536536536536537,0.5835835835835835,0.7037037037037037,0.8118118118118118,0.8338338338338338,0.09109109109109109,0.7047047047047047,0.6216216216216216,0.3213213213213213,0.04004004004004004,0.7267267267267274,0.4294294294294294,0.4314314314314314,0.8268268268268268,0.6536536536536537,0.4074074074074074,0.8988988988988988,0.5775775775775776,0.20520520520520522,0.6936936936936937,0
0.6156156156156156,0.035035035035035036,0.3313313313313315,0.5675675675675675,0.8088088088088088,0.47047047047047047,0.5625625625625625,0.43843843843843844,0.3153153153153153,0.8078078078078078,0.005005005005005005,0.5065065065065065,0.944944944944945,0.4824824824824826,0.1021021021021021,0.3993993993993994,0.6706706706706707,0.8308308308308309,0.5825825825825826,0.15515515515515516,1
0.24424424424424424,0.3023023023023023,0.8778778778778777,0.965965965965966,0.8298298298298298,0.7487487487487487,0.7647647647647647,0.8178178178178115,0.9329329329329329,0.9179179179179179,0.5685685685685685,0.8208208208208209,0.7167167167167169,0.3033033033033033,0.2182182182182182,0.8258258258258259,0.2122122122122122,0.1931931931931932,0.6906906906906907,0.6666666666666669,1
0.953953953953954,0.27627627627627627,0.47847847847847846,0.6576576576576576,0.6166166166166166,0.2172172172172172,0.36436436436436437,0.997997997997998,0.016016016016016016,0.3783783783783784,0.6136136136136137,0.6556556556556556,0.8428428428428428,0.6806806806806807,0.6496496496496497,0.4574574574574575,0.6626626626626626,0.3793793793793794,0.2682682682682683,0.7537537537537538,0
0.7977977977977925,0.8788788788788788,0.44744744744744736,0.25825825825825827,0.005005005005005005,0.8788788788788788,0.02102102102102102,0.008008008008008008,0.8188188188188188,0.3283283283283284,0.33933933933933935,0.2802802802802803,0.24724724724724725,0.9319319319319319,0.983983983983984,0.4344344344344344,0.7617617617617618,0.5085085085085085,0.47647647647647645,0.32232232232232233,0
0.5125125125125125,0.25625625625625625,0.7807807807807807,0.6346346346346347,0.8998998998998999,0.963963963963964,0.7197197197197197,0.8078078078078077,0.7827827827827828,0.5025025025025025,0.47147147147147145,0.5105105105105104,0.42542542542542544,0.2062062062062062,0.13713713713713713,0.94994994994995,0.47347347347347346,0.8288288288288288,0.3833833833833834,0.9349349349349291,0
0.4544544544544544,0.904904904904905,0.21921921921921922,0.38238238238238237,0.34934934934934936,0.08608608608608609,0.8008008008008007,0.22922922922922923,0.22922922922922923,0.13413413413413414,0.3863863863863864,0.05305305305305305,0.1991991991991992,0.7797797797797797,0.2272272272272272,0.05305305305305305,0.27127127127127126,0.3013013013013013,0.12212212212212212,0.9289289289289292,1
0.5445445445445445,0.5725725725725725,0.8258258258258259,0.04704704704704705,0.43843843843843844,0.0920920920920921,0.48748748748748727,0.6106106106106106,0.8258258258258259,0.7557557557557557,0.4064064064064064,1.0,0.8998998998998999,0.07507507507507508,0.9669669669669669,0.34234234234234234,0.8808808808808809,0.7097097097097097,0.29929929929929927,0.07207207207207207,1
0.6326326326326326,0.26726726726726724,0.8178178178178177,0.5825825825825826,0.6046046046046046,0.9619619619619619,0.2132132132132132,0.17317317317317318,0.7237237237237237,0.7697697697697697,0.19019019019019,0.45845845845845845,0.5495495495495496,0.016016016016016016,0.696696696696697,0.7567567567567568,0.4494494494494494,0.7407407407407407,0.45345345345345345,0.9359359359359359,1
0.34334334334334426,0.47747747747747726,0.016016016016016016,0.6066066066066066,0.11611611611611611,0.6476476476476476,0.15415415415415415,0.4034034034034034,0.06806806806806806,0.35335335335335344,0.9549549549549549,0.10010010010010009,0.4014014014014014,0.7007007007006977,0.13813813813813813,0.2112112112112112,0.3233233233233233,0.6176176176176176,0.5325325325325325,0.25725725725725723,0
0.994994994994995,0.23223223223223222,0.5865865865865866,0.8138138138138138,0.8508508508508509,0.11511511511511512,0.3913913913913914,0.998998998998999,0.02702702702702703,0.3633633633633641,0.8918918918918919,0.7007007007007006,0.988988988988989,0.9519519519519519,0.8598598598598598,0.15315315315315314,0.5805805805805806,0.7557557557557557,0.13413413413413414,0.8268268268268268,0
0.8648648648648649,0.08708708708708708,0.2132132132132132,0.2922922922922923,0.48748748748748744,0.4954954954954955,0.38738738738738737,0.6206206206206206,0.3013013013013013,0.8298298298298298,0.01901901901901902,0.7957957957957957,0.7567567567567568,0.34434434434434436,0.5965965965965966,0.5965965965965966,0.8058058058058059,0.9779779779779779,0.43543543543543545,0.17417417417417416,1
0.01901901901901902,0.6296296296296297,0.02002002002002002,0.5915915915915916,0.09109109109109109,0.35135135135135137,0.6676676676676676,0.4024024024024024,0.28428428428428426,0.4174174174174174,0.8048048048048048,0.23623623623623624,0.2702702702702703,0.6746746746746747,0.5235235235235235,0.2952952952952953,0.057057057057057055,0.5455455455455456,0.6486486486486487,0.1921921921921922,0
0.35935935935935936,0.8438438438438438,0.948948948948949,0.6176176176176176,0.16716716716716717,0.8168168168168168,0.16416416416416424,0.9369369369369369,0.7847847847847848,0.11811811811811812,0.6166166166166166,0.8478478478478478,0.26126126126126126,0.5755755755755756,0.19019019019019004,0.8678678678678677,0.9829829829829831,0.3883883883883884,0.08508508508508508,0.8288288288288288,1
0.6356356356356356,0.17317317317317318,0.6896896896896897,0.2932932932932933,0.8618618618618619,0.7737737737737738,0.5725725725725725,0.02702702702702703,0.8078078078078077,0.8308308308308309,0.056056056056056056,0.2982982982982983,0.7827827827827828,0.44644644644644643,0.6576576576576576,0.5105105105105104,0.4164164164164164,0.6536536536536537,0.8498498498498499,0.6356356356356356,1
0.968968968968969,0.42842842842842843,0.5115115115115115,0.8378378378378376,0.7967967967967968,0.1061061061061061,0.5255255255255256,0.9949949949949949,0.05205205205205205,0.15715715715715717,0.9109109109109109,0.5075075075075075,0.5765765765765766,0.9069069069069069,0.6156156156156156,0.4264264264264264,0.8038038038038038,0.6436436436436437,0.21921921921921922,0.948948948948949,0
0.32032032032031976,0.2012012012012012,0.5545545545545546,0.8498498498498501,0.7847847847847848,0.5085085085085085,0.8518518518518519,0.8328328328328328,0.5745745745745746,0.8248248248248248,0.5805805805805806,0.7187187187187187,0.6246246246246246,0.4164164164164164,0.3103103103103103,0.7337337337337337,0.1881881881881882,0.6886886886886887,0.6616616616616616,0.44144144144144143,1
0.0970970970970971,0.8148148148148148,0.7107107107107107,0.8298298298298298,0.4844844844844845,0.6096096096096096,0.4894894894894895,0.8828828828828829,0.46246246246246253,0.005005005005005005,0.968968968968969,0.46646646646646645,0.04004004004004004,0.8718718718718719,0.2702702702702703,0.9019019019019019,0.8618618618618619,0.4794794794794795,0.24824824824824826,0.8188188188188188,1
0.6686686686686687,0.2112112112112112,0.8908908908908909,0.5585585585585585,0.8178178178178174,0.9109109109109109,0.4044044044044044,0.37037037037037035,0.5115115115115115,0.8138138138138138,0.2082082082082082,0.5225225225225225,0.7087087087087087,0.08408408408408484,0.9249249249249251,0.6156156156156156,0.22422422422422422,0.4944944944944945,0.44544544544544545,0.4874874874874875,1
0.9019019019019019,0.7767767767767768,0.4014014014014014,0.5195195195195195,0.34534534534534533,0.5695695695695696,0.27127127127127126,0.5385385385385385,0.8058058058058059,0.5015015015015015,0.6916916916916916,0.2732732732732733,0.25125125125125125,0.5795795795795796,0.6106106106106106,0.7727727727727728,0.5585585585585585,0.5765765765765766,0.8818818818818819,0.9549549549549549,0
0.029029029029029027,0.9369369369369369,0.8898898898898899,0.5345345345345345,0.31431431431431434,0.45145145145145144,0.6596596596596597,0.985985985985986,0.8578578578578578,0.16216216216216217,0.91991991991992,0.8768768768768769,0.1921921921921922,0.5705705705705706,0.15515515515515516,0.8718718718718719,0.7037037037037037,0.0990990990990991,0.22922922922922923,0.5075075075075075,1
0.14514514514514515,0.4974974974974975,0.017017017017017015,0.10710710710710711,0.36236236236236236,0.3783783783783784,0.7817817817817818,0.48348348348348347,0.04904904904904905,0.15515515515515516,0.47347347347347346,0.1111111111111111,0.12312312312312312,0.7237237237237237,0.49149149149149157,0.3813813813813814,0.2912912912912913,0.7577577577577577,0.4964964964964965,0.06306306306306306,0
0.2782782782782783,0.6706706706706699,0.5225225225225225,0.17717717717717718,0.4494494494494494,0.037037037037037035,0.6246246246246246,0.4494494494494494,0.8348348348348348,0.7207207207207206,0.6226226226226226,0.9479479479479479,0.7547547547547547,0.3833833833833834,0.7267267267267272,0.22422422422422422,0.6526526526526526,0.3063063063063063,0.6226226226226226,0.12212212212212212,1
0.40540540540540543,0.23523523523523523,0.3613613613613614,0.6826826826826827,0.7547547547547547,0.7527527527527528,0.955955955955956,0.9129129129129129,0.6956956956956957,0.5745745745745746,0.3983983983983984,0.5275275275275275,0.2032032032032032,0.22622622622622623,0.38538538538538536,0.990990990990991,0.3303303303303303,0.9179179179179158,0.8288288288288288,0.8018018018018018,0
0.36036036036036034,0.6246246246246246,0.5175175175175175,0.14514514514514515,0.15715715715715717,0.24924924924924924,0.025025025025025023,0.4994994994994995,0.47747747747747726,0.6356356356356356,0.9029029029029029,0.9879879879879879,0.968968968968969,0.1061061061061061,0.9479479479479479,0.3003003003003003,0.938938938938939,0.13413413413413414,0.5995995995995996,0.07707707707707707,1
0.1891891891891892,0.4934934934934935,0.6306306306306306,0.6046046046046046,0.8868868868868869,0.6186186186186187,0.5745745745745746,0.6026026026026026,0.5995995995995996,0.4984984984984985,0.5405405405405406,0.42842842842842843,0.7287287287287287,0.4954954954954955,0.3913913913913914,0.5995995995995996,0.34134134134134136,0.6096096096096096,0.42842842842842843,0.9719719719719719,1
0.055055055055055056,0.7677677677677676,0.7217217217217217,0.3403403403403403,0.3933933933933934,0.2112112112112112,0.22922922922922923,0.48848848848848847,0.8798798798798799,0.5525525525525525,0.923923923923924,0.980980980980981,0.8378378378378377,0.2922922922922923,0.9429429429429429,0.36736736736736736,0.8328328328328328,0.06506506506506507,0.5415415415415415,0.13013013013013014,1
0.8868868868868869,0.34534534534534517,0.8278278278278276,0.031031031031031032,0.8488488488488488,0.45645645645645644,0.8038038038038038,0.14414414414414414,0.9129129129129129,0.92992992992993,0.042042042042042184,0.36236236236236236,0.6776776776776777,0.3613613613613614,0.6256256256256256,0.46346346346346345,0.36736736736736736,0.5825825825825826,0.6516516516516516,0.8228228228228228,1
0.1961961961961962,0.3913913913913914,0.4694694694694695,0.6296296296296297,0.9449449449449451,0.91991991991992,0.8958958958958959,0.8308308308308309,0.6526526526526526,0.38238238238238237,0.9359359359359359,0.3843843843843844,0.1841841841841842,0.23323323323323322,0.3233233233233233,0.983983983983984,0.3113113113113113,0.8858858858858859,0.7247247247247247,0.8888888888888888,0
0.2412412412412413,0.3303303303303302,0.8748748748748746,0.9879879879879879,0.9209209209209209,0.4974974974974975,0.8718718718718719,0.884884884884885,0.960960960960961,0.94994994994995,0.9169169169169169,0.8468468468468469,0.7587587587587588,0.3253253253253253,0.016016016016016016,0.7127127127127127,0.11711711711711711,0.17617617617617617,0.6956956956956957,0.6246246246246246,1
0.42042042042042044,0.6216216216216216,0.4094094094094094,0.7477477477477468,0.6136136136136137,0.5485485485485485,0.991991991991992,0.9479479479479479,0.7017017017017017,0.41541541541541543,0.4894894894894895,0.33733733733733734,0.016016016016016016,0.5235235235235235,0.5155155155155156,0.96996996996997,0.07107107107107107,0.8278278278278274,0.42542542542542544,0.980980980980981,0
0.22322322322322322,0.7727727727727728,0.7727727727727728,0.9029029029029029,0.35535535535535534,0.45545545545545546,0.6066066066066066,0.7647647647647647,0.7697697697697697,0.2972972972972973,0.7627627627627628,0.6736736736736737,0.28128128128128127,0.8748748748748747,0.26626626626626626,0.6316316316316316,0.5425425425425425,0.4024024024024024,0.2112112112112112,0.4374374374374374,1
0.6316316316316316,0.7207207207207204,0.34534534534534533,0.5325325325325325,0.07607607607607608,0.9129129129129129,0.2022022022022022,0.2602602602602603,0.8538538538538538,0.38038038038038036,0.4694694694694695,0.3073073073073073,0.08508508508508472,0.8158158158158159,0.6786786786786787,0.7777777777777777,0.6516516516516516,0.7387387387387387,0.8578578578578578,0.3103103103103103,0
0.4194194194194194,0.5365365365365365,0.3023023023023023,0.18018018018018017,0.12412412412412413,0.16516516516516513,0.16316316316316315,0.12512512512512514,0.6346346346346347,0.8358358358358359,0.4944944944944945,0.943943943943944,0.6826826826826827,0.03903903903903904,0.7817817817817818,0.32732732732732733,0.8858858858858859,0.42542542542542544,0.950950950950951,0.043043043043043044,1
0.1871871871871872,0.5755755755755756,0.48148148148148145,0.5015015015015015,0.3563563563563564,0.1871871871871872,0.47347347347347346,0.3083083083083083,0.9259259259259259,0.8228228228228228,0.46646646646646645,0.9359359359359359,0.6676676676676684,0.4224224224224224,0.6276276276276276,0.35335335335335344,0.7347347347347347,0.13113113113113112,0.9359359359359359,0.06106106106106106,1
0.023023023023023025,0.5325325325325325,0.36436436436436437,0.4674674674674674,0.46046046046046046,0.07207207207207207,0.44744744744744747,0.11611611611611611,0.6286286286286287,0.6506506506506504,0.21521521521521522,0.9089089089089089,0.7667667667667668,0.13413413413413414,0.6316316316316316,0.28428428428428426,0.7647647647647647,0.5155155155155156,0.5945945945945946,0.2882882882882883,1
0.19119119119119118,0.9089089089089089,0.9379379379379378,0.5495495495495496,0.2012012012012012,0.6676676676676683,0.18118118118118118,0.9579579579579578,0.6596596596596597,0.06706706706706707,0.6466466466466468,0.8398398398398398,0.25625625625625625,0.5085085085085085,0.23323323323323322,0.8908908908908909,0.960960960960961,0.25225225225225223,0.07007007007007007,0.982982982982983,1
0.35435435435435436,0.5985985985985987,0.7077077077077075,0.4044044044044044,0.49149149149149146,0.12012012012012012,0.6126126126126126,0.22622622622622623,0.7517517517517518,0.6636636636636637,0.5125125125125125,0.9219219219219219,0.6996996996996997,0.38238238238238237,0.7057057057057057,0.11511511511511512,0.5555555555555556,0.35735735735735735,0.3433433433433434,0.07107107107107107,1
0.15915915915915915,0.950950950950951,0.2912912912912913,0.17917917917917947,0.2902902902902903,0.22822822822822822,0.46146146146146144,0.12012012012012012,0.1041041041041041,0.02102102102102102,0.6036036036036037,0.0960960960960961,0.2972972972972973,0.6756756756756757,0.5725725725725725,0.04604604604604605,0.32232232232232233,0.16116116116116116,0.04604604604604605,0.7097097097097097,0
0.11711711711711711,0.16316316316316315,0.08608608608608609,0.9849849849849851,0.7977977977977975,0.8068068068068068,0.9409409409409409,0.6366366366366366,0.9139139139139139,0.6656656656656657,0.7387387387387387,0.3353353353353353,0.14714714714714713,0.3103103103103103,0.48648648648648674,0.9949949949949949,0.14014014014014015,0.983983983983984,1.0,0.9059059059059059,0
0.21421421421421422,0.7117117117117117,0.37737737737737737,0.9819819819819819,0.02102102102102102,0.5585585585585585,0.13013013013013014,0.5925925925925926,0.4804804804804805,0.3403403403403397,0.42842842842842843,0.4874874874874873,0.33433433433433435,0.8868868868868869,0.16616616616616617,0.5455455455455456,0.6666666666666667,0.3263263263263263,0.28128128128128127,0.6856856856856857,1
0.7487487487487487,0.3003003003003003,0.9279279279279276,0.056056056056056056,0.9679679679679679,0.9669669669669669,0.5375375375375375,0.3683683683683684,0.5055055055055055,0.7077077077077075,0.17717717717717718,0.29429429429429427,0.6476476476476476,0.3183183183183183,0.8098098098098098,0.7407407407407405,0.34234234234234234,0.028028028028028028,0.8808808808808809,0.48148148148148145,1
0.8998998998998999,0.08808808808808809,0.32232232232232233,0.32432432432432434,0.7137137137137137,0.3633633633633634,0.6216216216216216,0.3103103103103103,0.3163163163163163,0.9099099099099099,0.043043043043043044,0.5265265265265265,0.6526526526526526,0.05405405405405406,0.5645645645645646,0.45645645645645644,0.5155155155155156,0.8918918918918919,0.6406406406406406,0.19519519519519518,1
0.9009009009009009,0.2772772772772773,0.933933933933934,0.014014014014014014,0.986986986986987,0.6156156156156156,0.7707707707707702,0.3933933933933934,0.5625625625625625,0.7257257257257257,0.0990990990990991,0.3533533533533533,0.6306306306306306,0.3283283283283284,0.7947947947947948,0.6406406406406406,0.4364364364364364,0.26426426426426425,0.6266266266266266,0.6006006006006006,1
0.5055055055055055,0.8558558558558559,0.5965965965965966,0.6306306306306306,0.017017017017017015,0.6006006006006006,0.018018018018018018,0.6076076076076076,0.4944944944944945,0.11911911911911911,0.46446446446446465,0.5975975975975976,0.3783783783783784,0.6456456456456456,0.5585585585585585,0.6376376376376376,0.975975975975976,0.5445445445445445,0.16616616616616617,0.983983983983984,1
0.6286286286286287,0.14314314314314314,0.8088088088088088,0.5885885885885885,0.9459459459459459,0.958958958958959,0.4904904904904905,0.24424424424424424,0.5235235235235235,0.5625625625625625,0.1991991991991992,0.2922922922922923,0.4994994994994995,0.24724724724724725,0.6676676676676677,0.8018018018018018,0.46546546546546547,0.6906906906906907,0.6796796796796797,0.47147147147147145,1
0.7447447447447447,0.022022022022022022,0.07007007007007007,0.08208208208208208,0.5975975975975976,0.6566566566566566,0.18018018018018003,0.38238238238238237,0.02002002002002002,0.706706706706707,0.1971971971971972,0.35035035035035034,0.8758758758758759,0.2602602602602603,0.08208208208208208,0.26126126126126126,0.5655655655655656,0.9449449449449452,0.7167167167167167,0.025025025025025023,1
0.2502502502502503,0.5805805805805806,0.08108108108108109,0.5555555555555556,0.2122122122122122,0.3993993993993994,0.4964964964964965,0.36536536536536535,0.32032032032032026,0.5535535535535535,0.8518518518518519,0.1871871871871872,0.40540540540540543,0.5675675675675675,0.06706706706706707,0.25725725725725723,0.17117117117117117,0.04504504504504504,0.8558558558558559,0.2552552552552553,0
0.9219219219219219,0.4094094094094094,0.6096096096096096,0.8758758758758759,0.5715715715715716,0.1981981981981982,0.17617617617617617,0.8958958958958959,0.2952952952952953,0.4574574574574574,0.8148148148148148,0.8238238238238238,0.960960960960961,0.6546546546546547,0.7857857857857858,0.35535535535535534,0.8028028028028028,0.5405405405405406,0.2772772772772773,0.8958958958958959,0
0.3003003003003003,0.7717717717717718,0.7767767767767768,0.8848848848848851,0.17117117117117117,0.8388388388388388,0.2092092092092092,0.7177177177177176,0.7367367367367368,0.23723723723723725,0.5975975975975976,0.6956956956956957,0.25725725725725723,0.6136136136136137,0.5095095095095095,0.8118118118118118,0.6926926926926927,0.5865865865865866,0.1931931931931932,0.7957957957957957,1
0.7397397397397397,0.2222222222222222,0.5855855855855856,0.28428428428428426,0.5215215215215215,0.42042042042042044,0.7117117117117117,0.16916916916916924,0.8548548548548549,0.988988988988989,0.02702702702702703,0.5425425425425425,0.94994994994995,0.4344344344344344,0.6866866866866866,0.2932932932932933,0.14314314314314314,0.5555555555555556,0.7587587587587588,0.45745745745745725,1
0.13013013013013014,0.5545545545545546,0.4064064064064064,0.3123123123123123,0.3483483483483485,0.26726726726726724,0.19519519519519518,0.2702702702702703,0.46846846846846846,0.5635635635635635,0.7477477477477472,0.9269269269269269,0.6726726726726727,0.14814814814814814,0.8368368368368369,0.3113113113113113,0.6326326326326326,0.5835835835835835,0.5435435435435435,0.06406406406406406,1
0.15315315315315314,0.5575575575575575,0.14414414414414414,0.2752752752752753,0.44344344344344344,0.6746746746746747,0.7177177177177175,0.09109109109109109,0.26226226226226224,0.11011011011011011,0.3633633633633635,0.025025025025025023,0.07607607607607608,0.953953953953954,0.3943943943943944,0.3123123123123123,0.35535535535535534,0.5475475475475475,0.4754754754754755,0.08008008008008008,0
0.5025025025025025,0.35735735735735735,0.943943943943944,0.6506506506506505,0.968968968968969,0.7177177177177178,0.7837837837837838,0.6556556556556556,0.9519519519519519,0.8478478478478477,0.6326326326326326,0.7367367367367368,0.943943943943944,0.5035035035035035,0.500500500500499,0.44044044044044045,0.05205205205205205,0.7117117117117117,0.32532532532532343,0.46046046046046046,1
0.08608608608608609,0.8828828828828829,0.11411411411411411,0.28128128128128127,0.2172172172172172,0.16316316316316315,0.8388388388388388,0.5855855855855856,0.12612612612612611,0.32932932932932935,0.5705705705705706,0.13813813813813813,0.4744744744744745,0.9719719719719719,0.06306306306306306,0.03403403403403403,0.015015015015015015,0.005005005005005005,0.24424424424424424,0.5285285285285285,0
0.6556556556556556,0.2802802802802803,0.985985985985986,0.8928928928928929,0.7827827827827828,0.27927927927927926,0.1111111111111111,0.7627627627627628,0.17517517517517517,0.19019019019019018,0.24124124124124127,0.8868868868868869,0.9649649649649652,0.5315315315315315,0.973973973973974,0.40040040040040037,0.9749749749749749,0.2032032032032032,0.02702702702702703,0.5855855855855856,0
0.1031031031031031,0.8468468468468469,0.8028028028028028,0.6016016016016016,0.33933933933933935,0.8238238238238238,0.40040040040040037,0.8378378378378378,0.4224224224224224,0.04504504504504504,0.8358358358358359,0.5185185185185185,0.07007007007007007,0.6716716716716716,0.17017017017017017,0.8468468468468469,0.6506506506506505,0.056056056056056056,0.2092092092092092,0.44544544544544545,1
0.4624624624624625,0.8238238238238238,0.7747747747747747,0.9679679679679679,0.4024024024024024,0.4244244244244244,0.44844844844844844,0.6336336336336337,0.5535535535535535,0.3003003003003003,0.991991991991992,0.45245245245245264,0.15515515515515516,0.6916916916916916,0.07407407407407407,0.48348348348348347,0.4944944944944945,0.10510510510510511,0.22522522522522523,0.5445445445445446,1
0.0960960960960961,0.4794794794794795,0.7197197197197197,0.8368368368368369,0.6636636636636637,0.5125125125125125,0.4644644644644646,0.7617617617617618,0.7677677677677677,0.7287287287287287,0.970970970970971,0.8218218218218218,0.8558558558558559,0.4424424424424425,0.1041041041041041,0.5955955955955956,0.4184184184184184,0.26926926926926925,0.5005005005005005,0.6526526526526526,1
0.45345345345345345,0.6066066066066066,0.18018018018018017,0.4934934934934935,0.14514514514514515,0.9209209209209209,0.16816816816816815,0.2092092092092092,0.27427427427427425,0.4014014014014014,0.92992992992993,0.06006006006006006,0.41041041041041043,0.8818818818818819,0.1061061061061061,0.13013013013013014,0.17717717717717718,0.08408408408408408,0.4904904904904905,0.19019019019019018,0
0.4774774774774774,0.5695695695695696,0.44844844844844844,0.24524524524524524,0.41041041041041043,0.09009009009009009,0.2182182182182182,0.6286286286286287,0.47147147147147145,0.6976976976976971,0.7907907907907907,0.973973973973974,0.991991991991992,0.4214214214214214,0.6706706706706705,0.2552552552552552,0.8728728728728729,0.23123123123123124,0.5555555555555556,0.25625625625625625,1
0.6016016016016016,0.5955955955955956,0.8418418418418419,0.4394394394394394,0.4774774774774775,0.1781781781781782,0.3663663663663664,0.3733733733733734,0.8658658658658659,0.7337337337337337,0.8198198198198198,0.950950950950951,0.7257257257257257,0.33033033033033,0.8988988988988988,0.22122122122122123,0.7917917917917918,0.3183183183183183,0.4264264264264264,0.04804804804804805,1
0.7807807807807807,0.03803803803803804,0.3133133133133133,0.2022022022022022,0.5815815815815816,0.8828828828828829,0.15815815815815815,0.3793793793793794,0.13513513513513514,0.5925925925925926,0.13413413413413414,0.4754754754754755,0.6766766766766766,0.3053053053053053,0.32232232232232233,0.42342342342342343,0.8258258258258259,0.9379379379379379,0.3913913913913914,0.01001001001001001,1
0.5635635635635635,0.4184184184184184,0.12512512512512514,0.5545545545545546,0.16116116116116116,0.965965965965966,0.3173173173173173,0.3713713713713714,0.24024024024024024,0.4644644644644645,0.6796796796796797,0.0890890890890891,0.1691691691691693,0.6976976976976975,0.2802802802802803,0.45845845845845845,0.27927927927927926,0.3283283283283283,0.8218218218218218,0.055055055055055056,0
0.8808808808808809,0.8198198198198198,0.5405405405405406,0.36036036036036034,0.35735735735735735,0.7337337337337337,0.1841841841841842,0.5315315315315315,0.785785785785786,0.13213213213213212,0.918918918918919,0.3303303303303302,0.036036036036036036,0.7817817817817818,0.8358358358358359,0.8598598598598601,0.9519519519519519,0.7697697697697697,0.6466466466466466,0.43843843843843844,0
0.3033033033033033,0.7407407407407407,0.7117117117117117,0.4744744744744745,0.25625625625625625,0.07707707707707707,0.1891891891891892,0.11511511511511512,0.8618618618618619,0.6236236236236237,0.4744744744744745,0.9719719719719719,0.7497497497497497,0.17217217217217218,0.9129129129129129,0.14314314314314314,0.8968968968968969,0.24724724724724725,0.3213213213213213,0.25125125125125125,1
0.24324324324324326,0.884884884884885,0.23023023023023023,0.5465465465465466,0.3233233233233233,0.15615615615615616,0.8018018018018018,0.2502502502502503,0.2902902902902903,0.07607607607607608,0.3653653653653653,0.07207207207207207,0.06506506506506507,0.7567567567567568,0.1871871871871872,0.10710710710710711,0.40040040040040037,0.47347347347347346,0.13313313313313313,0.9019019019019019,0
0.7987987987987988,0.4164164164164164,0.983983983983984,0.04004004004004004,0.995995995995996,0.8468468468468469,0.7997997997997998,0.26126126126126126,0.7217217217217217,0.7087087087087087,0.14314314314314314,0.3123123123123123,0.5815815815815816,0.43243243243243246,0.975975975975976,0.6976976976976976,0.2952952952952953,0.011011011011011011,0.8738738738738738,0.4084084084084084,1
0.6756756756756757,0.98998998998999,0.6206206206206206,0.39039039039039036,0.2552552552552553,0.4214214214214214,0.27927927927927926,0.5375375375375375,0.7597597597597597,0.15915915915915915,0.8278278278278273,0.3333333333333333,0.13013013013013014,0.8258258258258259,0.9169169169169169,0.7017017017017017,0.6166166166166166,0.12312312312312312,0.3933933933933934,0.9519519519519519,0
0.18018018018018017,0.1931931931931932,0.7927927927927928,0.7497497497497497,0.8028028028028028,0.9019019019019019,0.5545545545545546,0.6256256256256256,0.5285285285285285,0.7167167167167168,0.21921921921921922,0.6306306306306306,0.8008008008008007,0.2932932932932933,0.5845845845845846,0.7167167167167172,0.24824824824824826,0.4394394394394394,0.38738738738738737,0.6166166166166166,1
0.6976976976976974,0.8948948948948948,0.5595595595595596,0.39539539539539537,0.1781781781781782,0.7507507507507506,0.45545545545545546,0.5535535535535535,0.9679679679679679,0.3913913913913914,0.5425425425425425,0.3813813813813814,0.031031031031031032,0.7247247247247247,0.8248248248248248,0.8938938938938938,0.5765765765765766,0.34434434434434436,0.8708708708708709,0.5015015015015015,0
0.06506506506506507,0.4994994994994995,0.003003003003003003,0.3083083083083083,0.17717717717717718,0.7467467467467468,0.24224224224224225,0.10510510510510511,0.06106106106106106,0.12812812812812813,0.3013013013013013,0.01901901901901902,0.4034034034034034,0.9269269269269269,0.3993993993993994,0.23323323323323322,0.34934934934934936,0.7667667667667668,0.5245245245245245,0.3053053053053053,0
0.32732732732732733,0.6026026026026026,0.16316316316316315,0.1931931931931932,0.27927927927927926,0.8688688688688688,0.4174174174174174,0.06506506506506507,0.28928928928928926,0.2072072072072072,0.3383383383383394,0.02702702702702703,0.24924924924924924,0.9619619619619619,0.4394394394394394,0.22922922922922923,0.2882882882882883,0.35035035035035034,0.42342342342342343,0.2022022022022022,0
0.7707707707707707,0.04204204204204204,0.11011011011011011,0.11511511511511512,0.980980980980981,0.7427427427427428,0.22522522522522523,0.08208208208208208,0.1881881881881882,0.6006006006006006,0.1961961961961962,0.12412412412412413,0.8258258258258259,0.3133133133133133,0.16716716716716717,0.46846846846846846,0.6406406406406401,0.938938938938939,0.986986986986987,0.27627627627627627,1
0.1041041041041041,0.42542542542542544,0.2522522522522523,0.7967967967967968,0.7067067067067067,0.46046046046046046,0.986986986986987,0.7877877877877878,0.9649649649649652,0.5755755755755756,0.5605605605605606,0.5585585585585585,0.13413413413413414,0.4084084084084084,0.5595595595595596,0.984984984984985,0.25725725725725723,0.955955955955956,0.958958958958959,0.7857857857857857,0
0.31931931931931934,0.7277277277277272,0.6406406406406404,0.7367367367367368,0.12312312312312312,0.5895895895895896,0.1881881881881882,0.7577577577577577,0.7387387387387387,0.28428428428428426,0.4774774774774775,0.7537537537537538,0.4264264264264264,0.7977977977977978,0.27427427427427425,0.7187187187187187,0.9219219219219219,0.5385385385385385,0.26326326326326327,0.7047047047047047,1
0.5985985985986035,0.7517517517517518,0.9479479479479468,0.9349349349349347,0.002002002002002002,0.9139139139139139,0.009009009009009009,0.5995995995995996,0.8858858858858859,0.6406406406406401,0.7287287287287287,0.8778778778778774,0.46646646646646645,0.4794794794794795,0.22322322322322322,0.34634634634634637,0.5395395395395396,0.4084084084084084,0.022022022022022022,0.5695695695695696,1
0.9179179179179177,0.3563563563563564,0.8138138138138138,0.11811811811811812,0.5435435435435435,0.4754754754754755,0.6436436436436437,0.5265265265265265,0.5605605605605606,0.9169169169169169,0.06006006006006006,0.5925925925925926,0.6606606606606605,0.36236236236236236,0.8568568568568569,0.6186186186186187,0.47247247247247265,0.04604604604604605,0.7217217217217217,0.39539539539539537,1
0.7247247247247247,0.02702702702702703,0.06806806806806834,0.3683683683683684,0.5665665665665666,0.4364364364364364,0.27427427427427425,0.3313313313313313,0.018018018018018018,0.7917917917917918,0.1941941941941942,0.35935935935935936,0.7487487487487487,0.16216216216216217,0.03903903903903904,0.25925925925925924,0.5505505505505506,0.8828828828828829,0.7777777777777778,0.029029029029029027,1
0.16016016016016016,0.4144144144144144,0.24924924924924924,0.6966966966966966,0.6936936936936937,0.5805805805805806,0.9879879879879879,0.9419419419419419,0.8938938938938938,0.5075075075075075,0.7507507507507507,0.4824824824824825,0.06106106106106106,0.4394394394394394,0.10710710710710711,0.986986986986987,0.2702702702702703,0.9769769769769769,0.8348348348348348,0.8698698698698699,0
0.1011011011011011,0.4064064064064064,0.6716716716716716,0.978978978978979,0.92992992992993,0.5655655655655656,0.9029029029029029,0.7557557557557557,0.9359359359359359,0.8728728728728729,0.5955955955955956,0.5115115115115115,0.5935935935935935,0.4894894894894895,0.009009009009009009,0.8188188188188188,0.09309309309309309,0.11911911911911911,0.923923923923924,0.9769769769769769,1
0.985985985985986,0.4034034034034034,0.2952952952952953,0.6656656656656657,0.6966966966966974,0.055055055055055056,0.6336336336336337,0.9359359359359359,0.11411411411411411,0.3843843843843844,0.9409409409409409,0.5155155155155156,0.6736736736736737,0.9239239239239239,0.6776776776776762,0.2982982982982983,0.5865865865865866,0.7477477477477475,0.3173173173173173,0.7267267267267267,0
0.17517517517517517,0.5855855855855856,0.015015015015015015,0.4864864864864865,0.25825825825825827,0.5905905905905906,0.6626626626626633,0.18118118118118118,0.24524524524524524,0.31431431431431434,0.5455455455455456,0.011011011011011011,0.08008008008008008,0.8578578578578576,0.036036036036036036,0.35735735735735735,0.13913913913913914,0.4544544544544544,0.8258258258258259,0.2922922922922923,0
0.37737737737737737,0.5775775775775776,0.5795795795795796,0.32932932932932935,0.25925925925925924,0.07907907907907907,0.42042042042042044,0.32732732732732733,0.9169169169169169,0.8088088088088088,0.32732732732732733,0.993993993993994,0.6966966966966969,0.06606606606606606,0.8998998998998999,0.3133133133133133,0.8798798798798799,0.7167167167167167,0.44044044044044045,0.08808808808808809,1
0.02002002002002002,0.6606606606606592,0.0870870870870873,0.3963963963963964,0.4644644644644645,0.31931931931931934,0.8628628628628628,0.2682682682682683,0.23323323323323322,0.09509509509509509,0.6256256256256256,0.058058058058058054,0.08808808808808809,0.8978978978978975,0.38038038038038036,0.3013013013013013,0.26626626626626626,0.45845845845845845,0.4244244244244244,0.2132132132132132,0
0.965965965965966,0.8698698698698699,0.5975975975975976,0.050050050050050046,0.15215215215215216,0.7147147147147147,0.006006006006006006,0.005005005005005005,0.8218218218218218,0.4034034034034034,0.5725725725725725,0.2222222222222222,0.4544544544544544,0.6036036036036035,0.8288288288288288,0.37737737737737737,0.8148148148148148,0.34034034034034033,0.5785785785785785,0.8478478478478478,0
0.6926926926926927,0.11411411411411411,0.4594594594594595,0.2082082082082082,0.9109109109109109,0.8038038038038038,0.6326326326326326,0.2832832832832833,0.4494494494494494,0.8688688688688688,0.07307307307307308,0.27427427427427425,0.9459459459459459,0.5115115115115115,0.7677677677677678,0.5565565565565566,0.2782782782782783,0.6006006006006006,0.9729729729729729,0.46146146146146144,1
0.13113113113113112,0.5175175175175175,0.013013013013013013,0.15615615615615616,0.23223223223223222,0.44244244244244246,0.6846846846846847,0.5765765765765766,0.050050050050050046,0.3173173173173173,0.6786786786786787,0.1961961961961962,0.3053053053053053,0.6656656656656657,0.5145145145145145,0.3833833833833834,0.12512512512512514,0.6246246246246246,0.6326326326326326,0.08108108108108109,0
0.13413413413413414,0.32932932932932935,0.8318318318318318,0.9419419419419419,0.9289289289289291,0.6456456456456456,0.7517517517517518,0.7017017017017017,0.8948948948948948,0.8598598598598599,0.8468468468468469,0.7047047047047047,0.7927927927927928,0.3533533533533534,0.07807807807807808,0.6296296296296297,0.11211211211211211,0.4314314314314314,0.5105105105105097,0.7027027027027027,1
0.3103103103103103,0.9949949949949947,0.15115115115115116,0.017017017017017015,0.1061061061061061,0.003003003003003003,0.8438438438438438,0.1031031031031031,0.11211211211211211,0.24724724724724725,0.3253253253253253,0.16216216216216217,0.36436436436436437,0.5635635635635635,0.5435435435435435,0.005005005005005005,0.04504504504504504,0.029029029029029027,0.08808808808808809,0.8308308308308309,0
0.6606606606606605,0.04104104104104104,0.043043043043043044,0.5935935935935935,0.5645645645645646,0.864864864864865,0.21621621621621623,0.5365365365365365,0.23423423423423423,0.5935935935935935,0.2062062062062062,0.3113113113113113,0.4934934934934935,0.32932932932932935,0.06106106106106106,0.8448448448448448,0.9329329329329329,0.9579579579579576,0.995995995995996,0.2072072072072072,1
0.7117117117117117,0.06006006006006006,0.3363363363363365,0.5515515515515516,0.6406406406406405,0.8298298298298298,0.33033033033033027,0.4274274274274274,0.24124124124124127,0.6036036036036037,0.022022022022022022,0.39539539539539537,0.45845845845845845,0.022022022022022022,0.3073073073073073,0.8838838838838838,0.9629629629629629,0.8318318318318318,0.8688688688688688,0.24224224224224225,1
0.6996996996996997,0.44844844844844844,0.7657657657657657,0.6776776776776777,0.9409409409409409,0.2042042042042042,0.6276276276276276,0.9309309309309309,0.12012012012012012,0.22922922922922923,0.9049049049049049,0.6426426426426426,0.6166166166166166,0.5525525525525525,0.7017017017017017,0.46546546546546547,0.5775775775775776,0.1831831831831832,0.25425425425425424,0.45945945945945965,0
0.024024024024024024,0.8568568568568569,0.7907907907907907,0.8748748748748749,0.4924924924924926,0.3553553553553551,0.9459459459459459,0.8748748748748749,0.6166166166166166,0.015015015015015015,0.7987987987987988,0.4124124124124124,0.003003003003003003,1.0,0.06906906906906907,0.8238238238238238,0.6006006006006006,0.058058058058058054,0.24324324324324323,0.3233233233233233,1
0.4144144144144144,0.6996996996996997,0.5705705705705706,0.3253253253253253,0.27627627627627627,0.04904904904904905,0.43543543543543545,0.4244244244244244,0.8808808808808809,0.7977977977977961,0.4174174174174174,0.965965965965966,0.8318318318318318,0.3943943943943944,0.7497497497497497,0.1781781781781782,0.7597597597597597,0.17717717717717718,0.4984984984984985,0.20020020020020018,1
0.33333333333333337,0.983983983983984,0.19119119119119118,0.26326326326326327,0.07107107107107107,0.07507507507507508,0.7067067067067067,0.4934934934934935,0.24824824824824826,0.10710710710710711,0.9179179179179179,0.21021021021021022,0.2042042042042042,0.8048048048048048,0.25425425425425424,0.03903903903903904,0.29429429429429427,0.5025025025025025,0.05405405405405406,0.7427427427427428,0
0.48148148148148145,0.35235235235235235,0.44044044044044045,0.986986986986987,0.5205205205205206,0.7637637637637638,0.9099099099099099,0.6536536536536537,0.6866866866866868,0.6666666666666666,0.2932932932932933,0.45045045045045046,0.16516516516516513,0.44344344344344344,0.5545545545545546,0.9089089089089089,0.16416416416416416,0.8088088088088088,0.5575575575575575,0.6026026026026026,0
0.8368368368368369,0.44644644644644643,0.6816816816816816,0.7147147147147147,0.5095095095095096,0.2212212212212213,0.17217217217217218,0.7827827827827828,0.22022022022022023,0.4544544544544544,0.26726726726726724,0.8358358358358359,0.995995995995996,0.8618618618618619,0.964964964964965,0.1111111111111111,0.6046046046046046,0.3533533533533533,0.12712712712712712,0.7317317317317317,0
0.2082082082082082,0.7037037037037037,0.7177177177177178,0.17017017017017003,0.4224224224224224,0.1681681681681682,0.24924924924924924,0.5125125125125125,0.6546546546546547,0.6366366366366366,0.7027027027027027,0.958958958958959,0.9159159159159159,0.21621621621621626,0.7127127127127127,0.24924924924924924,0.7517517517517518,0.012012012012012012,0.4124124124124124,0.2092092092092092,1
0.8638638638638638,0.9169169169169169,0.5535535535535535,0.36536536536536535,0.2922922922922923,0.42542542542542544,0.12312312312312312,0.3963963963963964,0.6076076076076076,0.14214214214214213,0.7657657657657657,0.24524524524524524,0.16316316316316315,0.8098098098098098,0.8518518518518519,0.6606606606606603,0.8768768768768769,0.33933933933933935,0.4444444444444444,0.9309309309309309,0
0.8988988988988988,0.6896896896896897,0.5485485485485485,0.4824824824824827,0.13213213213213212,0.9089089089089089,0.031031031031031032,0.3253253253253253,0.7797797797797797,0.43343343343343343,0.5765765765765766,0.3983983983983984,0.3363363363363364,0.5695695695695696,0.7087087087087087,0.6506506506506505,0.7897897897897898,0.7437437437437437,0.4944944944944945,0.4694694694694695,0
0.04104104104104104,0.973973973973974,0.965965965965966,0.7047047047047047,0.3963963963963964,0.3303303303303301,0.8488488488488488,0.944944944944945,0.8838838838838838,0.08508508508508508,0.6716716716716716,0.7837837837837838,0.06006006006006006,0.7877877877877878,0.35535535535535534,0.8218218218218218,0.5825825825825826,0.07807807807807808,0.07607607607607608,0.8058058058058059,1
0.23423423423423423,0.23023023023023023,0.45045045045045046,0.997997997997998,0.7677677677677677,0.31431431431431434,0.9679679679679679,0.6356356356356356,0.45645645645645644,0.5315315315315315,0.7207207207207178,0.5645645645645646,0.06906906906906907,0.12912912912912913,0.4934934934934935,0.8768768768768769,0.34634634634634637,0.8108108108108109,0.49249249249249255,0.3133133133133133,0
0.9249249249249252,0.09509509509509509,0.12412412412412413,0.2182182182182182,0.5125125125125125,0.33433433433433435,0.6196196196196196,0.5745745745745746,0.33433433433433435,0.9279279279279279,0.1091091091091091,0.6546546546546547,0.7057057057057057,0.23623623623623624,0.5705705705705706,0.46046046046046046,0.5255255255255256,0.990990990990991,0.6776776776776777,0.16116116116116116,1
0.5885885885885885,0.978978978978979,0.6286286286286287,0.5595595595595596,0.14614614614614616,0.32332332332332353,0.5895895895895896,0.5075075075075075,0.8738738738738738,0.2132132132132132,0.36436436436436437,0.4844844844844845,0.14014014014014015,0.990990990990991,0.9849849849849852,0.5895895895895896,0.5675675675675675,0.1061061061061061,0.33233233233233234,0.4194194194194194,0
0.6786786786786787,0.8708708708708709,0.6636636636636637,0.0920920920920921,0.23923923923923923,0.5075075075075075,0.12912912912912913,0.031031031031031032,0.7097097097097097,0.44744744744744747,0.26126126126126126,0.3063063063063063,0.44644644644644643,0.5725725725725725,0.7447447447447447,0.3973973973973974,0.5525525525525525,0.008008008008008008,0.48648648648648646,0.6016016016016016,0
0.44644644644644643,0.7797797797797797,0.6476476476476476,0.9109109109109109,0.19019019019019018,0.33933933933933935,0.28928928928928926,0.6636636636636637,0.5775775775775776,0.2022022022022022,0.6696696696696697,0.5835835835835835,0.3153153153153153,0.91991991991992,0.09509509509509464,0.5235235235235235,0.8818818818818819,0.4424424424424427,0.17217217217217218,0.7597597597597597,1
0.42542542542542544,0.8618618618618619,0.8578578578578577,0.6256256256256256,0.07907907907907907,0.6386386386386387,0.09009009009009004,0.7107107107107107,0.5875875875875876,0.17417417417417416,0.6656656656656657,0.7557557557557557,0.3433433433433434,0.5225225225225225,0.45145145145145144,0.6696696696696697,0.8238238238238238,0.45945945945945943,0.06306306306306306,0.9449449449449452,1
0.8058058058058059,0.8528528528528528,0.3303303303303303,0.1881881881881882,0.1971971971971972,0.5615615615615616,0.28428428428428426,0.4804804804804805,0.7487487487487487,0.35735735735735735,0.3923923923923924,0.24124124124124124,0.22322322322322322,0.9459459459459459,0.8968968968968969,0.7987987987987988,0.7057057057057057,0.2982982982982983,0.965965965965966,0.6796796796796797,0
0.1881881881881882,0.15015015015015015,0.2962962962962963,0.8878878878878879,0.8988988988988988,0.955955955955956,0.7427427427427428,0.6626626626626626,0.8108108108108109,0.4804804804804805,0.9349349349349346,0.38238238238238237,0.3553553553553552,0.3163163163163163,0.23723723723723725,0.965965965965966,0.4214214214214214,0.973973973973974,0.9519519519519519,0.8258258258258259,0
0.03203203203203203,0.6936936936936937,0.018018018018018018,0.3633633633633635,0.19119119119119118,0.40040040040040037,0.6296296296296297,0.36936936936936937,0.2012012012012012,0.26726726726726724,0.6756756756756757,0.07307307307307308,0.2912912912912913,0.8488488488488488,0.3843843843843844,0.2802802802802803,0.0970970970970971,0.36236236236236236,0.6146146146146146,0.2902902902902903,0
0.5365365365365365,0.6376376376376376,0.7597597597597597,0.9949949949949947,0.3503503503503503,0.5435435435435435,0.22622622622622623,0.6456456456456456,0.44644644644644643,0.22822822822822822,0.3963963963963964,0.4964964964964965,0.33733733733733734,0.7777777777777769,0.16516516516516516,0.5475475475475475,0.7187187187187187,0.5695695695695696,0.06406406406406406,0.943943943943944,1
0.973973973973974,0.14514514514514515,0.6336336336336337,0.7547547547547547,0.9059059059059059,0.15315315315315314,0.3153153153153153,0.958958958958959,0.009009009009009009,0.2032032032032032,0.6066066066066066,0.6236236236236237,0.8638638638638638,0.6946946946946947,0.6556556556556556,0.3353353353353352,0.9429429429429429,0.5495495495495496,0.1881881881881882,0.5505505505505506,0
0.964964964964965,0.46646646646646645,0.3663663663663664,0.7457457457457457,0.4964964964964965,0.08708708708708708,0.6096096096096096,0.988988988988989,0.16116116116116116,0.48848848848848847,0.6006006006006006,0.7407407407407407,0.8728728728728729,0.978978978978979,0.8558558558558559,0.15715715715715717,0.49749749749749733,0.7017017017017017,0.23523523523523523,0.5655655655655656,0
0.8198198198198198,0.24524524524524524,0.9629629629629629,0.5565565565565566,0.6616616616616616,0.44544544544544545,0.8098098098098098,0.5295295295295295,0.5835835835835835,0.9669669669669669,0.09509509509509509,0.6696696696696697,0.5835835835835835,0.01901901901901902,0.7067067067067067,0.5435435435435435,0.14514514514514515,0.15515515515515516,0.3233233233233233,0.4394394394394394,1
0.43243243243243246,0.5425425425425425,0.5125125125125125,0.3333333333333333,0.43243243243243246,0.28128128128128127,0.2772772772772773,0.3503503503503503,0.5615615615615616,0.5795795795795796,0.5315315315315315,0.9079079079079078,0.6496496496496497,0.3563563563563564,0.8828828828828829,0.3763763763763764,0.6816816816816816,0.5175175175175175,0.5965965965965966,0.08608608608608609,1
0.5095095095095095,0.4954954954954955,0.03903903903903904,0.2802802802802803,0.1871871871871872,0.5285285285285285,0.8298298298298298,0.5595595595595596,0.15615615615615616,0.43043043043043044,0.6416416416416416,0.14014014014014015,0.028028028028028028,0.5685685685685685,0.28928928928928926,0.4594594594594595,0.10510510510510511,0.6776776776776757,0.6836836836836837,0.02002002002002002,0
0.5405405405405406,0.4424424424424425,0.5445445445445446,0.7167167167167179,0.98998998998999,0.3033033033033033,0.997997997997998,0.8588588588588588,0.7337337337337337,0.5175175175175175,0.7537537537537538,0.5305305305305306,0.023023023023023025,0.04104104104104104,0.5925925925925926,0.988988988988989,0.20020020020020018,0.8808808808808809,0.7157157157157157,0.8168168168168168,0
0.7637637637637638,0.25425425425425424,0.6916916916916916,0.25325325325325326,0.6506506506506499,0.5575575575575575,0.7627627627627628,0.14214214214214213,0.7967967967967968,0.970970970970971,0.009009009009009009,0.3613613613613614,0.6836836836836837,0.16716716716716717,0.6236236236236237,0.5175175175175175,0.13313313313313313,0.46346346346346345,0.7007007007007007,0.933933933933934,1
0.16716716716716717,0.24724724724724725,0.9249249249249253,0.8348348348348348,0.8958958958958959,0.7587587587587588,0.7097097097097097,0.6506506506506504,0.8638638638638638,0.8548548548548548,0.25725725725725723,0.7937937937937938,0.8098098098098098,0.16316316316316315,0.44644644644644643,0.7487487487487487,0.2552552552552553,0.3333333333333333,0.4184184184184184,0.7197197197197197,1
0.5625625625625625,0.5295295295295295,0.24824824824824826,0.16516516516516516,0.14114114114114115,0.6576576576576576,0.1011011011011011,0.07607607607607608,0.2922922922922923,0.5265265265265265,0.6506506506506502,0.25225225225225223,0.5015015015015015,0.5865865865865866,0.36536536536536524,0.10510510510510511,0.45845845845845845,0.01001001001001001,0.6766766766766766,0.04104104104104104,0
0.05305305305305305,0.6786786786786787,0.42042042042042044,0.46046046046046046,0.1921921921921922,0.25925925925925924,0.08708708708708733,0.1841841841841842,0.5575575575575575,0.5435435435435435,0.6586586586586587,0.9139139139139139,0.8198198198198198,0.3923923923923924,0.8488488488488488,0.24824824824824826,0.7257257257257257,0.1091091091091091,0.5955955955955956,0.2032032032032032,1
0.2922922922922923,0.6036036036036035,0.9329329329329329,0.5615615615615616,0.4754754754754755,0.18518518518518515,0.14914914914914915,0.2972972972972973,0.8728728728728729,0.6266266266266266,0.3563563563563564,0.9779779779779779,0.9369369369369369,0.12312312312312312,0.7757757757757757,0.27627627627627627,0.9769769769769769,0.07907907907907907,0.3103103103103103,0.26926926926926925,1
0.4274274274274274,0.3053053053053053,0.9579579579579577,0.7077077077077077,0.8568568568568569,0.9059059059059059,0.6446446446446447,0.6576576576576576,0.8428428428428428,0.8498498498498498,0.22122122122122123,0.7327327327327328,0.7197197197197197,0.12612612612612611,0.5635635635635635,0.8378378378378378,0.2732732732732733,0.14114114114114115,0.46846846846846846,0.8008008008008007,1
0.5035035035035035,0.26626626626626626,0.5145145145145145,0.7567567567567568,0.953953953953954,0.5705705705705706,0.980980980980981,0.7207207207207205,0.9159159159159159,0.6916916916916916,0.4044044044044044,0.5255255255255256,0.17617617617617617,0.03803803803803804,0.5165165165165165,0.97997997997998,0.1871871871871872,0.9279279279279278,0.8148148148148148,0.9329329329329329,0
0.09109109109109109,0.49149149149149146,0.057057057057057055,0.5185185185185185,0.24024024024024024,0.5395395395395399,0.6776776776776773,0.5875875875875876,0.25825825825825827,0.4824824824824825,0.6116116116116116,0.3213213213213213,0.3803803803803801,0.5715715715715716,0.4114114114114114,0.4914914914914915,0.14814814814814814,0.4174174174174174,0.8448448448448448,0.12612612612612611,0
0.7777777777777218,0.3803803803803803,0.9409409409409409,0.9039039039039038,0.8398398398398398,0.20520520520520522,0.40540540540540543,0.965965965965966,0.07707707707707707,0.25825825825825827,0.7727727727727728,0.8558558558558559,0.7677677677677665,0.5435435435435435,0.7767767767767768,0.3653653653653653,0.7407407407407407,0.06006006006006006,0.08408408408408408,0.3843843843843844,0
0.9569569569569569,0.3333333333333336,0.6976976976976977,0.9269269269269269,0.6896896896896897,0.2272272272272272,0.2502502502502503,0.8948948948948902,0.3893893893893894,0.6096096096096096,0.9819819819819819,0.8948948948948949,0.9579579579579579,0.5125125125125125,0.7787787787787788,0.4174174174174174,0.6776776776776776,0.7677677677677675,0.3013013013013013,0.7477477477477477,0
0.5005005005005004,0.14214214214214213,0.7357357357357357,0.8918918918918919,0.993993993993994,0.95995995995996,0.8348348348348348,0.6056056056056056,0.6466466466466466,0.5195195195195195,0.4854854854854855,0.3763763763763764,0.21621621621621634,0.013013013013013013,0.5285285285285285,0.9649649649649651,0.27227227227227224,0.8568568568568569,0.5275275275275275,0.8418418418418419,0
0.6836836836836837,0.062062062062062065,0.3383383383383383,0.17217217217217218,0.9769769769769769,0.4574574574574573,0.5195195195195195,0.18218218218218218,0.14314314314314314,0.5965965965965966,0.14614614614614616,0.2912912912912913,0.7517517517517518,0.33733733733733734,0.17117117117117117,0.32232232232232233,0.6106106106106106,0.8178178178178178,0.6976976976976977,0.06606606606606606,1
0.3023023023023023,0.9039039039039038,0.5845845845845846,0.92992992992993,0.011011011011011011,0.6946946946946947,0.09509509509509509,0.6156156156156156,0.8748748748748749,0.3833833833833834,0.992992992992993,0.6406406406406406,0.21521521521521522,0.7317317317317319,0.35735735735735735,0.6536536536536537,0.6066066066066066,0.0980980980980981,0.31931931931931934,0.47347347347347346,1
0.8068068068068068,0.958958958958959,0.5245245245245245,0.21521521521521522,0.33433433433433435,0.5355355355355356,0.13813813813813813,0.2072072072072072,0.7327327327327328,0.23623623623623624,0.8668668668668669,0.14214214214214213,0.16616616616616617,0.7437437437437437,0.7117117117117117,0.6136136136136137,0.6116116116116116,0.18518518518518517,0.6196196196196196,0.968968968968969,0
0.5145145145145145,0.33233233233233234,0.7817817817817818,0.8398398398398398,0.8208208208208209,0.5205205205205206,0.8998998998998999,0.8458458458458459,0.8528528528528528,0.9429429429429429,0.4544544544544544,0.7767767767767768,0.5955955955955956,0.2132132132132132,0.34534534534534533,0.8248248248248248,0.1041041041041041,0.2652652652652653,0.7527527527527528,0.6596596596596597,1
0.06306306306306306,0.7097097097097097,0.3933933933933934,0.15915915915915915,0.13813813813813813,0.043043043043043044,0.4324324324324325,0.25625625625625625,0.8048048048048048,0.7277277277277263,0.23623623623623632,0.9629629629629629,0.7477477477477468,0.18518518518518517,0.7957957957957961,0.24124124124124133,0.7277277277277276,0.5165165165165165,0.4114114114114114,0.2732732732732733,1
0.1971971971971972,0.5565565565565566,0.1031031031031031,0.5575575575575575,0.13113113113113112,0.998998998998999,0.15215215215215216,0.1981981981981982,0.3313313313313313,0.25625625625625625,0.94994994994995,0.016016016016016016,0.15915915915915915,0.950950950950951,0.018018018018018018,0.34834834834834844,0.15115115115115116,0.6146146146146146,0.5335335335335335,0.23323323323323322,0
0.11611611611611611,0.9129129129129129,0.9159159159159159,0.6726726726726727,0.4074074074074074,0.35335335335335366,0.6856856856856857,0.923923923923925,0.5845845845845846,0.035035035035035036,0.8238238238238238,0.6086086086086087,0.043043043043043044,0.8078078078078036,0.04204204204204204,0.7887887887887888,0.7997997997997998,0.06906906906906907,0.0890890890890891,0.7627627627627628,1
0.2752752752752753,0.7237237237237237,0.5205205205205206,0.44344344344344344,0.45345345345345345,0.008008008008008008,0.7027027027027027,0.4084084084084084,0.8878878878878878,0.6196196196196196,0.5365365365365365,0.9429429429429429,0.6896896896896897,0.4934934934934935,0.8128128128128128,0.14214214214214213,0.6566566566566566,0.5925925925925926,0.36936936936936937,0.24824824824824826,1
0.12812812812812813,0.974974974974975,0.5055055055055055,0.025025025025025023,0.4574574574574575,0.3053053053053053,0.2852852852852853,0.33433433433433435,0.06006006006006006,0.009009009009009009,0.8928928928928929,0.06106106106106106,0.47147147147147145,0.8308308308308309,0.47347347347347346,0.03003003003003003,0.2012012012012012,0.001001001001001001,0.023023023023023025,0.7657657657657657,0
0.9069069069069069,0.3013013013013013,0.7237237237237237,0.23123123123123124,0.6536536536536537,0.4944944944944945,0.6656656656656657,0.23223223223223222,0.9369369369369369,0.9769769769769769,0.17017017017017017,0.5335335335335335,0.9419419419419419,0.4544544544544544,0.7197197197197197,0.3163163163163163,0.1931931931931932,0.6826826826826827,0.7617617617617618,0.5145145145145145,1
0.98998998998999,0.7107107107107101,0.5455455455455456,0.47347347347347346,0.3863863863863864,0.7037037037037037,0.05305305305305305,0.4904904904904905,0.7637637637637638,0.3983983983983984,0.7637637637637638,0.3483483483483484,0.3963963963963964,0.6986986986986987,0.7837837837837838,0.7327327327327328,0.924924924924926,0.7057057057057057,0.7827827827827828,0.8368368368368369,0
0.6376376376376376,0.23923923923923923,0.6446446446446447,0.4014014014014014,0.5875875875875876,0.8938938938938938,0.2832832832832833,0.08108108108108109,0.6176176176176176,0.7507507507507474,0.15315315315315314,0.3363363363363364,0.6446446446446447,0.34234234234234234,0.6476476476476476,0.5645645645645646,0.46646646646646645,0.6126126126126126,0.7037037037037037,0.6216216216216216,1
0.10510510510510511,0.2952952952952953,0.2122122122122122,0.94994994994995,0.5235235235235235,0.904904904904905,0.7807807807807807,0.9089089089089089,0.43543543543543545,0.5275275275275275,0.7787787787787788,0.4474474474474474,0.3103103103103103,0.42342342342342343,0.34734734734734735,0.960960960960961,0.1941941941941942,0.8468468468468469,0.8048048048048048,0.8348348348348348,0
0.7597597597597597,0.4964964964964965,0.6196196196196196,0.7377377377377371,0.6156156156156156,0.17517517517517517,0.4744744744744745,0.7947947947947948,0.2072072072072072,0.19519519519519518,0.5755755755755756,0.5695695695695696,0.5235235235235235,0.7127127127127127,0.6286286286286287,0.43243243243243595,0.8378378378378377,0.4494494494494494,0.23423423423423423,0.6776776776776777,0
0.7897897897897898,0.03903903903903904,0.3503503503503502,0.5315315315315315,0.8948948948948949,0.9719719719719719,0.17717717717717718,0.18618618618618618,0.2972972972972973,0.5155155155155156,0.13913913913913914,0.1921921921921922,0.46846846846846846,0.11311311311311333,0.07007007007007007,0.8458458458458459,0.980980980980981,0.8718718718718719,0.94994994994995,0.24424424424424424,1
0.5105105105105106,0.9329329329329329,0.986986986986987,0.5995995995995996,0.3153153153153153,0.3353353353353349,0.5015015015015015,0.9179179179179178,0.983983983983984,0.32232232232232233,0.9529529529529529,0.8958958958958959,0.3183183183183183,0.5645645645645646,0.18618618618618618,0.6686686686686687,0.8318318318318318,0.3133133133133133,0.10710710710710711,0.7077077077077065,1
0.26926926926926925,0.13413413413413414,0.3853853853853853,0.933933933933934,0.8728728728728729,0.8538538538538538,0.8728728728728729,0.6666666666666669,0.45145145145145144,0.5325325325325325,0.5045045045045045,0.43543543543543545,0.26926926926926925,0.056056056056056056,0.5425425425425425,0.950950950950951,0.18518518518518517,0.9169169169169169,0.6176176176176176,0.6816816816816816,0
0.5485485485485485,0.6236236236236237,0.3263263263263263,0.48348348348348347,0.25125125125125125,0.1791791791791792,0.04904904904904905,0.3533533533533536,0.472472472472473,0.7247247247247247,0.997997997997998,0.914914914914915,0.8878878878878876,0.3843843843843844,0.6746746746746747,0.14414414414414414,0.7987987987987988,0.1041041041041041,0.948948948948949,0.08208208208208208,1
0.11911911911911911,0.4844844844844845,0.9669669669669669,0.9059059059059059,0.9819819819819819,0.6796796796796797,0.8428428428428428,0.6186186186186187,0.997997997997998,0.8408408408408409,0.7397397397397397,0.6126126126126126,0.7397397397397397,0.4804804804804805,0.07107107107107107,0.6026026026026026,0.08608608608608609,0.2922922922922923,0.4744744744744745,0.9089089089089089,1
0.026026026026026026,0.6416416416416416,0.42342342342342343,0.2872872872872873,0.28928928928928926,0.1921921921921922,0.5665665665665666,0.23523523523523523,0.8968968968968969,0.6086086086086087,0.4804804804804805,0.9569569569569569,0.5455455455455456,0.2272272272272272,0.960960960960961,0.4034034034034034,0.6226226226226226,0.7397397397397397,0.6156156156156156,0.024024024024024024,1
0.38738738738738737,0.985985985985986,0.17417417417417416,0.055055055055055056,0.15315315315315314,0.031031031031031032,0.7907907907907907,0.35435435435435436,0.14014014014014015,0.1041041041041041,0.6236236236236237,0.1011011011011011,0.24524524524524524,0.7837837837837838,0.22622622622622623,0.017017017017017015,0.17017017017017017,0.2502502502502503,0.044044044044044044,0.8748748748748747,0
0.2902902902902903,0.9069069069069069,0.6076076076076076,0.6376376376376376,0.21921921921921922,0.34734734734734735,0.4244244244244244,0.6846846846846847,0.7007007007007001,0.06506506506506507,0.8328328328328328,0.5745745745745746,0.16716716716716717,0.9649649649649652,0.5615615615615616,0.7057057057057057,0.8568568568568569,0.36936936936936937,0.2782782782782783,0.6306306306306306,1
0.7107107107107103,0.45045045045045046,0.6946946946946947,0.8228228228228228,0.8668668668668669,0.12912912912912913,0.45845845845845845,0.6596596596596597,0.3303303303303303,0.25225225225225223,0.7347347347347347,0.6486486486486487,0.6986986986986987,0.6786786786786787,0.8018018018018018,0.3333333333333333,0.8208208208208209,0.6156156156156156,0.26626626626626626,0.6616616616616616,0
0.4444444444444444,0.5335335335335335,0.6166166166166166,0.8188188188188188,0.9019019019019019,0.8528528528528528,0.9669669669669669,0.7807807807807807,0.6516516516516516,0.2922922922922923,0.5575575575575575,0.21521521521521522,0.006006006006006006,0.44544544544544545,0.4944944944944945,0.996996996996997,0.3263263263263263,0.7917917917917918,0.5795795795795796,0.9679679679679679,0
0.11411411411411411,0.5505505505505506,0.08408408408408408,0.5205205205205206,0.3683683683683684,0.30430430430430433,0.39039039039039036,0.1091091091091091,0.16816816816816818,0.36036036036036034,0.5225225225225225,0.18518518518518517,0.48648648648648657,0.7257257257257257,0.5075075075075075,0.11011011011011011,0.4024024024024024,0.0890890890890891,0.6106106106106106,0.21521521521521522,0
0.943943943943944,0.04604604604604605,0.06706706706706707,0.13213213213213212,0.5225225225225225,0.6716716716716716,0.14314314314314314,0.4694694694694695,0.056056056056056056,0.8068068068068068,0.1881881881881882,0.37237237237237236,0.5995995995995996,0.02102102102102102,0.18118118118118118,0.5705705705705706,0.6876876876876875,0.934934934934935,0.933933933933934,0.18218218218218218,1
0.938938938938939,0.24124124124124124,0.8618618618618619,0.058058058058058054,0.8148148148148148,0.6086086086086087,0.7947947947947948,0.6016016016016016,0.44844844844844844,0.9529529529529529,0.06306306306306306,0.5605605605605606,0.7847847847847848,0.10710710710710711,0.96996996996997,0.7207207207207207,0.13413413413413414,0.05305305305305305,0.7967967967967968,0.5885885885885885,1
0.6886886886886887,0.057057057057057055,0.3783783783783784,0.3713713713713714,0.7617617617617618,0.7607607607607602,0.35135135135135137,0.04504504504504504,0.3713713713713714,0.7877877877877862,0.01001001001001001,0.4064064064064064,0.6266266266266266,0.09109109109109109,0.3013013013013013,0.5445445445445446,0.7787787787787788,0.8908908908908909,0.7107107107107107,0.18018018018018017,1
0.8208208208208209,0.8598598598598601,0.5165165165165165,0.2682682682682683,0.3253253253253253,0.7597597597597597,0.23923923923923923,0.21621621621621623,0.5795795795795796,0.09309309309309309,0.4624624624624625,0.15915915915915915,0.12812812812812813,0.992992992992993,0.998998998998999,0.6076076076076076,0.6366366366366366,0.5355355355355356,0.47347347347347346,0.3743743743743744,0
0.8798798798798799,0.050050050050050046,0.2092092092092092,0.46846846846846846,0.5275275275275275,0.6846846846846847,0.1961961961961962,0.5445445445445448,0.16616616616616617,0.7307307307307302,0.04904904904904905,0.4444444444444444,0.5315315315315315,0.06506506506506507,0.10810810810810811,0.7617617617617618,0.978978978978979,0.8768768768768769,0.8268268268268268,0.2652652652652653,1
0.4244244244244244,0.8758758758758759,0.998998998998999,0.6646646646646647,0.3833833833833834,0.48748748748748744,0.5995995995995996,0.9349349349349348,0.8378378378378378,0.12712712712712712,0.49749749749749744,0.8248248248248248,0.12912912912912913,0.6086086086086087,0.16916916916916916,0.7637637637637638,0.8068068068068068,0.30930930930930933,0.002002002002002002,0.8428428428428428,1
0.2212212212212216,0.7187187187187187,0.14114114114114115,0.2822822822822823,0.026026026026026026,0.8798798798798799,0.2652652652652653,0.38538538538538436,0.32732732732732733,0.3993993993993994,0.9419419419419419,0.2062062062062062,0.40040040040040037,0.8698698698698699,0.4744744744744745,0.13113113113113112,0.043043043043043044,0.35935935935935936,0.34734734734734735,0.11511511511511512,0
0.7087087087087087,0.3653653653653652,0.8428428428428428,0.07207207207207207,0.7387387387387387,0.9459459459459459,0.32332332332332336,0.24924924924924924,0.8248248248248248,0.7637637637637638,0.17117117117117117,0.4694694694694695,0.7597597597597597,0.2852852852852853,0.9409409409409409,0.6996996996996997,0.45745745745745736,0.5675675675675675,0.8168168168168168,0.7007007007007003,1
0.24224224224224225,0.944944944944947,0.2172172172172172,0.3183183183183183,0.06506506506506507,0.23823823823823823,0.5205205205205206,0.2732732732732733,0.2112112112112112,0.013013013013013013,0.8968968968968969,0.13413413413413414,0.05905905905905906,0.8788788788788788,0.28128128128128127,0.057057057057057055,0.4644644644644653,0.6306306306306306,0.043043043043043044,0.3863863863863864,0
0.3683683683683684,0.7487487487487487,0.11811811811811818,0.26226226226226224,0.32232232232232233,0.2032032032032032,0.8648648648648652,0.27127127127127126,0.09009009009009009,0.2952952952952953,0.23123123123123124,0.044044044044044044,0.21921921921921922,0.6066066066066066,0.13513513513513514,0.07307307307307308,0.07007007007007007,0.24924924924924924,0.23823823823823823,0.5325325325325325,0
0.5825825825825826,0.6686686686686687,0.997997997997998,0.7507507507507504,0.3013013013013013,0.6106106106106106,0.26426426426426425,0.9379379379379379,0.9419419419419419,0.46146146146146144,0.4794794794794795,0.9169169169169169,0.47647647647647645,0.5245245245245245,0.10010010010010009,0.6216216216216216,0.8528528528528528,0.7247247247247247,0.004004004004004004,0.7577577577577578,1
0.035035035035035036,0.6556556556556556,0.012012012012012012,0.4194194194194194,0.18118118118118118,0.3763763763763764,0.4544544544544544,0.09009009009009009,0.22322322322322322,0.35235235235235235,0.6356356356356356,0.03803803803803804,0.35735735735735735,0.7717717717717718,0.16216216216216217,0.16916916916916924,0.14614614614614616,0.18218218218218218,0.7947947947947948,0.29929929929929944,0
0.5195195195195195,0.5435435435435435,0.03403403403403403,0.2272272272272272,0.12712712712712712,0.978978978978979,0.37237237237237236,0.26226226226226224,0.1781781781781782,0.30430430430430433,0.41541541541541543,0.004004004004004004,0.0970970970970971,0.9429429429429429,0.050050050050050046,0.4014014014014014,0.13213213213213212,0.47047047047047047,0.6876876876876877,0.2782782782782783,0
0.9159159159159159,0.9349349349349348,0.5105105105105104,0.07007007007007007,0.4134134134134134,0.5305305305305306,0.06506506506506507,0.05905905905905906,0.8988988988988988,0.29929929929929927,0.8848848848848849,0.18018018018018017,0.43743743743743746,0.8558558558558559,0.94994994994995,0.5025025025025025,0.6806806806806788,0.4444444444444444,0.8298298298298298,0.9619619619619619,0
0.8898898898898899,0.2272272272272272,0.958958958958959,0.1781781781781782,0.988988988988989,0.6286286286286287,0.9109109109109109,0.5495495495495496,0.44544544544544545,0.7527527527527528,0.02002002002002002,0.36336336336336333,0.5145145145145145,0.2882882882882883,0.958958958958959,0.8408408408408409,0.39039039039039036,0.007007007007007007,0.7767767767767768,0.4644644644644645,1
0.04204204204204204,0.9179179179179177,0.988988988988989,0.5835835835835835,0.18218218218218218,0.7377377377377378,0.5515515515515516,0.973973973973974,0.943943943943944,0.13313313313313313,0.34434434434434436,0.8998998998998999,0.2012012012012012,0.6006006006006006,0.5525525525525525,0.9039039039039038,0.7797797797797797,0.3163163163163163,0.06006006006006006,0.6456456456456456,1
0.46046046046046046,0.10710710710710711,0.3183183183183183,0.8668668668668669,0.7627627627627628,0.46446446446446465,0.975975975975976,0.9099099099099099,0.43043043043043044,0.8128128128128128,0.4144144144144144,0.7107107107107087,0.24224224224224225,0.003003003003003003,0.2132132132132132,0.9429429429429429,0.15515515515515516,0.9719719719719719,0.5635635635635635,0.34434434434434436,0
0.6806806806806807,0.5255255255255256,0.7917917917917918,0.948948948948949,0.5405405405405406,0.08508508508508508,0.3763763763763764,0.6236236236236237,0.3583583583583584,0.3973973973973974,0.3433433433433434,0.8168168168168168,0.8188188188188188,0.7027027027027027,0.8678678678678678,0.14514514514514515,0.7377377377377377,0.23723723723723725,0.15215215215215216,0.6376376376376376,0
0.980980980980981,0.9579579579579577,0.3703703703703703,0.06906906906906907,0.13513513513513514,0.8408408408408409,0.22022022022022023,0.5935935935935935,0.973973973973974,0.32432432432432434,0.943943943943944,0.23123123123123138,0.018018018018018018,0.8478478478478478,0.8888888888888888,0.958958958958959,0.8178178178178178,0.6016016016016016,0.992992992992993,0.9429429429429429,0
0.990990990990991,0.11311311311311312,0.7957957957957958,0.991991991991992,0.5795795795795796,0.22622622622622648,0.07907907907907907,0.992992992992993,0.09309309309309309,0.5125125125125125,0.4364364364364364,0.9129129129129129,0.997997997997998,0.5595595595595596,0.7347347347347347,0.2122122122122122,0.955955955955956,0.7347347347347347,0.05105105105105105,0.5755755755755756,0
0.7887887887887888,0.009009009009009009,0.2182182182182182,0.2502502502502503,0.7497497497497497,0.8568568568568569,0.04604604604604605,0.19519519519519518,0.025025025025025023,0.4444444444444444,0.0940940940940941,0.32732732732732733,0.9469469469469469,0.47147147147147145,0.4194194194194194,0.25825825825825827,0.933933933933934,0.9879879879879879,0.32932932932932935,0.0970970970970971,1
0.050050050050050046,0.8938938938938938,0.8728728728728729,0.8948948948948948,0.5695695695695696,0.43543543543543545,0.8778778778778779,0.9049049049049052,0.45845845845845845,0.0,0.9619619619619619,0.32832832832833786,0.001001001001001001,0.991991991991992,0.5375375375375375,0.9239239239239239,0.7557557557557557,0.37737737737737737,0.16316316316316315,0.7747747747747747,1
0.7187187187187187,0.46546546546546547,1.0,0.7257257257257257,0.5255255255255256,0.48348348348348347,0.03903903903903904,0.8088088088088088,0.4084084084084084,0.43543543543543545,0.5115115115115115,0.92992992992993,0.9229229229229229,0.4144144144144144,0.7867867867867868,0.4974974974974975,0.9019019019019019,0.48248248248248293,0.04104104104104122,0.6486486486486487,0
0.3853853853853853,0.5265265265265265,0.05105105105105105,0.5405405405405406,0.3073073073073073,0.9039039039039038,0.8048048048048048,0.5035035035035035,0.26126126126126126,0.2982982982982983,0.4994994994994995,0.013013013013013013,0.008008008008008008,0.9129129129129129,0.08308308308308308,0.5735735735735735,0.06406406406406406,0.6666666666666684,0.6966966966966968,0.24324324324324356,0
0.45045045045045046,0.7887887887887888,0.5605605605605606,0.7727727727727728,0.3053053053053053,0.43343343343343343,0.07107107107107107,0.6696696696696697,0.3943943943943944,0.08408408408408408,0.9009009009009009,0.47347347347347346,0.38738738738738737,0.5955955955955956,0.1781781781781782,0.6356356356356356,0.8998998998998999,0.4744744744744745,0.2132132132132132,0.995995995995996,1
0.7307307307307306,0.45845845845845845,0.938938938938939,0.9669669669669669,0.9629629629629629,0.13613613613613612,0.4954954954954955,0.5985985985985989,0.3963963963963964,0.2702702702702703,0.9019019019019019,0.7597597597597597,0.5395395395395396,0.5045045045045047,0.7407407407407406,0.3963963963963964,0.9209209209209209,0.7027027027027027,0.22022022022022023,0.5525525525525525,0
0.08008008008008008,0.11211211211211211,0.5755755755755756,0.7757757757757757,0.9309309309309309,0.8418418418418419,0.7797797797797797,0.7257257257257257,0.3973973973973974,0.5095095095095095,0.45345345345345345,0.5915915915915916,0.46246246246246264,0.018018018018018018,0.08408408408408408,0.8868868868868869,0.3813813813813814,0.8648648648648659,0.3283283283283283,0.4844844844844845,0
0.4044044044044044,0.6096096096096096,0.7127127127127127,0.02702702702702703,0.4934934934934935,0.03903903903903904,0.34034034034034033,0.5805805805805806,0.45345345345345345,0.6216216216216216,0.5925925925925926,0.9819819819819819,0.9779779779779779,0.04804804804804805,0.7287287287287287,0.17517517517517506,0.7857857857857857,0.28428428428428426,0.3053053053053053,0.25225225225225223,1
0.8018018018018018,0.933933933933934,0.46346346346346345,0.062062062062062065,0.2132132132132132,0.8548548548548552,0.02702702702702703,0.13013013013013014,0.6416416416416416,0.0890890890890891,0.7967967967967968,0.15215215215215216,0.26626626626626626,0.9349349349349348,0.98998998998999,0.6196196196196196,0.7547547547547547,0.47647647647647645,0.6126126126126126,0.7937937937937938,0
0.23723723723723725,0.5345345345345345,0.2802802802802803,0.36936936936936937,0.23723723723723725,0.24824824824824826,0.34734734734734735,0.07707707707707707,0.6266266266266266,0.6386386386386387,0.3353353353353353,0.8978978978978978,0.5215215215215215,0.12212212212212212,0.8788788788788788,0.3663663663663664,0.6056056056056056,0.7927927927927928,0.6676676676676679,0.12312312312312312,1
0.3533533533533533,0.4244244244244244,0.09309309309309309,0.40540540540540543,0.44044044044044045,0.5055055055055055,0.5945945945945946,0.23923923923923923,0.10010010010010009,0.3713713713713714,0.6806806806806807,0.07907907907907907,0.2962962962962963,0.6046046046046046,0.11811811811812344,0.2032032032032032,0.24924924924924924,0.34934934934934936,0.5915915915915916,0.04904904904904905,0
0.8238238238238238,0.4854854854854855,0.9119119119119119,0.8658658658658659,0.6836836836836837,0.1831831831831832,0.33733733733733734,0.6656656656656657,0.3553553553553553,0.3073073073073073,0.6246246246246246,0.8228228228228228,0.7407407407407407,0.6576576576576576,0.913913913913914,0.21521521521521522,0.8138138138138138,0.5585585585585585,0.1031031031031031,0.45345345345345345,0
0.8248248248248248,0.3943943943943944,0.8558558558558559,0.7627627627627628,0.8628628628628628,0.24124124124124124,0.3943943943943944,0.96996996996997,0.14714714714714713,0.2122122122122122,0.8028028028028028,0.7057057057057057,0.6156156156156156,0.5375375375375375,0.6126126126126126,0.5315315315315315,0.8648648648648649,0.3313313313313313,0.17117117117117117,0.7757757757757757,0
0.9139139139139143,0.06406406406406406,0.45345345345345345,0.08808808808808809,0.973973973973974,0.8088088088088088,0.2272272272272272,0.018018018018018018,0.3053053053053053,0.5845845845845846,0.12712712712712712,0.23923923923923923,0.6646646646646647,0.15615615615615616,0.4264264264264264,0.4184184184184184,0.7967967967967968,0.8998998998998999,0.6746746746746747,0.16716716716716717,1
0.4114114114114114,0.5475475475475475,0.8188188188188188,0.03203203203203203,0.48148148148148145,0.04204204204204204,0.4314314314314314,0.5655655655655656,0.5505505505505506,0.5975975975975976,0.34734734734734735,0.998998998998999,0.934934934934935,0.014014014014014014,0.988988988988989,0.2272272272272272,0.8888888888888888,0.7517517517517518,0.25325325325325326,0.07307307307307308,1
0.5255255255255256,0.22022022022022023,0.8638638638638638,0.8358358358358359,0.970970970970971,0.8328328328328328,0.8288288288288288,0.92992992992993,0.938938938938939,0.973973973973974,0.8128128128128128,0.7247247247247247,0.990990990990991,0.5325325325325325,0.09309309309309309,0.5805805805805806,0.006006006006006006,0.22822822822822822,0.7797797797797797,0.5895895895895896,1
0.17217217217217218,0.5105105105105064,0.026026026026026026,0.08708708708708708,0.25225225225225223,0.8578578578578577,0.17517517517517517,0.11011011011011011,0.07607607607607608,0.10010010010010009,0.4864864864864866,0.02102102102102102,0.3383383383383384,0.9039039039039038,0.2602602602602603,0.27227227227227224,0.46046046046046046,0.5895895895895896,0.5975975975975976,0.2172172172172172,0
0.4574574574574574,0.7307307307307306,0.3203203203203203,0.2992992992992993,0.07507507507507508,0.07607607607607608,0.16216216216216217,0.2912912912912913,0.7407407407407407,0.7297297297297297,0.8958958958958959,0.9519519519519519,0.7347347347347347,0.33833833833833865,0.938938938938939,0.2502502502502503,0.8678678678678672,0.3743743743743744,0.8778778778778774,0.13913913913913914,1
0.23923923923923923,0.9379379379379378,0.6786786786786787,0.6886886886886887,0.025025025025025023,0.4964964964964965,0.12712712712712712,0.6646646646646647,0.5865865865865866,0.1091091091091091,0.8508508508508509,0.6216216216216216,0.14814814814814814,0.6936936936936937,0.3023023023023023,0.6546546546546547,0.8658658658658659,0.1991991991991992,0.15315315315315314,0.8688688688688688,1
0.08208208208208208,0.43543543543543545,0.7417417417417418,0.8868868868868869,0.6316316316316316,0.7887887887887888,0.4934934934934935,0.6446446446446447,0.8148148148148148,0.7437437437437437,0.5965965965965966,0.6716716716716716,0.5615615615615616,0.16616616616616617,0.15815815815815815,0.8418418418418419,0.4174174174174174,0.1841841841841842,0.6806806806806807,0.8668668668668669,1
0.983983983983984,0.3553553553553553,0.9679679679679679,0.7307307307307306,0.9369369369369369,0.23023023023023023,0.22122122122122123,0.8298298298298298,0.11911911911911911,0.14114114114114115,0.6956956956956957,0.6886886886886887,0.9069069069069069,0.7517517517517518,0.8008008008008007,0.15215215215215216,0.9179179179179179,0.6296296296296297,0.009009009009009009,0.6946946946946947,0
0.6636636636636637,0.12112112112112113,0.33933933933933935,0.3353353353353353,0.7517517517517518,0.990990990990991,0.17017017017017014,0.3033033033033033,0.4124124124124124,0.5995995995995996,0.20020020020020018,0.13913913913913914,0.6336336336336337,0.46346346346346345,0.6406406406406405,0.8358358358358359,0.4794794794794795,0.7887887887887888,0.98998998998999,0.8518518518518519,1
0.6166166166166166,0.9779779779779779,0.5625625625625625,0.33433433433433435,0.2022022022022022,0.5715715715715716,0.6496496496496497,0.32432432432432434,0.986986986986987,0.3653653653653653,0.5585585585585585,0.2962962962962963,0.04104104104104104,0.9419419419419419,0.8658658658658659,0.6836836836836837,0.4854854854854855,0.21521521521521522,0.7197197197197197,0.4224224224224224,0
0.6966966966966969,0.04804804804804805,0.11611611611611611,0.5275275275275275,0.5055055055055055,0.34934934934934936,0.4984984984984985,0.5215215215215215,0.17217217217217218,0.953953953953954,0.09009009009009009,0.6206206206206206,0.8608608608608609,0.17417417417417416,0.25225225225225223,0.3053053053053053,0.4984984984984985,0.8778778778778774,0.6846846846846847,0.05205205205205205,1
0.17617617617617617,0.3613613613613614,0.6766766766766769,0.6316316316316316,0.7787787787787788,0.8608608608608609,0.5405405405405406,0.5785785785785785,0.6106106106106106,0.6646646646646647,0.24324324324324326,0.48848848848848847,0.6546546546546547,0.23723723723723725,0.5125125125125125,0.7277277277277268,0.22522522522522523,0.4974974974974975,0.5225225225225225,0.9409409409409409,1
0.15415415415415415,0.4754754754754755,0.37237237237237236,0.6196196196196196,0.7297297297297297,0.6876876876876875,0.9249249249249252,0.9649649649649655,0.9059059059059059,0.48348348348348347,0.7667667667667668,0.5765765765765766,0.4094094094094094,0.45345345345345345,0.23123123123123124,0.955955955955956,0.33233233233233234,0.953953953953954,0.5375375375375375,0.988988988988989,0
0.32232232232232233,0.7017017017017017,0.4524524524524525,0.07107107107107107,0.11411411411411411,0.06106106106106106,0.6036036036036037,0.4724724724724726,0.9009009009009009,0.8288288288288288,0.3183183183183183,0.985985985985986,0.6916916916916916,0.3213213213213213,0.8818818818818819,0.24524524524524524,0.6306306306306306,0.5045045045045045,0.5095095095095103,0.06506506506506507,1
0.3173173173173173,0.6656656656656657,0.6236236236236237,0.3733733733733734,0.30430430430430433,0.06906906906906907,0.11311311311311312,0.3213213213213213,0.5245245245245245,0.6856856856856857,0.7377377377377373,0.9619619619619619,0.970970970970971,0.20520520520520522,0.6806806806806805,0.0990990990990991,0.8708708708708709,0.014014014014014014,0.3663663663663664,0.1971971971971972,1
0.986986986986987,0.5785785785785785,0.9349349349349346,0.0,0.5305305305305306,0.3003003003003003,0.8548548548548549,0.1831831831831832,1.0,0.9949949949949948,0.001001001001001001,0.68068068068068,0.7907907907907907,0.09509509509509509,0.8108108108108109,0.43043043043043044,0.3003003003003003,0.44144144144144143,0.5195195195195195,0.985985985985986,1
0.5965965965965966,0.1111111111111111,0.45645645645645644,0.7677677677677676,0.5745745745745746,0.7437437437437437,0.9019019019019019,0.7457457457457457,0.8768768768768769,0.960960960960961,0.3023023023023023,0.7867867867867868,0.45145145145145144,0.029029029029029027,0.3113113113113113,0.8988988988988988,0.24324324324324323,0.9269269269269269,0.7697697697697697,0.34034034034034033,0
0.13713713713713713,0.3663663663663664,0.32532532532532527,0.6806806806806807,0.5945945945945946,0.6256256256256256,0.94994994994995,0.955955955955956,0.6826826826826827,0.5715715715715716,0.5635635635635635,0.5905905905905906,0.31931931931931934,0.36936936936936937,0.11011011011011011,0.933933933933934,0.21921921921921922,0.9159159159159159,0.5135135135135135,0.8378378378378375,0
0.7097097097097097,0.1011011011011011,0.6176176176176176,0.3163163163163163,0.8718718718718719,0.45345345345345345,0.6266266266266266,0.37737737737737737,0.37537537537537535,0.6746746746746747,0.003003003003003003,0.5545545545545546,0.6096096096096096,0.24924924924924924,0.4994994994994995,0.6336336336336337,0.9239239239239239,0.7947947947947948,0.5455455455455456,0.20520520520520522,1
0.0990990990990991,0.7917917917917918,0.2042042042042042,0.491491491491493,0.3983983983983984,0.26226226226226224,0.5155155155155156,0.28428428428428426,0.09109109109109109,0.04904904904904905,0.6376376376376376,0.11211211211211211,0.4184184184184184,0.8318318318318318,0.42742742742742756,0.05105105105105105,0.3033033033033033,0.5795795795795796,0.0960960960960961,0.5215215215215215,0
0.16816816816816815,0.8628628628628628,0.9169169169169169,0.7747747747747747,0.3183183183183183,0.43043043043043044,0.5925925925925926,0.9139139139139139,0.9019019019019019,0.1961961961961962,0.5415415415415415,0.8078078078078076,0.2172172172172172,0.7687687687687688,0.23923923923923923,0.8128128128128128,0.7827827827827828,0.26626626626626626,0.13713713713713713,0.8538538538538538,1
0.42842842842842843,0.7757757757757757,0.06306306306306306,0.5485485485485485,0.1881881881881882,0.12512512512512514,0.9569569569569569,0.4744744744744745,0.2872872872872873,0.3733733733733734,0.23423423423423423,0.09509509509509509,0.014014014014014014,0.5905905905905906,0.06506506506506507,0.24024024024024024,0.17617617617617617,0.6626626626626627,0.2802802802802803,0.6746746746746747,0
0.8918918918918919,0.18018018018018012,0.7277277277277275,0.13113113113113112,0.9619619619619619,0.6756756756756757,0.7367367367367368,0.3603603603603603,0.4294294294294294,0.8458458458458459,0.13713713713713713,0.23723723723723725,0.7727727727727728,0.48848848848848847,0.7427427427427428,0.5205205205205206,0.2062062062062062,0.16416416416416416,0.8848848848848849,0.4674674674674675,1
0.9579579579579579,0.0,0.18118118118118118,0.42842842842842843,0.8038038038038038,0.938938938938939,0.01901901901901902,0.3893893893893894,0.0,0.5505505505505506,0.1891891891891892,0.17717717717717718,0.963963963963964,0.32332332332332336,0.011011011011011011,0.18618618618618618,0.7567567567567568,0.9139139139139139,0.35235235235235235,0.09509509509509488,1
0.8288288288288288,0.24924924924924924,0.8068068068068068,0.1111111111111111,0.6686686686686687,0.5195195195195195,0.7327327327327328,0.33733733733733734,0.6806806806806801,0.9729729729729739,0.03403403403403403,0.5045045045045045,0.8958958958958959,0.28928928928928926,0.6756756756756757,0.44644644644644643,0.2182182182182182,0.09109109109109109,0.7237237237237237,0.5025025025025025,1
0.8048048048048048,0.20520520520520522,0.8488488488488488,0.43843843843843844,0.8118118118118118,0.37537537537537535,0.7897897897897898,0.21021021021021022,0.5435435435435435,0.8758758758758759,0.03303303303303303,0.4174174174174174,0.6376376376376376,0.36036036036036034,0.7147147147147147,0.45345345345345345,0.3913913913913914,0.25825825825825827,0.4694694694694695,0.46346346346346345,1
0.9059059059059059,0.06806806806806846,0.26326326326326327,0.3843843843843844,0.7527527527527528,0.5115115115115115,0.4444444444444444,0.3743743743743744,0.10810810810810813,0.6786786786786787,0.14514514514514515,0.35135135135135137,0.4974974974974968,0.031031031031031032,0.33933933933933935,0.6056056056056056,0.6996996996996997,0.854854854854856,0.7447447447447447,0.14814814814814814,1
0.3783783783783784,0.948948948948949,0.25325325325325326,0.47147147147147145,0.24124124124124124,0.12212212212212212,0.3993993993993994,0.015015015015015015,0.0970970970970971,0.06106106106106106,0.7317317317317352,0.043043043043043044,0.42042042042042044,0.8728728728728729,0.5335335335335335,0.001001001001001001,0.1841841841841842,0.15915915915915915,0.02102102102102102,0.7877877877877878,0
0.8448448448448448,0.07507507507507508,0.43343343343343343,0.2982982982982983,0.6606606606606604,0.7027027027027027,0.38238238238238237,0.2982982982982983,0.23223223223223222,0.8198198198198198,0.04504504504504504,0.4184184184184184,0.4964964964964965,0.002002002002002002,0.13413413413413414,0.6846846846846847,0.7627627627627628,0.7767767767767768,0.8018018018018018,0.13313313313313313,1
0.8788788788788788,0.015015015015015015,0.38038038038038036,0.41541541541541543,0.5535535535535535,0.980980980980981,0.09109109109109109,0.44744744744744747,0.15715715715715717,0.6816816816816816,0.06706706706706707,0.43343343343343343,0.6086086086086087,0.14214214214214213,0.14114114114114115,0.5945945945945946,0.8788788788788788,0.9089089089089089,0.41041041041041043,0.06806806806806807,1
0.8848848848848853,0.3923923923923924,0.8808808808808809,0.25425425425425424,0.5855855855855856,0.4044044044044044,0.8708708708708709,0.4044044044044044,0.9819819819819819,0.998998998998999,0.04104104104104104,0.7257257257257257,0.8948948948948944,0.011011011011011011,0.8578578578578567,0.4314314314314314,0.001001001001001001,0.5995995995995996,0.4224224224224224,0.93993993993994,1
0.33433433433433435,0.35435435435435436,0.8038038038038038,0.7397397397397397,0.8818818818818819,0.3893893893893894,0.6616616616616616,0.7987987987987988,0.7447447447447447,0.8828828828828829,0.9949949949949949,0.8898898898898899,0.993993993993994,0.4644644644644645,0.25925925925925924,0.26226226226226224,0.06306306306306306,0.6766766766766771,0.32732732732732733,0.33733733733733734,1
0.03803803803803804,0.2122122122122122,0.2072072072072072,0.8158158158158159,0.5325325325325325,0.6036036036036035,0.958958958958959,0.8988988988988988,0.7187187187187187,0.6726726726726727,0.3083083083083083,0.48348348348348347,0.4594594594594595,0.5475475475475475,0.0,0.7527527527527528,0.07307307307307308,0.9749749749749749,0.3363363363363363,0.9049049049049052,0
0.8548548548548548,0.8448448448448448,0.5045045045045047,0.44244244244244246,0.14214214214214213,0.7287287287287287,0.13913913913913914,0.48648648648648646,0.9319319319319319,0.42542542542542544,0.6676676676676676,0.3943943943943944,0.23223223223223222,0.7057057057057057,0.7627627627627628,0.7657657657657657,0.7167167167167168,0.6716716716716716,0.7087087087087087,0.7727727727727728,0
0.02102102102102102,0.9459459459459459,0.8498498498498539,0.5985985985985988,0.3703703703703703,0.35435435435435436,0.7207207207207206,0.9409409409409409,0.5715715715715716,0.007007007007007007,0.6126126126126126,0.6326326326326326,0.03903903903903904,0.9059059059059059,0.2832832832832833,0.8508508508508509,0.8828828828828829,0.17917917917917917,0.10010010010010009,0.7357357357357357,1
0.45545545545545546,0.6156156156156156,0.2602602602602603,0.5025025025025025,0.06606606606606606,0.25725725725725723,0.10710710710710711,0.03303303303303303,0.5195195195195195,0.6416416416416416,0.6046046046046046,0.8748748748748748,0.5535535535535535,0.3023023023023023,0.8418418418418419,0.21921921921921922,0.6316316316316316,0.6586586586586587,0.6926926926926927,0.17517517517517517,1
0.934934934934935,0.8058058058058059,0.4854854854854855,0.3303303303303297,0.2182182182182182,0.4294294294294294,0.002002002002002002,0.055055055055055056,0.4024024024024024,0.18518518518518517,0.6826826826826827,0.25325325325325326,0.5065065065065065,0.7947947947947948,0.8208208208208209,0.20520520520520522,0.9469469469469469,0.6086086086086087,0.3003003003003003,0.9189189189189197,0
0.5465465465465466,0.9629629629629629,0.38238238238238237,0.34234234234234234,0.4194194194194194,0.25625625625625625,0.48848848848848847,0.15915915915915915,0.33733733733733734,0.043043043043043044,0.9769769769769769,0.03403403403403403,0.2072072072072072,0.9329329329329329,0.05405405405405406,0.028028028028028028,0.3863863863863864,0.36736736736736736,0.07107107107107107,0.8618618618618619,0
0.6586586586586587,0.08508508508508508,0.28928928928928926,0.45345345345345345,1.0,0.3183183183183183,0.7417417417417418,0.1061061061061061,0.3603603603603602,0.6426426426426426,0.07407407407407407,0.2952952952952953,0.7977977977977976,0.4594594594594595,0.4904904904904905,0.4134134134134134,0.6096096096096096,0.8878878878878866,0.9069069069069069,0.2752752752752753,1
0.6436436436436437,0.07807807807807808,0.21521521521521522,0.5075075075075075,0.6096096096096096,0.5535535535535535,0.5445445445445446,0.45345345345345345,0.38038038038038036,0.8668668668668669,0.023023023023023025,0.5405405405405406,0.6866866866866866,0.2982982982982983,0.3883883883883884,0.6466466466466466,0.6756756756756757,0.9149149149149148,0.9319319319319319,0.24624624624624628,1
0.6226226226226226,0.0990990990990991,0.1961961961961962,0.3973973973973974,0.9569569569569569,0.3833833833833834,0.6736736736736737,0.04904904904904905,0.3793793793793794,0.7047047047047047,0.15515515515515516,0.22922922922922923,0.5115115115115115,0.16516516516516516,0.08508508508508505,0.6556556556556556,0.7387387387387387,0.8448448448448448,0.998998998998999,0.24024024024024024,1
0.30430430430430433,0.7367367367367368,0.8858858858858859,0.7157157157157157,0.3883883883883884,0.7327327327327328,0.5245245245245245,0.8628628628628628,0.7247247247247247,0.07507507507507508,0.5135135135135135,0.6936936936936937,0.17117117117117117,0.9449449449449451,0.44844844844844844,0.8268268268268268,0.8738738738738738,0.5955955955955956,0.15115115115115116,0.3733733733733734,1
0.3913913913913914,0.9569569569569569,0.23623623623623635,0.15715715715715717,0.2502502502502503,0.15415415415415415,0.5395395395395395,0.16716716716716717,0.1891891891891892,0.08108108108108109,0.9459459459459459,0.1091091091091091,0.3713713713713714,0.8278278278278277,0.4034034034034034,0.01001001001001001,0.21621621621621623,0.35435435435435436,0.08608608608608609,0.5665665665665666,0
0.1921921921921922,0.5665665665665666,0.055055055055055056,0.35935935935935936,0.07307307307307308,0.7157157157157157,0.43043043043043044,0.4364364364364364,0.2732732732732733,0.45645645645645644,0.953953953953954,0.2112112112112112,0.2782782782782783,0.5775775775775776,0.1991991991991992,0.27927927927927926,0.1021021021021021,0.5665665665665666,0.6306306306306306,0.062062062062062065,0
0.8158158158158159,0.4524524524524525,0.963963963963964,0.9009009009009009,0.9669669669669669,0.13413413413413414,0.45345345345345345,0.7907907907907907,0.24424424424424424,0.3083083083083083,0.7867867867867868,0.8108108108108109,0.8658658658658659,0.5425425425425425,0.9239239239239242,0.2702702702702703,0.6446446446446447,0.14314314314314314,0.12012012012012012,0.6236236236236237,0
0.3053053053053053,0.24424424424424424,0.7607607607607524,0.963963963963964,0.8468468468468469,0.5265265265265265,0.9169169169169169,0.8998998998998999,0.8708708708708709,0.933933933933934,0.3663663663663664,0.7947947947947948,0.6196196196196196,0.37537537537537446,0.14214214214214213,0.8478478478478478,0.2022022022022022,0.15615615615615616,0.8178178178178175,0.6146146146146146,1
0.7427427427427428,0.2732732732732733,0.6526526526526526,0.17117117117117117,0.7047047047047047,0.6976976976976932,0.42542542542542544,0.035035035035035036,0.7427427427427428,0.8988988988988988,0.06806806806806806,0.32532532532532527,0.9099099099099099,0.3883883883883884,0.7587587587587588,0.4124124124124124,0.32732732732732733,0.6076076076076076,0.7497497497497497,0.9069069069069069,1
0.001001001001001001,0.8678678678678678,0.18518518518518515,0.5375375375375375,0.3533533533533534,0.24724724724724725,0.6866866866866866,0.5175175175175175,0.21921921921921922,0.05905905905905906,0.8748748748748746,0.17217217217217218,0.44244244244244246,0.986986986986987,0.14814814814814814,0.056056056056056056,0.2502502502502502,0.17317317317317318,0.1891891891891892,0.4044044044044044,0
0.2652652652652653,0.7377377377377377,0.5955955955955956,0.9249249249249251,0.40540540540540543,0.3843843843843844,0.5675675675675675,0.7237237237237237,0.8608608608608609,0.24524524524524524,0.8188188188188188,0.6946946946946947,0.35435435435435436,0.965965965965966,0.5835835835835835,0.7077077077077075,0.6646646646646647,0.7497497497497497,0.2912912912912913,0.5175175175175175,1
0.988988988988989,0.8358358358358359,0.5515515515515516,0.27127127127127126,0.13013013013013014,0.9729729729729731,0.007007007007007007,0.3203203203203203,0.8208208208208209,0.21521521521521522,0.8788788788788788,0.2552552552552553,0.1971971971971972,0.8178178178178174,0.970970970970971,0.7557557557557557,0.9169169169169169,0.7937937937937938,0.5125125125125125,0.7737737737737738,0
0.37237237237237236,0.8898898898898899,0.1841841841841842,0.3053053053053053,0.1041041041041041,0.23923923923923923,0.5275275275275275,0.16616616616616617,0.15315315315315314,0.08708708708708708,0.6176176176176176,0.08408408408408408,0.1891891891891892,0.7807807807807807,0.35235235235235235,0.04504504504504504,0.34034034034032984,0.3863863863863864,0.11611611611611611,0.46546546546546547,0
0.25125125125125125,0.2862862862862863,0.7877877877877876,0.7297297297297297,0.7287287287287287,0.7417417417417418,0.4524524524524527,0.6526526526526526,0.5685685685685685,0.7327327327327328,0.4114114114114114,0.7967967967967968,0.6956956956956957,0.044044044044044044,0.5315315315315315,0.7607607607607605,0.3923923923923924,0.5625625625625625,0.3763763763763764,0.6896896896896897,1
0.8758758758758759,0.7567567567567568,0.7717717717717718,0.023023023023023025,0.4904904904904905,0.37737737737737737,0.14714714714714713,0.004004004004004004,0.5265265265265265,0.46346346346346345,0.21421421421421422,0.22022022022022023,0.5075075075075075,0.5195195195195195,0.7687687687687688,0.24424424424424424,0.5455455455455456,0.013013013013013013,0.3863863863863864,0.6916916916916916,0
0.16516516516516516,0.996996996996997,0.17917917917917917,0.27427427427427425,0.0970970970970971,0.022022022022022022,0.7357357357357357,0.34134134134134136,0.35235235235235235,0.20520520520520522,0.980980980980981,0.2932932932932933,0.34934934934934936,0.7507507507507507,0.42542542542542544,0.02002002002002002,0.17317317317317318,0.32932932932932935,0.14214214214214213,0.6926926926926927,0
0.2702702702702703,0.9529529529529529,0.34334334334334443,0.24624624624624625,0.47047047047047047,0.16216216216216217,0.7597597597597597,0.33233233233233234,0.17717717717717718,0.08208208208208208,0.6876876876876877,0.042042042042042455,0.3833833833833834,0.7757757757757757,0.25825825825825827,0.03803803803803804,0.07407407407407407,0.05105105105105105,0.08308308308308308,0.9669669669669669,0
0.18618618618618618,0.6776776776776776,0.5295295295295295,0.4324324324324325,0.2702702702702703,0.08408408408408409,0.17317317317317318,0.46146146146146144,0.7757757757757757,0.7367367367367368,0.7897897897897898,0.978978978978979,0.9629629629629629,0.37737737737737737,0.7807807807807807,0.22322322322322322,0.9139139139139139,0.037037037037037035,0.7367367367367368,0.14114114114114115,1
0.02702702702702703,0.48148148148148145,0.6216216216216216,0.8338338338338338,0.7817817817817818,0.5545545545545546,0.3783783783783784,0.6676676676676678,0.4854854854854855,0.48148148148148145,0.993993993993994,0.6166166166166166,0.7247247247247247,0.4124124124124124,0.13613613613613612,0.5765765765765766,0.3993993993993994,0.47847847847847846,0.4024024024024024,0.7347347347347347,1
0.995995995995996,0.46446446446446443,0.9949949949949946,0.05405405405405406,0.8968968968968969,0.28928928928928926,0.8818818818818819,0.3843843843843844,0.963963963963964,0.9879879879879879,0.16816816816816818,0.6926926926926927,0.9429429429429429,0.2872872872872873,0.8738738738738738,0.16716716716716717,0.13513513513513514,0.3353353353353353,0.33433433433433435,0.5455455455455456,1
0.11211211211211211,0.8718718718718719,0.8248248248248248,0.7027027027027027,0.1031031031031031,0.33733733733733734,0.3963963963963964,0.8698698698698699,0.5205205205205206,0.11311311311311312,0.46546546546546547,0.6866866866866866,0.17717717717717718,0.7367367367367368,0.002002002002002002,0.6386386386386387,0.9269269269269269,0.07607607607607608,0.03403403403403403,0.8858858858858859,1
0.22422422422422422,0.9159159159159159,0.97997997997998,0.6246246246246246,0.46646646646646645,0.6236236236236237,0.5645645645645646,0.9209209209209209,0.7747747747747747,0.02702702702702703,0.7217217217217217,0.7017017017017017,0.06706706706706707,0.5825825825825826,0.5555555555555556,0.9169169169169169,0.7927927927927928,0.36436436436436437,0.09509509509509509,0.9529529529529529,1
0.7947947947947948,0.43743743743743735,0.98998998998999,0.1831831831831832,0.7397397397397397,0.6026026026026026,0.45045045045045046,0.12612612612612611,0.8888888888888888,0.9069069069069069,0.11811811811811812,0.6026026026026026,0.8458458458458459,0.062062062062062065,0.8628628628628628,0.4064064064064064,0.3713713713713714,0.3713713713713714,0.3153153153153153,0.8078078078078075,1
0.13313313313313313,0.9419419419419419,0.996996996996997,0.6036036036036035,0.48648648648648646,0.5815815815815816,0.7567567567567568,0.97997997997998,0.8688688688688688,0.04104104104104104,0.8038038038038038,0.8198198198198198,0.07807807807807808,0.5745745745745746,0.5815815815815816,0.9149149149149127,0.6206206206206206,0.34534534534534533,0.06506506506506507,0.8208208208208209,0
0.970970970970971,0.2032032032032032,0.3083083083083083,0.7437437437437437,0.7587587587587588,0.04504504504504504,0.6306306306306306,0.9779779779779779,0.012012012012012012,0.3563563563563564,0.7247247247247247,0.5535535535535535,0.7227227227227228,0.8408408408408409,0.6516516516516516,0.34034034034034033,0.6736736736736737,0.6736736736736737,0.2982982982982983,0.5465465465465466,0
0.7767767767767768,0.938938938938939,0.6986986986986987,0.016016016016016016,0.43043043043043044,0.5475475475475475,0.11911911911911911,0.014014014014014014,0.8918918918918919,0.34434434434434436,0.6026026026026026,0.2122122122122122,0.36336336336336345,0.5625625625625625,0.8388388388388388,0.5035035035035035,0.6036036036036037,0.04904904904904905,0.7137137137137137,0.7777777777777778,0
0.6126126126126126,0.13913913913913914,0.029029029029029027,0.5095095095095096,0.4364364364364364,0.3133133133133133,0.4724724724724725,0.5555555555555556,0.01901901901901902,0.5915915915915916,0.23323323323323322,0.1971971971971972,0.46046046046046046,0.5005005005005005,0.19119119119119118,0.4824824824824829,0.4904904904904905,0.08708708708708708,0.9749749749749745,0.23623623623623624,0
0.5535535535535535,0.15115115115115116,0.4984984984984985,0.6436436436436437,0.6806806806806807,0.5315315315315315,0.8108108108108109,0.8878878878878878,0.5465465465465466,0.947947947947947,0.3033033033033033,0.7857857857857857,0.8138138138138138,0.2722722722722739,0.4094094094094094,0.7597597597597597,0.14414414414414414,0.6976976976976976,0.7987987987987988,0.5615615615615616,1
0.8318318318318318,0.44544544544544545,0.94994994994995,0.1091091091091091,0.8548548548548549,0.93993993993994,0.5265265265265265,0.3063063063063063,0.7817817817817818,0.934934934934935,0.16716716716716717,0.42342342342342343,0.8478478478478475,0.13713713713713713,0.97997997997998,0.6266266266266266,0.035035035035035036,0.03403403403403403,0.7817817817817818,0.8588588588588588,1
0.8668668668668669,0.4944944944944945,0.9149149149149146,0.8148148148148148,0.950950950950951,0.11211211211211211,0.7157157157157157,0.8408408408408409,0.26726726726726724,0.1871871871871872,0.9129129129129129,0.7087087087087087,0.6486486486486487,0.8518518518518519,0.884884884884885,0.16316316316316315,0.5495495495495496,0.7067067067067067,0.036036036036036036,0.4174174174174174,0
0.3163163163163163,0.21521521521521522,0.6356356356356356,0.9409409409409409,0.7127127127127127,0.4774774774774772,0.8878878878878876,0.8638638638638638,0.8648648648648871,0.97997997997998,0.24024024024024024,0.7917917917917918,0.6436436436436437,0.0940940940940941,0.06406406406406406,0.8918918918918919,0.15915915915915915,0.08508508508508508,0.9529529529529529,0.9239239239239239,1
0.36236236236236236,0.5555555555555556,0.43543543543543545,0.4804804804804805,0.2772772772772773,0.24324324324324342,0.03803803803803804,0.4444444444444444,0.5165165165165165,0.6876876876876875,0.9279279279279278,0.963963963963964,0.9529529529529529,0.15815815815815815,0.7877877877877878,0.33433433433433435,0.9379379379379379,0.22922922922922923,0.8138138138138138,0.15015015015015015,1
0.24824824824824826,0.7707707707707693,0.8868868868868869,0.4774774774774775,0.4094094094094094,0.22922922922922923,0.11211211211211211,0.3183183183183183,0.7617617617617618,0.47047047047047047,0.9089089089089089,0.9749749749749747,0.874874874874874,0.45145145145145144,0.997997997997998,0.18118118118118118,0.9039039039039038,0.03303303303303303,0.3163163163163163,0.07007007007007007,1
0.5415415415415415,0.13713713713713713,0.5095095095095095,0.975975975975976,0.8158158158158159,0.8488488488488488,0.8838838838838838,0.6176176176176176,0.5365365365365365,0.6776776776776777,0.32932932932932935,0.3743743743743744,0.27127127127127126,0.17117117117117117,0.4894894894894895,0.9029029029029029,0.12012012012012012,0.8408408408408409,0.5615615615615616,0.6786786786786787,0
0.41041041041041043,0.7907907907907907,0.4964964964964965,0.15315315315315314,0.1361361361361362,0.11311311311311312,0.4294294294294294,0.46846846846846846,0.8118118118118118,0.7617617617617618,0.9669669669669669,0.9529529529529529,0.6716716716716716,0.4904904904904905,0.7897897897897898,0.12312312312312312,0.5475475475475475,0.11011011011011011,0.6236236236236237,0.007007007007007007,1
0.7937937937937938,0.8738738738738738,0.47347347347347346,0.4474474474474474,0.4044044044044044,0.3083083083083083,0.24124124124124124,0.08708708708708708,0.7107107107107103,0.44044044044044045,0.7457457457457457,0.1841841841841842,0.37737737737737737,0.6896896896896897,0.6036036036036037,0.3913913913913914,0.5445445445445445,0.07707707707707707,0.7327327327327328,0.9159159159159159,0
0.9769769769769769,0.23723723723723725,0.6516516516516516,0.8808808808808809,0.5865865865865866,0.10010010010010009,0.3003003003003003,0.7797797797797797,0.16216216216216217,0.4364364364364364,0.47047047047047047,0.7777777777777777,0.8858858858858859,0.6736736736736737,0.7207207207207207,0.16116116116116116,0.8478478478478476,0.6376376376376376,0.17017017017017017,0.4914914914914917,0
0.8038038038038038,0.8078078078078077,0.6116116116116116,0.3813813813813814,0.2912912912912913,0.6466466466466467,0.11811811811811812,0.3023023023023023,0.8508508508508509,0.2732732732732733,0.5255255255255256,0.4084084084084084,0.23623623623623624,0.7177177177177178,0.9109109109109109,0.726726726726727,0.9359359359359359,0.5655655655655656,0.6096096096096096,0.4444444444444444,0
0.8188188188188188,0.953953953953954,0.6346346346346347,0.15215215215215216,0.4694694694694695,0.32032032032032015,0.37737737737737737,0.32232232232232233,0.5915915915915916,0.15215215215215216,0.7057057057057057,0.1931931931931932,0.1881881881881882,0.8338338338338338,0.8638638638638638,0.5755755755755756,0.6336336336336337,0.06406406406406406,0.48348348348348347,0.8838838838838838,0
0.8088088088088088,0.14114114114114115,0.6426426426426426,0.33233233233233234,0.8078078078078063,0.6836836836836837,0.6546546546546547,0.43343343343343343,0.45945945945945943,0.8878878878878878,0.16916916916916916,0.3803803803803801,0.8088088088088088,0.48348348348348347,0.6586586586586587,0.49249249249249283,0.2922922922922923,0.43343343343343343,0.8428428428428428,0.34734734734734735,1
0.7617617617617618,0.34434434434434436,0.9289289289289289,0.3833833833833834,0.6346346346346347,0.7727727727727728,0.3433433433433434,0.22522522522522523,0.9189189189189191,0.9519519519519519,0.15215215215215216,0.6586586586586587,0.9259259259259259,0.04204204204204204,0.8758758758758759,0.5215215215215215,0.34534534534534533,0.6286286286286287,0.4344344344344344,0.8568568568568569,1
0.23523523523523523,0.9029029029029029,0.995995995995996,0.7827827827827828,0.45945945945945954,0.3983983983983984,0.7747747747747747,0.8818818818818819,0.8418418418418419,0.12912912912912913,0.6606606606606606,0.7667667667667668,0.1091091091091091,0.7097097097097097,0.4164164164164164,0.6946946946946947,0.5375375375375375,0.2272272272272272,0.012012012012012012,0.7247247247247247,1
0.4854854854854855,0.9099099099099099,0.25725725725725723,0.48748748748748727,0.3113113113113113,0.2072072072072072,0.8668668668668669,0.5155155155155156,0.34434434434434436,0.17317317317317318,0.5055055055055055,0.04504504504504504,0.08208208208208208,0.9279279279279274,0.01001001001001001,0.11311311311311431,0.3123123123123123,0.15415415415415415,0.2042042042042042,0.9169169169169169,0
0.33233233233233234,0.25925925925925924,0.5825825825825826,0.943943943943944,0.6276276276276276,0.5165165165165165,0.7057057057057057,0.924924924924925,0.7897897897897898,0.975975975975976,0.9429429429429429,0.8678678678678678,0.9019019019019019,0.22422422422422422,0.017017017017017015,0.6766766766766767,0.0920920920920921,0.24224224224224225,0.8988988988988988,0.5815815815815816,1
0.5065065065065065,0.1921921921921922,0.7327327327327328,0.6626626626626627,0.8308308308308309,0.7927927927927928,0.6986986986986987,0.8208208208208209,0.4824824824824826,0.7537537537537538,0.3713713713713714,0.7477477477477438,0.7627627627627628,0.36536536536536457,0.6096096096096096,0.7707707707707462,0.2212212212212213,0.6646646646646647,0.46046046046046046,0.4324324324324325,1
0.5815815815815816,0.17717717717717718,0.6556556556556556,0.7227227227227228,0.7327327327327328,0.3683683683683684,0.8738738738738738,0.996996996996997,0.6226226226226226,0.9849849849849853,0.8868868868868869,0.8968968968968969,0.955955955955956,0.3583583583583584,0.23423423423423423,0.6016016016016016,0.03803803803803804,0.3813813813813814,0.7657657657657657,0.3173173173173173,1
0.34934934934934936,0.15315315315315314,0.3753753753753753,0.9729729729729738,0.8778778778778733,0.9069069069069069,0.9349349349349348,0.6296296296296297,0.6836836836836837,0.5565565565565566,0.4824824824824826,0.3133133133133133,0.11311311311311312,0.20020020020020018,0.44244244244244246,0.9479479479479473,0.06506506506506507,0.9679679679679679,0.6046046046046046,0.8438438438438438,0
0.9409409409409409,0.0980980980980981,0.17217217217217218,0.029029029029029027,0.9229229229229229,0.2922922922922923,0.5965965965965966,0.3613613613613614,0.15415415415415415,0.8178178178178165,0.15115115115115116,0.3263263263263263,0.7987987987987988,0.13613613613613626,0.2862862862862863,0.3753753753753753,0.5645645645645646,0.8418418418418419,0.9369369369369369,0.27927927927927926,1
0.5285285285285285,0.34134134134134136,0.7687687687687688,0.7887887887887888,0.8528528528528528,0.5245245245245245,0.9149149149149148,0.8868868868868869,0.991991991991992,0.98998998998999,0.4954954954954955,0.7737737737737738,0.8568568568568569,0.37237237237237236,0.02102102102102102,0.7427427427427428,0.04004004004004004,0.16516516516516516,0.9309309309309309,0.8938938938938938,1
0.05405405405405406,0.9619619619619619,0.11311311311311323,0.12912912912912913,0.08208208208208208,0.01901901901901902,0.6346346346346347,0.21421421421421422,0.04204204204204204,0.23323323323323322,0.7197197197197197,0.25825825825825827,0.5025025025025025,0.5925925925925926,0.5505505505505506,0.0,0.012012012012012012,0.15015015015015015,0.03303303303303303,0.5585585585585585,0
0.20020020020020018,0.4344344344344344,0.4944944944944945,0.6106106106106106,0.8238238238238238,0.5845845845845846,0.9209209209209209,0.953953953953954,0.5695695695695696,0.3793793793793794,0.8488488488488488,0.6476476476476476,0.2122122122122122,0.13213213213213212,0.5225225225225225,0.991991991991992,0.47147147147147145,0.8598598598598599,0.5815815815815816,0.7017017017017017,0
0.2882882882882883,0.12512512512512514,0.44144144144144143,0.9749749749749749,0.8358358358358359,0.5565565565565566,0.8938938938938938,0.9829829829829829,0.44044044044044045,0.9219219219219219,0.8548548548548548,0.7377377377377378,0.5875875875875876,0.23823823823823823,0.12112112112112113,0.8728728728728729,0.05105105105105105,0.4854854854854855,0.9449449449449452,0.3853853853853852,1
0.4844844844844845,0.1981981981981982,0.5725725725725725,0.6936936936936937,0.8268268268268268,0.8638638638638638,0.918918918918919,0.8168168168168168,0.8098098098098098,0.7687687687687688,0.25125125125125125,0.5715715715715716,0.45545545545545546,0.06706706706706707,0.48348348348348347,0.9449449449449459,0.0890890890890891,0.9029029029029029,0.46546546546546547,0.9779779779779779,0
0.22922922922922923,0.5125125125125125,0.06106106106106106,0.5165165165165165,0.3713713713713714,0.5935935935935935,0.7847847847847848,0.33533533533533527,0.32232232232232233,0.45345345345345345,0.45945945945945954,0.04604604604604605,0.09109109109109109,0.6496496496496497,0.04804804804804805,0.4854854854854855,0.15615615615615616,0.2962962962962963,0.9329329329329329,0.22122122122122126,0
0.13513513513513514,0.9479479479479479,0.33333333333333465,0.2782782782782783,0.3973973973973974,0.0940940940940941,0.3973973973973974,0.05105105105105105,0.06406406406406406,0.006006006006006006,0.6496496496496497,0.10510510510510511,0.4494494494494494,0.7857857857857871,0.5675675675675675,0.004004004004004004,0.3733733733733734,0.3613613613613614,0.001001001001001001,0.8758758758758759,0
0.7557557557557557,0.007007007007007007,0.0990990990990991,0.5335335335335335,0.4894894894894895,0.993993993993994,0.028028028028028028,0.5395395395395397,0.06706706706706707,0.5485485485485485,0.05805805805805809,0.36736736736736736,0.4894894894894895,0.058058058058058054,0.05905905905905906,0.8808808808808809,0.9949949949949949,0.975975975975976,0.8028028028028028,0.21921921921921922,1
0.06906906906906907,0.6016016016016016,0.35435435435435436,0.4294294294294294,0.23323323323323322,0.22522522522522523,0.1991991991991992,0.15815815815815815,0.5425425425425425,0.5595595595595596,0.48848848848848847,0.9209209209209209,0.6846846846846847,0.23923923923923923,0.8468468468468469,0.25325325325325326,0.6786786786786787,0.6656656656656657,0.4824824824824825,0.16216216216216217,1
0.43043043043043044,0.1161161161161162,0.12812812812812813,0.8388388388388388,0.6126126126126126,0.7137137137137137,0.984984984984985,0.8008008008008007,0.9769769769769769,0.884884884884885,0.7437437437437437,0.65065065065065,0.13113113113113112,0.13113113113113112,0.43043043043043044,0.985985985985986,0.11411411411411411,1.0,0.991991991991992,0.3283283283283283,0
0.7507507507507507,0.36436436436436437,0.8228228228228228,0.6146146146146146,0.5955955955955956,0.3153153153153153,0.11611611611611611,0.975975975975976,0.1981981981981982,0.42742742742742745,0.42042042042042044,0.8928928928928929,0.996996996996997,0.5405405405405406,0.9619619619619619,0.45545545545545546,0.6186186186186187,0.21421421421421422,0.22322322322322322,0.6556556556556556,0
0.5605605605605606,0.15915915915915915,0.6506506506506506,0.6716716716716716,0.8048048048048048,0.9359359359359359,0.8118118118118118,0.7007007007007007,0.7787787787787788,0.7227227227227228,0.6736736736736737,0.5015015015015015,0.3943943943943944,0.2032032032032032,0.037037037037037035,0.8948948948948945,0.3683683683683684,0.8148148148148148,0.6626626626626626,0.3833833833833834,0
0.5945945945945946,0.3073073073073073,0.47147147147147145,0.7267267267267268,0.5725725725725725,0.8928928928928929,0.91991991991992,0.8568568568568569,0.9619619619619619,0.8608608608608609,0.28928928928928926,0.5455455455455456,0.3793793793793794,0.2972972972972973,0.43243243243243246,0.9549549549549549,0.11611611611611611,0.9259259259259259,0.6596596596596597,0.975975975975976,0
0.7927927927927928,0.15215215215215216,0.6496496496496497,0.13513513513513514,0.9189189189189189,0.5135135135135135,0.8338338338338338,0.27927927927927926,0.4034034034034034,0.8508508508508509,0.025025025025025023,0.24224224224224225,0.6926926926926927,0.46646646646646645,0.6796796796796797,0.4934934934934935,0.23623623623623624,0.2182182182182182,0.7917917917917918,0.4524524524524528,1
0.44544544544544545,0.7457457457457457,0.8198198198198198,0.9319319319319319,0.001001001001001001,0.8378378378378347,0.023023023023023025,0.6616616616616616,0.7537537537537538,0.5215215215215215,0.4084084084084084,0.8528528528528528,0.46346346346346345,0.5205205205205206,0.03003003003003003,0.5155155155155156,0.7507507507507506,0.22322322322322322,0.07407407407407407,0.8298298298298298,1
0.9679679679679679,0.3743743743743744,0.5475475475475475,0.958958958958959,0.5415415415415415,0.012012012012012012,0.5875875875875876,0.8918918918918919,0.15015015015015015,0.5645645645645646,0.3753753753753753,0.8268268268268268,0.975975975975976,0.8768768768768769,0.8748748748748748,0.07607607607607608,0.5115115115115115,0.44044044044044045,0.15715715715715717,0.6716716716716716,0
0.07407407407407407,0.7637637637637638,0.8168168168168168,0.27627627627627627,0.5015015015015015,0.11711711711711711,0.36536536536536535,0.4854854854854855,0.5665665665665666,0.3883883883883884,0.9059059059059059,0.9459459459459459,0.8738738738738738,0.38538538538538536,0.955955955955956,0.13413413413413414,0.6296296296296297,0.31431431431431434,0.26926926926926925,0.23823823823823823,1
0.6646646646646647,0.4114114114114114,0.6706706706706707,0.8728728728728729,0.9349349349349347,0.13813813813813813,0.5825825825825826,0.9769769769769769,0.022022022022022022,0.05405405405405414,0.6196196196196196,0.5815815815815816,0.5965965965965966,0.7917917917917918,0.7597597597597597,0.5295295295295295,0.8348348348348348,0.1941941941941942,0.1991991991991992,0.7887887887887888,0
0.6916916916916916,0.4074074074074074,0.7857857857857857,0.3063063063063063,0.5165165165165165,0.8738738738738738,0.12412412412412413,0.04004004004004004,0.8138138138138138,0.8978978978978978,0.1831831831831832,0.4794794794794795,0.9049049049049053,0.22822822822822822,0.6896896896896897,0.3843843843843844,0.4224224224224224,0.42342342342342343,0.5355355355355356,0.7697697697697697,1
0.39539539539539537,0.5515515515515516,0.7837837837837838,0.6286286286286287,0.992992992992993,0.5605605605605606,0.985985985985986,0.8048048048048048,0.726726726726727,0.2912912912912913,0.5595595595595596,0.3053053053053053,0.03003003003003003,0.2782782782782783,0.22022022022022023,0.9619619619619619,0.30430430430430433,0.8118118118118118,0.31431431431431434,0.993993993993994,0
0.7077077077077077,0.93993993993994,0.5785785785785785,0.008008008008008008,0.44644644644644643,0.7107107107107105,0.35535535535535534,0.1931931931931932,0.6686686686686687,0.14414414414414414,0.6296296296296297,0.1061061061061061,0.062062062062062065,0.8118118118118118,0.8528528528528528,0.7357357357357357,0.5605605605605606,0.04104104104104104,0.8658658658658659,0.47047047047047047,0
0.25225225225225223,0.8068068068068068,0.9879879879879879,0.6896896896896897,0.3163163163163163,0.7807807807807807,0.5475475475475475,0.9519519519519519,0.985985985985986,0.38738738738738737,0.43043043043043044,0.9059059059059059,0.35135135135135137,0.5445445445445445,0.5345345345345345,0.8748748748748739,0.5985985985985985,0.5255255255255256,0.12512512512512514,0.6126126126126126,1
0.26226226226226224,0.96996996996997,0.17117117117117117,0.1021021021021021,0.04504504504504504,0.06406406406406406,0.5285285285285285,0.04704704704704705,0.13013013013013014,0.11511511511511512,0.5495495495495496,0.11911911911911911,0.33933933933933935,0.7937937937937938,0.2912912912912913,0.003003003003003003,0.30930930930930933,0.11411411411411411,0.055055055055055056,0.5125125125125125,0
0.012012012012012012,0.7837837837837838,0.024024024024024024,0.2852852852852853,0.014014014014014014,0.8228228228228228,0.08008008008008008,0.13413413413413414,0.23523523523523523,0.33533533533533527,0.96996996996997,0.08608608608608609,0.4904904904904905,0.8898898898898899,0.3053053053053053,0.08008008008008005,0.04104104104104104,0.15115115115115116,0.4894894894894895,0.28928928928928926,0
0.6736736736736737,0.9139139139139139,0.3683683683683684,0.5255255255255256,0.01901901901901902,0.42342342342342343,0.13613613613613618,0.5905905905905906,0.7977977977977977,0.21021021021021022,0.5645645645645646,0.5055055055055055,0.17517517517517517,0.9679679679679679,0.8808808808808809,0.7927927927927928,0.9719719719719719,0.6186186186186187,0.5155155155155156,0.7607607607607607,0
0.16216216216216217,0.16516516516516516,0.5195195195195195,0.9089089089089089,0.7647647647647647,0.4624624624624639,0.7337337337337337,0.9259259259259259,0.46046046046046046,0.8618618618618619,0.975975975975976,0.8568568568568569,0.9079079079079073,0.44044044044044045,0.1961961961961962,0.5665665665665666,0.11811811811811812,0.6346346346346347,0.6066066066066066,0.3113113113113113,1
0.8598598598598602,0.056056056056056056,0.25025025025024983,0.14614614614614616,0.6876876876876861,0.5235235235235235,0.2822822822822823,0.29429429429429427,0.12112112112112113,0.7497497497497497,0.1041041041041041,0.4094094094094094,0.7737737737737738,0.14114114114114115,0.2932932932932933,0.3933933933933934,0.7107107107107085,0.8658658658658659,0.6346346346346347,0.14514514514514515,1
0.6946946946946947,0.8368368368368369,0.3913913913913914,0.2092092092092092,0.1011011011011011,0.9769769769769769,0.15715715715715717,0.34234234234234234,0.9409409409409409,0.34734734734734735,0.8208208208208209,0.25425425425425424,0.017017017017017015,0.6176176176176176,0.6976976976976977,0.9049049049049053,0.6796796796796797,0.6986986986986987,0.9669669669669669,0.3653653653653653,0
0.6576576576576576,0.14414414414414414,0.8538538538538538,0.5125125125125125,0.991991991991992,0.7307307307307307,0.6366366366366366,0.05305305305305305,0.42842842842842843,0.5765765765765766,0.16616616616616617,0.18118118118118118,0.5725725725725725,0.3763763763763764,0.6176176176176176,0.45045045045045046,0.38538538538538525,0.6066066066066066,0.38538538538538525,0.5255255255255256,1
0.5755755755755756,0.6666666666666674,0.1891891891891892,0.45645645645645644,0.4624624624624635,0.23723723723723725,0.6516516516516516,0.04104104104104104,0.05305305305305305,0.2822822822822823,0.27627627627627627,0.012012012012012012,0.4194194194194194,0.7467467467467468,0.12212212212212212,0.008008008008008008,0.056056056056056056,0.3833833833833834,0.14014014014014015,0.7087087087087087,0
0.1941941941941942,0.7177177177177175,0.2932932932932933,0.5475475475475475,0.12512512512512514,0.970970970970971,0.23423423423423423,0.057057057057057055,0.4044044044044044,0.4954954954954955,0.9779779779779779,0.0920920920920921,0.43843843843843844,0.9359359359359359,0.12812812812812813,0.08508508508508508,0.017017017017017015,0.023023023023023025,0.5055055055055054,0.11811811811811812,0
0.0,0.9009009009009009,0.06506506506506507,0.2882882882882883,0.20520520520520522,0.025025025025025023,0.8748748748748749,0.5115115115115115,0.11311311311311312,0.2752752752752753,0.45045045045045046,0.27927927927927926,0.4824824824824825,0.7287287287287287,0.4064064064064064,0.031031031031031032,0.018018018018018018,0.0960960960960961,0.21621621621621623,0.5795795795795796,0
0.8568568568568569,0.018018018018018018,0.14314314314314314,0.35435435435435436,0.5445445445445447,0.8948948948948948,0.036036036036036036,0.2412412412412415,0.03203203203203203,0.5405405405405406,0.12112112112112113,0.3103103103103103,0.5975975975975976,0.08508508508508432,0.3253253253253246,0.5845845845845846,0.958958958958959,0.95995995995996,0.6646646646646647,0.1941941941941942,1
0.7317317317317317,0.1871871871871872,0.7557557557557557,0.19119119119119118,0.8638638638638638,0.9119119119119119,0.5335335335335335,0.48148148148148145,0.4114114114114114,0.7377377377377378,0.1841841841841842,0.35435435435435436,0.6066066066066066,0.2012012012012012,0.7247247247247247,0.6916916916916916,0.3313313313313313,0.46146146146146144,0.6756756756756757,0.5345345345345345,1
0.5795795795795796,0.13013013013013014,0.7247247247247247,0.7537537537537538,0.8928928928928929,0.9749749749749749,0.8248248248248248,0.6756756756756757,0.7147147147147147,0.7057057057057057,0.26226226226226224,0.44644644644644643,0.3813813813813814,0.0920920920920921,0.3743743743743744,0.938938938938939,0.27427427427427425,0.8378378378378377,0.5065065065065065,0.7147147147147147,0
0.8148148148148148,0.26426426426426425,0.6696696696696697,0.34434434434434436,0.6796796796796797,0.5515515515515516,0.7877877877877877,0.23623623623624046,0.8678678678678678,0.986986986986987,0.0890890890890891,0.47147147147147145,0.9149149149149148,0.4064064064064064,0.8478478478478475,0.4084084084084084,0.022022022022022022,0.47147147147147145,0.8828828828828829,0.5805805805805806,1
0.5185185185185185,0.5225225225225225,0.6826826826826827,0.7797797797797797,0.6996996996996997,0.2732732732732733,0.9949949949949947,0.7087087087087087,0.9949949949949943,0.7217217217217217,0.44844844844844844,0.6616616616616616,0.1781781781781782,0.5055055055055053,0.09009009009009009,0.7317317317317317,0.3833833833833834,0.8158158158158159,0.35135135135135137,0.4014014014014014,0
0.23823823823823823,0.11911911911911911,0.25425425425425424,0.998998998998999,0.6756756756756757,0.8998998998998999,0.8858858858858859,0.6276276276276276,0.4574574574574574,0.6286286286286287,0.8178178178178177,0.3383383383383384,0.10810810810810811,0.13013013013013014,0.2682682682682683,0.9229229229229229,0.03303303303303303,0.93993993993994,0.7647647647647647,0.4074074074074074,0
0.12112112112112113,0.6366366366366366,0.24424424424424424,0.27927927927927926,0.2082082082082082,0.05105105105105105,0.6576576576576576,0.4984984984984985,0.84984984984985,0.8038038038038038,0.5085085085085085,0.948948948948949,0.6706706706706705,0.42542542542542544,0.7107107107107106,0.3063063063063063,0.5855855855855856,0.6856856856856857,0.8788788788788788,0.12512512512512514,1
0.26126126126126126,0.993993993993994,0.24024024024024024,0.16816816816816815,0.08508508508508508,0.11811811811811812,0.45945945945945943,0.2772772772772773,0.18018018018018014,0.055055055055055056,0.9289289289289289,0.16416416416416416,0.3843843843843844,0.8948948948948949,0.4844844844844845,0.014014014014014014,0.2972972972972973,0.14014014014014015,0.04804804804804805,0.7157157157157157,0
0.22522522522522523,0.1841841841841842,0.7827827827827828,0.960960960960961,0.7257257257257257,0.9009009009009009,0.7777777777777778,0.8368368368368369,0.7347347347347347,0.8218218218218218,0.24224224224224225,0.7817817817817818,0.5355355355355356,0.3063063063063063,0.5485485485485485,0.9419419419419419,0.3603603603603603,0.2092092092092092,0.8208208208208209,0.43543543543543545,1
0.15715715715715717,0.8038038038038038,0.036036036036036036,0.16416416416416416,0.28128128128128127,0.018018018018018018,0.8558558558558559,0.4324324324324325,0.057057057057057055,0.03803803803803804,0.32232232232232233,0.15815815815815815,0.2862862862862863,0.8708708708708709,0.32032032032032015,0.04104104104104111,0.42842842842842843,0.8058058058058059,0.062062062062062065,0.5485485485485485,0
0.6076076076076076,0.3813813813813814,0.1601601601601601,0.1991991991991992,0.4084084084084084,0.6226226226226226,0.6876876876876875,0.1941941941941942,0.21021021021021022,0.4214214214214214,0.24724724724724725,0.05205205205205205,0.12712712712712712,0.7067067067067081,0.3863863863863864,0.3983983983983984,0.4144144144144144,0.2702702702702703,0.8088088088088088,0.03203203203203203,0
0.7967967967967968,0.5005005005005005,0.8458458458458459,0.9529529529529529,0.6666666666666666,0.2092092092092092,0.23023023023023023,0.7117117117117117,0.44144144144144143,0.5035035035035035,0.8838838838838838,0.8938938938938938,0.948948948948949,0.5345345345345345,0.9209209209209209,0.3853853853853849,0.7717717717717718,0.6606606606606606,0.27627627627627627,0.9269269269269269,0
0.8218218218218218,0.24024024024024024,0.8548548548548551,0.1941941941941942,0.6986986986986987,0.8758758758758759,0.5595595595595596,0.5835835835835835,0.5405405405405406,0.963963963963964,0.15715715715715717,0.6256256256256256,0.9179179179179179,0.0890890890890891,0.982982982982983,0.6876876876876876,0.07707707707707707,0.15715715715715717,0.7937937937937938,0.5425425425425425,1
0.7657657657657657,0.47147147147147145,0.993993993993994,0.914914914914915,0.9259259259259259,0.12612612612612611,0.4774774774774775,0.8138138138138138,0.08108108108108109,0.12312312312312312,0.5915915915915916,0.8028028028028028,0.8698698698698699,0.8138138138138138,0.9459459459459459,0.09009009009009007,0.6356356356356356,0.08108108108108109,0.0,0.3613613613613614,0
0.17917917917917917,0.6856856856856857,0.14214214214214213,0.11011011011011011,0.023023023023023025,0.14614614614614616,0.25225225225225223,0.2932932932932933,0.4904904904904905,0.7717717717717718,0.676676676676677,0.9069069069069069,0.6876876876876876,0.4034034034034034,0.6606606606606605,0.17417417417417416,0.5535535535535535,0.2802802802802803,0.9099099099099099,0.1041041041041041,1
0.9879879879879879,0.31431431431431434,0.8468468468468469,0.7817817817817818,0.8228228228228228,0.15215215215215216,0.4124124124124124,0.8618618618618619,0.13813813813813813,0.2872872872872873,0.8268268268268268,0.7577577577577578,0.95995995995996,0.958958958958959,0.93993993993994,0.062062062062062065,0.5945945945945946,0.7787787787787788,0.013013013013013013,0.35235235235235235,0
0.4214214214214214,0.3253253253253242,0.5315315315315315,0.6366366366366366,0.9479479479479479,0.6736736736736737,0.97997997997998,0.9149149149149148,0.8558558558558559,0.5295295295295295,0.6276276276276276,0.5735735735735735,0.04604604604604605,0.01001001001001001,0.44344344344344344,0.998998998998999,0.3533533533533536,0.9519519519519519,0.7427427427427428,0.9229229229229229,0
0.6116116116116116,0.37237237237237236,0.062062062062062065,0.13313313313313313,0.26926926926926925,0.8018018018018018,0.4344344344344344,0.3563563563563564,0.13313313313313313,0.44244244244244246,0.26326326326326327,0.03203203203203203,0.16116116116116116,0.6276276276276276,0.07207207207207207,0.5125125125125125,0.45145145145145144,0.1981981981981982,0.9409409409409409,0.1961961961961962,0
0.5835835835835835,0.25225225225225234,0.3813813813813814,0.8248248248248248,0.5425425425425425,0.7707707707707707,0.9819819819819819,0.8808808808808809,0.9879879879879879,0.9309309309309309,0.44144144144144143,0.6046046046046046,0.19119119119119118,0.2222222222222222,0.23023023023023023,0.9359359359359359,0.02102102102102102,0.9819819819819819,0.6436436436436437,0.7707707707707682,0
0.8378378378378378,0.002002002002002002,0.08008008008008008,0.4894894894894895,0.7107107107107107,0.884884884884885,0.044044044044044044,0.4124124124124124,0.014014014014014014,0.5465465465465466,0.1031031031031031,0.24724724724724725,0.933933933933934,0.42042042042042044,0.11911911911911911,0.42842842842842843,0.9099099099099099,0.988988988988989,0.5475475475475475,0.26426426426426425,1
0.8588588588588588,0.32232232232232233,0.9359359359359359,0.14714714714714713,0.938938938938939,0.47847847847847846,0.7957957957957985,0.24624624624624633,0.8488488488488488,0.9189189189189189,0.12312312312312315,0.5125125125125125,0.8218218218218218,0.31931931931931934,0.8978978978978974,0.44544544544544545,0.23223223223223227,0.44844844844844844,0.5175175175175175,0.5095095095095097,1
0.6516516516516516,0.16016016016015974,0.4774774774774775,0.06306306306306306,0.7717717717717718,0.975975975975976,0.3483483483483485,0.17217217217217218,0.5295295295295295,0.8708708708708709,0.037037037037037035,0.1991991991991992,0.8898898898898899,0.26926926926926925,0.7517517517517518,0.7367367367367368,0.22822822822822822,0.5315315315315315,0.982982982982983,0.978978978978979,1
0.2122122122122122,0.7737737737737738,0.17517517517517517,0.43343343343343343,0.2802802802802803,0.24024024024024024,0.6416416416416416,0.08808808808808809,0.043043043043043044,0.04604604604604605,0.35835835835835833,0.05105105105105105,0.12112112112112113,0.5875875875875876,0.3173173173173173,0.04804804804804805,0.3013013013013013,0.7107107107107105,0.031031031031031032,0.4124124124124124,0
0.15515515515515516,0.9109109109109109,0.2062062062062062,0.3803803803803802,0.24224224224224225,0.2222222222222222,0.8268268268268268,0.26426426426426425,0.3383383383383386,0.1831831831831832,0.6426426426426426,0.12312312312312312,0.06306306306306306,0.6106106106106106,0.3033033033033033,0.13313313313313313,0.1971971971971972,0.25125125125125125,0.2652652652652653,0.47747747747747743,0
0.8778778778778779,0.006006006006006006,0.33233233233233234,0.3583583583583584,0.7767767767767768,0.9329329329329329,0.057057057057057055,0.2222222222222222,0.011011011011011011,0.5285285285285285,0.09309309309309309,0.26326326326326327,0.7157157157157157,0.14314314314314314,0.13313313313313313,0.43743743743743696,0.9159159159159159,0.8748748748748748,0.3793793793793794,0.10510510510510511,1
0.21521521521521522,0.7527527527527528,0.9459459459459459,0.7017017017017017,0.21621621621621623,0.9259259259259259,0.3363363363363364,0.8838838838838838,0.7577577577577574,0.2012012012012012,0.31931931931931934,0.8178178178178168,0.23823823823823823,0.5985985985985987,0.43343343343343343,0.8698698698698699,0.7337337337337337,0.4344344344344344,0.08708708708708708,0.5545545545545546,1
0.49149149149149146,0.15815815815815815,0.7537537537537538,0.8798798798798799,0.8828828828828829,0.7697697697697697,0.9129129129129129,0.8598598598598599,0.975975975975976,0.982982982982983,0.25225225225225223,0.7387387387387387,0.8618618618618619,0.45045045045045046,0.1891891891891892,0.8048048048048048,0.029029029029029027,0.4064064064064064,0.8998998998998999,0.7487487487487487,1
0.46546546546546547,0.1791791791791792,0.4214214214214214,0.6546546546546547,0.5625625625625625,0.5675675675675675,0.5655655655655656,0.91991991991992,0.3863863863863864,0.8438438438438438,0.8168168168168168,0.8148148148148148,0.6856856856856857,0.10510510510510511,0.3893893893893894,0.7917917917917918,0.29929929929929955,0.5575575575575575,0.7807807807807807,0.3763763763763764,1
0.6716716716716716,0.10010010010010009,0.07607607607607608,0.24124124124124124,0.6926926926926927,0.2872872872872873,0.7447447447447447,0.3583583583583587,0.36236236236236236,0.928928928928929,0.15615615615615616,0.4744744744744745,0.7297297297297297,0.23223223223223222,0.14714714714714713,0.45145145145145144,0.5355355355355356,0.8638638638638638,0.990990990990991,0.22422422422422422,1
0.10710710710710711,0.22122122122122126,0.5525525525525525,0.7327327327327328,0.5245245245245245,0.7277277277277275,0.1931931931931932,0.7607607607607606,0.42342342342342343,0.7467467467467468,0.5935935935935935,0.8808808808808809,0.8688688688688688,0.036036036036036036,0.4474474474474474,0.7997997997997998,0.48148148148148145,0.5545545545545546,0.5595595595595596,0.6226226226226226,1
0.058058058058058054,0.3213213213213213,0.6486486486486487,0.9429429429429429,0.6336336336336337,0.44144144144144143,0.6106106106106106,0.7437437437437437,0.7497497497497497,0.8838838838838838,0.9209209209209209,0.8798798798798799,0.7357357357357357,0.08608608608608609,0.058058058058058054,0.6776776776776777,0.34434434434434436,0.4364364364364364,0.6186186186186187,0.4994994994994995,1
0.6086086086086087,0.043043043043043044,0.26226226226226224,0.5385385385385385,0.9379379379379379,0.3333333333333333,0.6686686686686687,0.1921921921921922,0.25025025025025016,0.6736736736736737,0.06506506506506507,0.42742742742742745,0.9319319319319319,0.5105105105105106,0.32832832832832853,0.16816816816816815,0.5565565565565566,0.9109109109109109,0.4844844844844845,0.05305305305305305,1
0.2012012012012012,0.984984984984985,0.25825825825825827,0.12112112112112113,0.32432432432432434,0.07807807807807808,0.6956956956956957,0.24724724724724725,0.11711711711711711,0.036036036036036036,0.6726726726726734,0.08808808808808809,0.3313313313313317,0.8188188188188188,0.4494494494494494,0.022022022022022022,0.2092092092092092,0.11611611611611611,0.035035035035035036,0.8978978978978978,0
0.34434434434434436,0.32432432432432434,0.05905905905905906,0.47047047047047047,0.45545545545545546,0.40540540540540543,0.5955955955955956,0.10710710710710711,0.2062062062062062,0.4394394394394394,0.33433433433433435,0.07407407407407407,0.30430430430430433,0.5555555555555556,0.06606606606606606,0.3213213213213213,0.4264264264264264,0.37537537537537535,0.9209209209209209,0.11211211211211211,0
0.9119119119119119,0.0940940940940941,0.2972972972972973,0.013013013013013013,0.6416416416416416,0.36536536536536524,0.3053053053053053,0.22022022022022023,0.22422422422422422,0.7837837837837838,0.16016016016016016,0.5165165165165165,0.9089089089089089,0.2752752752752753,0.34634634634634637,0.13713713713713713,0.7027027027027027,0.9009009009009009,0.47147147147147145,0.031031031031031032,1
0.5135135135135135,0.8018018018018018,0.8518518518518519,0.6116116116116116,0.035035035035035036,0.9099099099099099,0.06806806806806806,0.7487487487487487,0.8758758758758759,0.3933933933933934,0.7777777777777778,0.8458458458458459,0.4064064064064064,0.5765765765765766,0.3003003003003003,0.7477477477475167,0.8848848848848849,0.26726726726726724,0.26126126126126126,0.40040040040040037,1
0.034034034034034114,0.13513513513513514,0.27427427427427425,0.9169169169169169,0.5995995995995996,0.2962962962962963,0.978978978978979,0.7057057057057057,0.7167167167167167,0.6186186186186187,0.5515515515515516,0.7627627627627628,0.26326326326326327,0.35235235235235235,0.014014014014014014,0.8028028028028028,0.46346346346346345,0.970970970970971,0.47047047047047047,0.2852852852852853,0
0.4184184184184184,0.2872872872872873,0.7647647647647647,0.7707707707707705,0.7687687687687688,0.34534534534534533,0.6716716716716716,0.8438438438438438,0.7477477477477475,0.9469469469469469,0.9719719719719719,0.9019019019019019,0.9729729729729734,0.15315315315315314,0.11211211211211211,0.44844844844844844,0.16816816816816815,0.6106106106106106,0.3733733733733734,0.41041041041041043,1
0.8118118118118118,0.21021021021021022,0.6606606606606605,0.34634634634634637,0.6146146146146146,0.6416416416416416,0.6116116116116116,0.4544544544544544,0.5015015015015015,0.9019019019019019,0.12512512512512514,0.45945945945945943,0.6426426426426426,0.2822822822822823,0.7277277277277276,0.603603603603604,0.35435435435435436,0.4964964964964965,0.7067067067067067,0.5295295295295295,1
0.7137137137137137,0.1021021021021021,0.3073073073073073,0.45545545545545546,0.8218218218218218,0.36436436436436437,0.7657657657657657,0.23423423423423423,0.3833833833833834,0.8528528528528528,0.02102102102102102,0.4144144144144144,0.4854854854854855,0.015015015015015015,0.46746746746746726,0.8088088088088088,0.6246246246246246,0.8238238238238238,0.9779779779779779,0.2862862862862863,1
0.7387387387387387,0.06906906906906907,0.2032032032032032,0.16116116116116116,0.5775775775775776,0.5065065065065065,0.47047047047047047,0.2962962962962963,0.26326326326326327,0.8928928928928929,0.16316316316316315,0.49749749749749717,0.7147147147147147,0.16116116116116116,0.16816816816816815,0.3153153153153153,0.5145145145145145,0.9039039039039038,0.7667667667667668,0.018018018018018018,1
0.8738738738738738,0.07207207207207207,0.5345345345345345,0.07607607607607608,0.9779779779779779,0.5095095095095095,0.49749749749749744,0.11911911911911911,0.21421421421421422,0.6956956956956957,0.07507507507507508,0.3083083083083083,0.6616616616616616,0.1041041041041041,0.16316316316316315,0.3433433433433433,0.6476476476476476,0.7997997997997998,0.5295295295295295,0.1031031031031031,1
0.5315315315315315,0.6796796796796797,0.08208208208208208,0.30930930930930933,0.01001001001001001,0.97997997997998,0.1971971971971972,0.24024024024024024,0.3233233233233233,0.4794794794794795,0.7577577577576439,0.04004004004004,0.2652652652652653,0.9029029029029029,0.3713713713713714,0.27127127127127126,0.03003003003003003,0.07307307307307308,0.7537537537537538,0.21421421421421422,0
0.9379379379379378,0.7627627627627628,0.4494494494494494,0.46446446446446443,0.018018018018018018,0.9579579579579579,0.003003003003003003,0.31431431431431434,0.7587587587587588,0.35935935935935936,0.5265265265265265,0.3963963963963964,0.3203203203203199,0.7107107107107107,0.9269269269269269,0.7217217217217217,0.9549549549549549,0.7587587587587588,0.5505505505505506,0.6266266266266266,0
0.7437437437437437,0.7197197197197197,0.39539539539539537,0.3993993993993994,0.28428428428428426,0.4544544544544544,0.06106106106106106,0.009009009009009009,0.5655655655655656,0.3703703703703703,0.3203203203203187,0.22422422422422422,0.4644644644644645,0.8888888888888888,0.8228228228228228,0.3313313313313314,0.8308308308308309,0.25425425425425424,0.7747747747747747,0.35535535535535484,0
0.32432432432432434,0.8908908908908909,0.8238238238238238,0.6756756756756757,0.25725725725725723,0.35235235235235235,0.3893893893893894,0.8198198198198198,0.7307307307307301,0.14714714714714713,0.9369369369369369,0.7127127127127127,0.20520520520520522,0.7037037037037037,0.13013013013013014,0.6756756756756757,0.8338338338338338,0.2732732732732733,0.15515515515515516,0.8028028028028028,1
0.23023023023023023,0.3893893893893894,0.011011011011011011,0.45845845845845845,0.15115115115115116,0.8978978978978976,0.6456456456456456,0.4194194194194194,0.23123123123123146,0.42842842842842843,0.7367367367367368,0.0980980980980981,0.07707707707707707,0.6186186186186187,0.1941941941941942,0.4624624624624625,0.06806806806806806,0.7897897897897898,0.8398398398398398,0.015015015015015015,0
0.26726726726726724,0.33833833833833843,0.7397397397397397,0.928928928928929,0.6776776776776777,0.8258258258258259,0.7617617617617618,0.7927927927927928,0.988988988988989,0.974974974974974,0.2502502502502503,0.7067067067067069,0.6686686686686687,0.2122122122122122,0.04004004004004004,0.9219219219219219,0.24224224224224225,0.025025025025025023,0.973973973973974,0.97997997997998,1
0.5685685685685685,0.5415415415415415,0.3103103103103103,0.08408408408408408,0.23523523523523523,0.15915915915915915,0.24424424424424424,0.5185185185185185,0.6606606606606606,0.8998998998998999,0.9229229229229229,0.9679679679679679,0.8048048048048048,0.09309309309309309,0.7337337337337337,0.39539539539539537,0.8018018018018018,0.44644644644644643,0.983983983983984,0.03403403403403405,1
0.8358358358358359,0.2072072072072072,0.5765765765765766,0.23423423423423423,0.8888888888888888,0.6076076076076076,0.7137137137137137,0.15315315315315314,0.5525525525525525,0.8468468468468469,0.14214214214214213,0.2022022022022022,0.6696696696696697,0.45645645645645644,0.7027027027027027,0.46146146146146144,0.17517517517517517,0.7317317317317318,0.7897897897897898,0.8238238238238238,1
0.3933933933933934,0.9269269269269269,0.970970970970971,0.6156156156156156,0.30930930930930933,0.3023023023023023,0.6726726726726727,0.8778778778778776,0.8668668668668669,0.23123123123123132,0.44344344344344344,0.8348348348348348,0.23923923923923923,0.6776776776776776,0.21621621621621656,0.6656656656656657,0.7727727727727728,0.11211211211211211,0.05305305305305305,0.8778778778778779,1
0.003003003003003003,0.963963963963964,0.23923923923923923,0.5145145145145145,0.06006006006006006,0.27427427427427425,0.3033033033033033,0.2132132132132132,0.27927927927927926,0.07307307307307308,0.998998998998999,0.2972972972972973,0.4134134134134134,0.85985985985986,0.36436436436436437,0.012012012012012012,0.19019019019019018,0.2872872872872873,0.0990990990990991,0.2952952952952953,0
0.3963963963963964,0.11511511511511512,0.5065065065065065,0.7577577577577578,0.5295295295295295,0.6196196196196196,0.9159159159159159,0.8688688688688688,0.6886886886886887,0.7797797797797797,0.23223223223223224,0.8258258258258259,0.41541541541541543,0.18218218218218218,0.007007007007007007,0.8388388388388388,0.44644644644644643,0.9629629629629629,0.2922922922922923,0.33633633633633636,0
0.6616616616616616,0.7127127127127127,0.4044044044044044,0.3213213213213213,0.12112112112112113,0.9029029029029029,0.012012012012012012,0.044044044044044044,0.4244244244244244,0.1921921921921922,0.45145145145145144,0.22122122122122123,0.28928928928928926,0.6356356356356356,0.7577577577577577,0.5795795795795796,0.8778778778778777,0.5365365365365365,0.5315315315315315,0.34634634634634637,0
0.04504504504504504,0.998998998998999,0.34634634634634637,0.5855855855855856,0.17317317317317318,0.1891891891891892,0.5105105105105104,0.3113113113113113,0.3983983983983984,0.023023023023023025,1.0,0.2902902902902903,0.16816816816816815,0.9369369369369369,0.45645645645645644,0.06306306306306306,0.45045045045045046,0.4804804804804805,0.11411411411411411,0.5675675675675675,0
0.7167167167167167,0.84984984984985,0.4844844844844845,0.04204204204204204,0.19519519519519518,0.9079079079079079,0.2952952952952953,0.16216216216216217,0.9109109109109109,0.3613613613613614,0.35435435435435436,0.21921921921921922,0.04504504504504504,0.7327327327327328,0.8648648648648649,0.8428428428428428,0.6146146146146146,0.3023023023023023,0.9649649649649652,0.33433433433433435,0
0.13813813813813813,0.8278278278278278,0.9059059059059059,0.9179179179179179,0.22122122122122231,0.7837837837837838,0.22822822822822822,0.8658658658658659,0.43343343343343343,0.01901901901901902,0.8068068068068068,0.5705705705705706,0.050050050050050046,0.7167167167167169,0.024024024024024024,0.785785785785786,0.9009009009009009,0.36036036036036034,0.01001001001001001,0.8458458458458459,0
0.2832832832832833,0.34234234234234234,0.7407407407407407,0.7767767767767768,0.5565565565565566,0.6336336336336337,0.3503503503503503,0.8488488488488488,0.5155155155155156,0.7187187187187187,0.8778778778778779,0.9009009009009009,0.6936936936936937,0.07007007007007007,0.5305305305305306,0.8098098098098098,0.48248248248248254,0.4904904904904905,0.43043043043043044,0.39039039039039036,1
0.2072072072072072,0.47047047047047047,0.03203203203203203,0.20020020020020018,0.3923923923923924,0.44044044044044045,0.7967967967967968,0.3453453453453453,0.17417417417417416,0.3113113113113113,0.30430430430430433,0.062062062062062065,0.11711711711711711,0.6876876876876876,0.24624624624624628,0.4444444444444444,0.3063063063063063,0.6046046046046046,0.7687687687687688,0.14214214214214213,0
0.4984984984984985,0.5395395395395397,0.5355355355355356,0.5445445445445445,0.8408408408408409,0.3973973973973974,0.992992992992993,0.986986986986987,0.9729729729729735,0.5895895895895896,0.8658658658658659,0.7347347347347347,0.07107107107107107,0.09009009009009009,0.5445445445445553,0.997997997997998,0.3783783783783784,0.8538538538538538,0.938938938938939,0.6586586586586587,0
0.3813813813813814,0.7657657657657657,0.7427427427427428,0.6236236236236237,0.14814814814814814,0.944944944944945,0.0890890890890891,0.6896896896896897,0.4214214214214214,0.1021021021021021,0.7997997997997998,0.5445445445445445,0.23423423423423423,0.6166166166166166,0.3833833833833834,0.7237237237237237,0.7437437437437437,0.35235235235235235,0.18518518518518515,0.45045045045045046,1
0.12312312312312312,0.6206206206206206,0.05205205205205205,0.12412412412412413,0.3263263263263263,0.34134134134134136,0.5095095095095096,0.07807807807807808,0.09509509509509509,0.15615615615615616,0.5565565565565566,0.04804804804804805,0.3023023023023023,0.7987987987987988,0.4214214214214214,0.12512512512512497,0.35935935935935936,0.3033033033033033,0.45645645645645644,0.17117117117117117,0
0.49249249249249266,0.22522522522522523,0.6546546546546547,0.6836836836836837,0.7357357357357357,0.45045045045045046,0.7477477477477477,0.8718718718718719,0.41541541541541543,0.8018018018018018,0.4194194194194194,0.8318318318318318,0.7657657657657657,0.2772772772772773,0.5745745745745746,0.6986986986986987,0.26726726726726724,0.4694694694694695,0.47847847847847846,0.4214214214214214,1
0.6876876876876877,0.04004004004004004,0.27127127127127126,0.4364364364364364,0.8458458458458459,0.5185185185185185,0.43743743743743746,0.17517517517517517,0.30430430430430433,0.7857857857857862,0.05105105105105105,0.3563563563563564,0.7537537537537538,0.2702702702702703,0.03803803803803804,0.4114114114114114,0.7367367367367368,0.8558558558558559,0.8008008008008007,0.17317317317317318,1
0.9169169169169169,0.14614614614614616,0.5655655655655656,0.7407407407407407,0.960960960960961,0.11011011011011011,0.5605605605605606,0.9069069069069069,0.036036036036036036,0.23023023023023023,0.6936936936936937,0.6366366366366366,0.7857857857857857,0.7347347347347347,0.7667667667667668,0.3283283283283283,0.8188188188188188,0.7547547547547547,0.24524524524524524,0.36936936936936937,0
0.8958958958958959,0.42342342342342343,0.8528528528528528,0.07907907907907907,0.7927927927927928,0.6206206206206206,0.5355355355355356,0.03403403403403403,0.9069069069069069,0.9359359359359359,0.08408408408408413,0.32032032032032004,0.8158158158158159,0.15015015015015015,0.6996996996996997,0.41041041041041043,0.20520520520520522,0.6056056056056056,0.5215215215215215,0.9949949949949949,1
0.09509509509509509,0.4984984984984985,0.5185185185185185,0.35535535535535534,0.33133133133133136,0.3313313313313313,0.01001001001001001,0.38738738738738737,0.46346346346346345,0.5985985985986029,0.8378378378378376,0.95995995995996,0.9619619619619619,0.08108108108108109,0.8688688688688688,0.4724724724724728,0.9529529529529529,0.07207207207207207,0.9129129129129129,0.03803803803803804,1
0.7217217217217217,0.03003003003003003,0.23223223223223224,0.21621621621621623,0.8278278278278278,0.9279279279279279,0.12612612612612611,0.14714714714714713,0.22822822822822822,0.5205205205205206,0.10810810810810817,0.23223223223223222,0.6456456456456456,0.3013013013013013,0.17317317317317318,0.5905905905905906,0.943943943943944,0.958958958958959,0.8358358358358359,0.2222222222222222,1
0.45645645645645644,0.7147147147147147,0.4324324324324343,0.20520520520520522,0.057057057057057055,0.08808808808808809,0.13513513513513514,0.17417417417417416,0.7947947947947948,0.7517517517517518,0.9269269269269269,0.988988988988989,0.7507507507507506,0.24124124124124124,0.990990990990991,0.16016016016016016,0.9089089089089089,0.33233233233233234,0.7557557557557557,0.004004004004004004,1
0.11811811811811812,0.5315315315315315,0.7517517517517518,0.3433433433433433,0.4744744744744745,0.2772772772772773,0.6896896896896897,0.2902902902902903,0.6276276276276276,0.5875875875875876,0.22522522522522523,0.9039039039039038,0.5565565565565566,0.24824824824824826,0.6426426426426426,0.22022022022022023,0.4994994994994995,0.5885885885885885,0.27427427427427425,0.07507507507507508,1
0.11511511511511512,0.9359359359359359,0.2732732732732733,0.4974974974974974,0.2952952952952953,0.2862862862862863,0.5085085085085085,0.5625625625625625,0.24724724724724725,0.22522522522522523,0.986986986986987,0.24424424424424424,0.48848848848848847,0.8548548548548549,0.5855855855855856,0.06606606606606606,0.024024024024024024,0.031031031031031032,0.23923923923923923,0.5405405405405406,0
0.0680680680680689,0.21421421421421422,0.8438438438438438,0.9369369369369369,0.6586586586586587,0.7447447447447447,0.6316316316316316,0.6766766766766767,0.7227227227227228,0.7817817817817818,0.2122122122122122,0.8538538538538538,0.5155155155155156,0.006006006006006006,0.4924924924924925,0.9409409409409409,0.4804804804804805,0.2822822822822823,0.5705705705705706,0.7297297297297297,1
1.0,0.2022022022022022,0.4874874874874875,0.8788788788788788,0.6436436436436437,0.04104104104104104,0.3113113113113113,0.995995995995996,0.006006006006006006,0.497497497497497,0.8398398398398398,0.6916916916916916,0.978978978978979,0.8038038038038038,0.6856856856856857,0.12212212212212212,0.6236236236236237,0.39039039039039036,0.2272272272272272,0.7617617617617618,1
0.14814814814814814,0.5245245245245245,0.24724724724724725,0.5175175175175175,0.2112112112112112,0.22322322322322322,0.24024024024024024,0.01001001001001001,0.44344344344344344,0.5955955955955956,0.48348348348348347,0.8378378378378378,0.5255255255255256,0.13813813813813813,0.6466466466466467,0.12612612612612614,0.5595595595595596,0.7647647647647647,0.4624624624624628,0.10710710710710711,1
0.6266266266266266,0.05905905905905906,0.3403403403403401,0.5905905905905906,0.6856856856856857,0.49249249249249266,0.6396396396396397,0.46046046046046046,0.3743743743743744,0.9059059059059059,0.011011011011011011,0.5625625625625625,0.7717717717717718,0.35535535535535534,0.16116116116116116,0.5425425425425425,0.6156156156156156,0.8218218218218218,0.7867867867867868,0.16316316316316315,1
0.7297297297297297,0.13813813813813813,0.3733733733733734,0.07407407407407407,0.5075075075075075,0.35735735735735735,0.7687687687687688,0.30930930930930933,0.7647647647647647,0.996996996996997,0.006006006006006006,0.5885885885885885,0.9949949949949949,0.47347347347347346,0.6216216216216216,0.23123123123123127,0.06706706706706707,0.6366366366366366,0.9279279279279267,0.3923923923923924,1
0.26626626626626626,0.9149149149149148,0.14014014014014015,0.0970970970970971,0.11511511511511512,0.13113113113113112,0.6146146146146146,0.39539539539539537,0.06506506506506507,0.017017017017017015,0.5155155155155156,0.10710710710710711,0.24424424424424424,0.948948948948949,0.3383383383383383,0.036036036036036036,0.44244244244244246,0.5065065065065065,0.03803803803803804,0.5475475475475475,0
0.5995995995995996,0.5405405405405406,0.7377377377377375,0.8198198198198198,0.8008008008008007,0.17717717717717718,0.5845845845845846,0.7397397397397397,0.3123123123123123,0.14314314314314314,0.5005005005005005,0.6826826826826827,0.5945945945945946,0.7017017017017017,0.9259259259259259,0.5005005005005005,0.7297297297297297,0.30430430430430433,0.24724724724724725,0.7257257257257257,0
0.7327327327327328,0.5455455455455456,0.5085085085085085,0.64664664664665,0.6086086086086087,0.14714714714714713,0.6536536536536537,0.8278278278278278,0.1691691691691709,0.2082082082082082,0.6366366366366366,0.4894894894894895,0.4924924924924925,0.7227227227227228,0.6146146146146146,0.47347347347347346,0.6696696696696697,0.28128128128128127,0.27927927927927926,0.7167167167167167,0
0.008008008008008008,0.6506506506506504,0.46846846846846846,0.4094094094094094,0.11011011011011011,0.27627627627627627,0.06906906906906907,0.04204204204204204,0.6216216216216216,0.5555555555555556,0.3123123123123123,0.9319319319319319,0.7077077077077072,0.1031031031031031,0.8608608608608609,0.3383383383383383,0.8438438438438438,0.12812812812812813,0.5445445445445455,0.1871871871871872,1
0.15015015015015015,0.697697697697689,0.5695695695695696,0.5155155155155156,0.2832832832832833,0.26626626626626626,0.055055055055055056,0.19119119119119118,0.5495495495495496,0.4724724724724726,0.8368368368368369,0.9229229229229229,0.8108108108108109,0.3813813813813814,0.9359359359359359,0.23023023023023023,0.8298298298298298,0.17517517517517517,0.3983983983983984,0.2262262262262263,1
0.46846846846846846,0.16916916916916921,0.3713713713713714,0.7917917917917918,0.6076076076076076,0.8208208208208209,0.9269269269269269,0.7377377377377377,0.9459459459459459,0.7487487487487487,0.2882882882882883,0.6056056056056056,0.2952952952952953,0.2952952952952953,0.44144144144144143,0.9679679679679679,0.3983983983983984,0.9549549549549549,0.8678678678678677,0.5915915915915916,0
0.948948948948949,0.025025025025025023,0.31431431431431434,0.3013013013013013,0.9079079079079078,0.5825825825825826,0.15115115115115116,0.0940940940940941,0.03403403403403403,0.6176176176176176,0.12912912912912913,0.2782782782782783,0.8278278278278276,0.12012012012012012,0.4374374374374214,0.2682682682682683,0.7117117117117117,0.8868868868868869,0.44344344344344344,0.15815815815815815,1
0.32932932932932935,0.43343343343343343,0.6796796796796797,0.6226226226226226,0.6116116116116116,0.5865865865865866,0.32932932932932935,0.6406406406406405,0.7287287287287287,0.8028028028028028,0.8408408408408409,0.7497497497497497,0.9289289289289289,0.23023023023023023,0.12312312312312312,0.5115115115115115,0.37737737737737737,0.5985985985985985,0.3963963963963964,0.8658658658658659,1
0.6656656656656657,0.30930930930930933,0.894894894894894,0.23223223223223222,0.7697697697697697,0.9679679679679679,0.2082082082082082,0.24824824824824826,0.48348348348348347,0.6616616616616616,0.18118118118118118,0.40040040040040037,0.6636636636636637,0.050050050050050046,0.8078078078078066,0.6866866866866868,0.43343343343343343,0.3943943943943944,0.45945945945945954,0.8498498498498498,1
0.5575575575575575,0.8918918918918919,0.04804804804804805,0.044044044044044044,0.11911911911911911,0.02102102102102102,0.9379379379379376,0.5525525525525525,0.12312312312312312,0.2862862862862863,0.2962962962962963,0.06306306306306306,0.13613613613613648,0.8458458458458459,0.02002002002002002,0.050050050050050046,0.12412412412412413,0.45045045045045046,0.17417417417417416,0.8558558558558559,0
0.12712712712712712,0.991991991991992,0.13813813813813813,0.38538538538538536,0.07207207207207207,0.03303303303303303,0.8258258258258259,0.5435435435435435,0.35035035035035017,0.14914914914914915,0.8878878878878878,0.2992992992992993,0.1981981981981982,0.8668668668668669,0.4134134134134134,0.07207207207207207,0.31931931931931934,0.4264264264264264,0.18218218218218218,0.6886886886886887,0
0.4074074074074074,0.2902902902902903,0.5905905905905906,0.7277277277277276,0.6746746746746747,0.8268268268268268,0.8208208208208209,0.7077077077077076,0.955955955955956,0.6136136136136137,0.45545545545545546,0.5505505505505506,0.44044044044044045,0.4754754754754755,0.028028028028028028,0.8738738738738738,0.45645645645645644,0.8738738738738738,0.45045045045045046,0.7437437437437437,0
0.9269269269269269,0.14914914914914915,0.6876876876876876,0.5115115115115115,0.6816816816816816,0.3733733733733734,0.9009009009009009,0.4594594594594595,0.8228228228228228,1.0,0.04004004004004004,0.5755755755755756,0.97997997997998,0.2182182182182182,0.7097097097097097,0.30930930930930933,0.0,0.3993993993993994,0.7857857857857862,0.6696696696696697,1
0.3153153153153153,0.6906906906906907,0.7867867867867868,0.6486486486486487,0.18518518518518517,0.7407407407407406,0.17117117117117117,0.8538538538538538,0.6066066066066066,0.29429429429429427,0.4674674674674671,0.8018018018018018,0.44344344344344344,0.6216216216216216,0.0920920920920921,0.7117117117117117,0.8538538538538538,0.4194194194194194,0.16916916916916916,0.6106106106106106,1
0.9549549549549546,0.6756756756756757,0.48248248248248254,0.5605605605605606,0.48348348348348347,0.3613613613613614,0.3013013013013013,0.4964964964964965,0.6456456456456456,0.45045045045045046,0.6996996996996997,0.25925925925925924,0.36536536536536535,0.6646646646646647,0.6116116116116116,0.6176176176176176,0.6466466466466473,0.603603603603605,0.7027027027027027,0.9099099099099099,0
