0,1,2,3,4,5,6,7,8,9,10,11,12,13,14,15,16,17,18,19,20,21,22,23,24,25,26,27,28,29,30,31,32,33,34,35,36,37,38,39,40,41,42,43,44,45,46,47,48,49,50,51,52,53,54,55,56,target
-0.6974133091492133,-2.2130150965996247,-0.596458143301578,-1.534198863842548,-0.08419167776084903,-1.1646241018974708,0.8083106989057365,1.1266066349810084,1.2805091940213515,0.8533558424092829,-0.3752475982709695,0.2466219966634419,0.7391558981913947,0.08568343660158785,0.4002806046273441,1.1480531848481113,0.5332607774015569,-1.3896599422028573,-0.547785021831262,1.6686775711502644,0.6341277278094553,0.5154670259444255,-0.05868127228574075,-1.1094847735511242,0.41332101140234034,0.03208840842186146,0.5523282626967515,0.49533131229535066,0.605146156207505,2.1008175713577666,-0.20251850560960186,1.1249473757578017,-0.010769743356168822,-1.2606755585701293,0.7288147296188393,-2.081669732217561,1.6057101931312359,0.6909309587035696,0.662759451555611,-0.45475644057347436,-0.6748063026506242,-0.6194990597089916,0.5142164772605472,0.9063435551740215,-1.481647882310924,0.49416858007171016,-0.8481484884776661,-0.6841722076569605,0.8382706065334149,1.216553266205555,1.7096217521826012,1.3173081917335927,0.5535366381084191,-0.7831736673309276,-0.9850752805996849,-0.821392629215577,-0.4261527019599796,1
-0.7409719565313438,0.23804248778106524,0.3708731046913325,-1.0708941670417294,-0.5215486712281591,1.8799557423842086,-0.33811997865059135,0.5494227745904045,1.0160498786236325,2.114491270307453,-0.16288119369970372,-0.306608856606552,0.9087643939017342,2.012771074764399,1.2017041455180655,0.6932441736609863,-0.7977470289848909,0.9046260154398422,-2.0620590019308738,1.3741969126363793,-0.43829772249295373,0.5095574989695839,0.7984317265567593,0.484582778757104,-0.28777071126647263,1.3708701098210163,1.2174312244191154,-0.10395191991452918,-1.0971915257229214,0.5590287044720331,-0.7828198584212029,-0.05163956072052099,0.5601451472444512,-1.3307906454781326,0.6752569205852754,-1.320614314761856,-1.3050654009298532,-1.5786480433216195,-1.1389837932530458,0.7047638977135635,0.21473514717042544,0.2982280832046189,-0.1119999612496015,2.151060133554114,1.178156351537468,-0.13397858240182964,-0.29389647463508395,-1.859436893269976,-0.8869911272599673,-0.6645648714823118,0.2573137605189495,-1.1416143207068272,-0.25663968857435454,0.11410335660527411,0.14971254605070183,-0.9965788502286733,1.8103684300960037,1
0.039511244719738964,-0.3889150856808236,-0.5123652609881915,1.6671152220120713,0.594093291500849,-0.9184985002273252,0.6794769025297009,-0.3837294667283335,-1.2403610418420994,-0.8989310261832716,0.3501861082892977,0.27675821925868,-0.12578870620001387,-0.9086605801900376,0.7588997735568074,1.2777872138303132,-1.0859398008832972,0.6589622832597934,0.11412156737132914,1.0121216364545573,-1.6681456395170235,-0.3267622755069227,0.02647261651483504,-0.8952275511537287,-1.3668617539370458,1.092899124507954,-0.799030284265829,1.178344824641087,2.4166230792027448,-0.31118099350460143,1.7005811175768397,-0.784694036477921,-0.8294532957273317,-1.5976069658645926,0.3330816722613641,0.05957035009287897,1.194972598009352,-1.4383124703723205,-0.6143983808062761,1.2317520090172038,-0.07497203161091963,0.7600376152682762,-0.08788220022959951,1.6620506644149096,-0.6437062830460171,0.12791238913985234,0.48336161832935787,-0.930998124673895,1.0500899882330152,-1.7204407153713408,-0.7361635119894252,0.9071183553988273,-1.4659052953196487,-0.33316420667205215,0.0874194302207699,-1.0448146582333924,0.8193609366196102,0
1.17051049018367,-0.9339100985548876,-2.152829406103151,-0.632879520585299,-0.9200893677617643,0.6128830261893748,-0.6537279653413758,0.09969230476323371,-0.0012852368197374421,0.6612478862849688,-0.42266558532006476,0.4565075846139446,0.3849143071635035,1.669610730337777,-0.11097652638809827,-1.1395997415191297,-0.39605748440664595,-0.9079666346563399,0.9868826080698121,-2.360531004255542,0.8629685201138487,0.17633093102596817,0.48898285884942394,1.1280226824395971,2.328026207625305,-0.8479787141254351,0.27245309344236596,-0.40216545051168257,-0.13105425230540654,-0.1801568877769904,-0.33080861093549385,0.34261004689368074,-0.08673072018776848,0.13178611900575343,1.6859847628094222,1.1593939428205327,-2.3825136996228977,1.448221985066074,0.9595458458267007,-0.2647818896816183,-1.4550203907452104,0.22932705494613503,-0.4330264492598237,-0.6041175303935477,-0.43158198286234634,0.3599457303077913,-0.0757438690667732,-0.9522727301380011,-1.8888417835136695,-2.194865344002864,0.5589799680238754,0.06436113540751746,0.4215363612443613,-2.3088845045691877,-0.8907028924333313,-1.1439735023512507,-0.018856694796054764,1
-0.9744924181180371,-1.2346808881350757,0.6838597880782961,-0.9337946335499931,0.9864391213740068,-1.6339524587841368,-0.41880568115802297,0.6467049343641881,0.0037038010375324932,0.0876651049012827,-0.1635635022452352,-1.5909202585903661,1.7754900279254069,0.43698025974845695,-0.6018283679319179,-0.9616061977460684,-1.159285606941687,-0.9674287917192095,-0.1339868238771161,0.2139402588715069,-1.4233540062770176,0.2800874858843371,-0.11408303106679762,-0.3686538652748179,0.6907833833848109,0.15359545374228023,1.1448517105963232,0.5127073455052652,1.9008095517023553,1.2095104640963956,0.16786127906979798,0.19515236250208015,0.9102501718038845,-1.483997435370321,-1.0071966140672268,-2.140486591809573,1.1863590181967087,0.6177518143112685,-0.28837264482198866,-0.7993367387038266,-0.6218519254549494,0.4715688914648418,0.2846602349554467,-0.07103891763683869,-1.0726474990690071,0.6737359739545954,0.4947586209073434,-0.4892827353782665,-0.4924876004059548,0.09727057680253658,1.7092491496396636,-1.2241910758293446,-0.06832330112677194,0.679654952179558,-0.2879413901774497,-0.12997297258848417,0.3757846995911428,1
2.2834156867638344,0.653403712957644,1.002337710788158,-0.21780518213342756,0.4249949127405591,-0.4141884827238302,0.7463059977039503,0.5080700569445273,-0.13906287114637964,0.2116876773944469,-0.591395592823427,1.013258872586548,-0.10173446630819284,0.37227887705013474,-0.3123919628505994,0.4220053254658452,0.9872459572112822,1.2626389765945845,-0.002540471891068555,-0.3675964277167066,-0.314674243606321,-1.0096490205763005,-0.3101144802598627,-0.3629124790706064,1.429697761989887,-0.08150852970033429,-1.9826221597787974,-0.670673937861398,-0.2650746521220934,-0.06679117398026888,-1.4331460183489093,0.5086876942954542,-1.716142122668577,0.7050518164042506,0.4446690438731605,-1.3571940976995052,0.4381849410160579,0.571774367948171,-0.5372722964646435,-0.09574664841741891,-0.8133440415488236,-0.6292990544320377,-0.8406634485697858,0.4223604736458946,-0.5837171082964705,-0.5349074923851233,-0.6829872519604201,-0.592188650414463,-0.4669184352078807,0.319201403721202,0.1519655196988076,-0.04071152358097757,-1.2047462521573673,0.7809336146715895,0.9006440515740605,-0.260973087808605,0.5950478718506093,0
-0.12285915539658936,-0.6355592143830348,-0.5499448977349302,0.42346300282060917,0.9880586966826199,-2.3732461672279643,0.4653063496574999,0.4369929418080068,-0.638768224658632,-1.1433349263327068,-0.29897977651763485,2.218968282220353,-1.2255171491178152,-1.2886904771569059,-0.763997487981923,0.7035055147353173,1.1733024222280504,1.1069617357996184,-0.477040273017063,-2.3637318142659605,0.8025804315233956,0.458685157693434,2.0240025793743825,0.9598548746296641,-0.1661905281467906,2.21952589096784,-0.5355889245452298,1.5091810620241082,1.078498304677522,0.6183088584709184,-0.2910409680694428,0.32025015908141624,0.4687850390311366,-1.1330570120461212,-0.00659627509209502,-0.15609598827937937,1.018858665419703,0.23027107647164918,-0.04618520036607965,-0.3767747676481993,-1.309924284682341,1.5144907281920967,-0.6082622978567863,0.9028693418438246,-1.0873742191876785,-0.446328636019816,1.0059674150679359,-0.10518486561227698,2.630662646935346,1.0141221851902291,-1.2435326476576916,0.5770944260417421,-0.2866940261361217,-0.26983180344237545,0.2731624388328486,1.3371934861636603,-0.10916640248213148,0
0.09571819906208778,-0.6508737870843988,-0.7423681808311593,0.2966025542157992,0.849956686336998,-0.2643655953558748,0.7033425021211602,1.4242665391190406,0.3480027839885723,-0.42592307023110754,0.6478051375533967,1.4905009712066206,0.24451685840206822,-0.18402240756506916,-0.9977257908051184,0.7139933537904861,0.6599823213468364,-1.326125989102569,1.7264571361886414,1.439792413229896,0.3338266947934424,0.5405031455547807,-1.0759658628073843,0.14428759592196433,-0.18935646189320807,-1.4213591999440174,1.2947664767113762,0.5628841333971821,-0.7459078090083073,-3.0133992743923987,0.13190358763603452,-0.22872769860576722,0.3088038869946756,0.38272021809157275,0.30399119204927766,-1.7313841343550973,-3.272960693396385,-1.2726690014261015,1.2905183425427142,0.31106695537703927,-0.2986856787880428,1.0597118830953882,1.8193332957891775,-2.7912569045601683,1.2332571009906421,0.8089335235043905,-1.1397102172140867,1.3585092036098274,-0.7298046378737185,-0.4976264002599744,1.6292334261119497,1.0971957517337045,0.10967063744327976,-0.8967239520229685,0.8652789099758308,0.7729030344182974,-0.18827908580232294,1
0.9993495644149459,-0.11553264582016605,-0.20787450019885667,-0.7706528154063621,1.3040418214211287,-1.275392479912273,-1.5906122851701832,0.471348466523557,1.0453550191358403,-1.1357669172412177,-0.6077242354220386,0.3245057145582697,-0.9399353768758697,-0.4021158115962741,0.2589636146818159,0.43517403360897733,1.1567740459414833,1.5250002135370428,-0.032041677284939854,-0.5903456746395761,0.2249104278531541,-1.9133789689565945,-1.322309978998516,-1.0141906187094165,-1.0556832945072296,1.2938141608715659,-1.816291061362658,0.41527345058940296,0.399214748528692,0.13570173970760283,-0.8770549212795361,-0.8632336813036269,-0.8891217850877808,-1.6488615206144144,-0.9626386304586291,-1.1703189063504291,-0.6081588183695877,1.2951779391399905,1.1145443114950893,-0.06395887469606149,-1.5036844615999576,0.7223474564128131,-2.2589547552894995,0.6621983112994696,-0.9915478400270458,-0.07750840824866839,-0.6132163742063499,-0.8988451562477867,0.034607333088199306,2.3988409242080735,0.7375568797732985,0.35213633251441984,-1.0217730147302313,0.4945942176512285,0.4739310333157663,0.25059294542347765,1.4696089713700762,0
0.49620611853092894,-0.019101109838721268,0.5207620949049532,1.5853005897938617,-0.7010119152472778,-0.20784865861649363,0.05741052211259322,-0.6696219497585734,0.6784633595832253,-1.6509999702055087,-0.8077668717653661,-0.12712930770197867,-0.23845765999349877,0.7447801285649841,-0.35380804458468257,1.8755907169286687,0.5757815972424197,0.5105664918819033,1.5310752033570676,0.6039544377258054,0.06911063494968261,0.6527985367626018,0.19502920494970688,1.345403450650498,0.08586856075305456,-1.074009013963207,-0.9366653808184758,-0.0009600423935810013,-0.0008437861221529935,-0.5662087697333945,0.3590352174632132,1.243797821446849,2.0192792443313157,0.13179745538613488,-0.26328986833216744,0.6744032812982945,0.4555850843314357,-0.9666032051049961,-0.7990463918650428,-0.4221553785560779,-0.0886420405755028,-2.1954525472923456,1.783619456667159,-1.6106107765467759,0.38111895545091773,0.293202316720669,0.398273753590528,-0.03194977889728261,-1.5391494267028605,-0.16475407889140367,0.7503236970080893,-1.9626380836275819,0.8211053000605498,-1.3945943860687975,-0.761930981279897,0.6034504037413397,-0.27354478095748724,0
-0.44601401156761167,0.9913103376380125,0.7004166436080019,-1.216738927895566,-1.492954782646521,-0.8960812087989094,-0.20861413924841515,-1.1460304825601755,0.11097496797512688,0.9293202458025913,-0.7759786934178486,-0.36124865457552513,-1.1642061431234147,2.0159191261164207,0.33155880097795054,0.48340618498445914,-2.5597572746838733,0.01646127002832003,0.6386357887328967,0.5656023135465625,0.34662091310490706,0.4406787708502541,-1.3272596416808786,-1.8674067536858971,-1.4222584620062435,-0.4609509231523914,0.8745534088103699,-1.035990790778445,0.9795847120007501,0.3453183219949445,0.9217202782820566,-0.11808560767395272,-0.28550256052525846,0.7978927802372745,0.37195231278069374,1.6389150344819792,0.610171021298194,-1.3328101471737923,0.12464624894524363,-1.2847725524320979,-0.0296188507968463,-0.840824518410495,-1.5891895084667627,0.900711794534589,2.4107333129542377,-0.8340681217768796,1.5745095505977078,0.5079484819808257,1.0082734482490117,0.4266814587757446,0.7722233113851946,-0.68317064850295,2.2432580743446477,0.9277028539480313,-2.0086954755287176,-0.3011831643586909,-0.4599707423452451,1
-0.7616277558734356,0.9282305803950441,-2.2514781272147943,1.4302562929490759,1.2322337738641775,0.09845138411899647,1.4620953209355718,-0.07669323836931029,1.6940862783514554,-0.3261346493547423,-1.9941591443034592,1.23279871777167,-1.1284523384928105,1.5232101465583967,0.3400426591860981,0.6216616507484664,-1.056382290284273,-0.9055728958341009,1.683356083550322,-0.6631146173799111,0.7448657247052128,0.018842621043642392,-0.2676019090987969,-1.1932573337729577,-1.041565786217304,0.12833864961060934,1.3990732899576603,-1.2919845920610122,0.30047197031166334,-0.12387711911848645,-0.6514688558076512,-1.7656842612925694,1.0929337459213493,-0.01138769351716167,-0.6999422635492306,0.7214991548288735,0.9288357007846246,0.30159853406448217,0.1642595627380513,0.7855296133332711,0.599629748139452,-2.331371202703871,2.4534921042948987,-0.45401110464676087,0.09429094894428543,1.7262890856636612,0.3942661726107794,0.7212060594599033,-1.4495897523078236,0.5119571393541645,-0.08724845511807723,-1.2778932487982526,0.2556728910666367,-0.12396403550718241,-0.06269052277397345,-0.17013509818980913,-0.014127623391473242,0
2.430658962061242,-0.21139444197015028,-0.14942052422744942,-0.807465916734338,-1.712501362219274,0.1102792819821837,-0.5329313152290045,1.7863274610398956,0.07577239305804152,-0.2486495592934933,-1.0674149847350942,-1.0534370606123753,0.793230719273483,0.4588033558998424,-0.017258323763307732,0.18598780635450768,0.5273679311758441,0.4544854346650659,0.39256686236500127,-0.6251646235232553,0.41356410633480234,-1.1886302297898241,-0.1978258497390579,-1.7493217831618275,1.2949252103400344,0.1981014996825827,-0.7234779829811543,-0.9548515018092514,-0.0166210012850897,0.8799051443032535,0.32802567265785654,1.3870850716707803,0.7869581297889177,1.6474818182939195,1.1084303841416816,-1.6774465017236715,-0.07705913118155928,0.44180264267090136,0.18437360926221996,-0.2539165175785506,0.2876373722170385,0.6237378442611696,-0.2950718929100063,-0.03633787655274232,-0.24348524507805616,0.5156984276314968,-0.2846212453636539,0.38996825020058495,-0.1409102093878175,1.2042126863702163,1.2645051603808775,-0.6574266831724876,-0.775183266681931,0.6641313876043246,-0.28222020658425645,-0.5549204209931663,1.4054996168813818,1
1.3458387817434092,-1.1690058885795136,1.0964716343717946,-0.22034324212997353,-0.253908805714634,0.7591925887056504,0.5215590348748417,0.8240478700893954,-1.2558746465004564,1.109875188414972,1.879297479270666,1.1656209481952395,-0.02310452183643919,0.1089878453248971,0.30576687256854373,-0.45456003861798866,0.3731516342400187,1.1267088022817948,0.5404369516070976,1.0957069767181284,-0.8859239354206077,-0.698495471860702,0.4957455189210416,0.2871651553574352,-0.7466082449500124,-0.6557496928141777,-0.9274042841440178,-1.2008169083602653,-0.14966462720195522,0.6511521134518212,-1.232592448841019,-0.08235026460296065,2.1322827416923933,0.37741725651848446,-0.7861066280955171,-0.6760303635934977,2.443168307789917,-0.5219533216349317,-0.41059319822142554,-0.3101779915585313,-0.753827421838958,-1.6451046615713676,-1.2351366384291782,2.465719116990013,-1.8636067742449351,-0.36231006398438625,1.2544534159204952,-0.5316121579040147,1.6132634065014362,-0.49093251399734916,-0.4519863519557985,1.9099158900348587,1.4046762170485927,1.1867000109691375,-1.6840576763410497,-0.15545658246157798,0.6892307357009048,1
-0.36975384856994564,-1.584820751889944,-0.41407927028213043,-0.3904207647289386,-0.6062272928351139,1.056527583357904,0.13041443213460402,0.5517054331164902,0.23190983368335802,-1.0294546138311473,1.0699630251021972,-0.9840343736484904,-1.3949701694196714,1.0217746287227525,-0.03456860130501182,0.5570809829657946,-0.4360740975470665,-0.757922695464161,1.816496271707535,1.9462167211714985,-0.06067113215757872,-0.7036747471163968,-1.21610312087727,0.45989240065525966,0.7884157509475155,-0.11035351052049362,1.4498286780414382,-1.3841820997351182,0.31739785506158064,0.7344270024820521,-1.5411374406458098,-0.7651420075477319,1.4217336698169702,-1.2960492347611074,-1.3667964690040473,0.6120377660518445,0.9184305345673933,-1.8040116494155192,0.06203450041206795,-1.4095592938342616,-0.951399885206988,-0.9789181017840797,-0.12131284039897779,0.6346392293577522,-0.4898377587386055,0.2114527621719125,0.12731001008228884,-0.44956148898447346,0.2891658737795188,0.6465946149332665,-0.01666462776199578,1.0386056741244343,0.4281835175104581,1.8474745459380644,-0.3722273731911091,0.49790915019925597,0.0025713256345889744,1
0.5788146776255108,0.23029523706527025,-0.4313711114854826,-0.4895083236276465,0.6615664137954425,0.6512469645521747,-2.7185671233096995,0.6585367256425045,0.8530998322758675,2.195516258519386,0.10078790898514557,1.0452167542975899,2.594930845002839,0.8778872485058693,0.16975460052768918,-0.9790104138215223,1.0667770966431218,-1.0396905504391818,-2.1351456968559033,-0.4574182506778855,1.2842114397671254,-1.4510255475773117,0.467425816193315,-0.9766527972661628,0.1603132146013077,0.5090291135474619,0.8362132364154368,0.3671079554723698,0.34828602344746906,2.0345198156699715,-0.15664679713673946,0.21354057319512543,0.1299360258655709,-0.560852633961058,0.9678365222436156,0.30364914357599326,-2.9504273563707124,0.2566405585378479,0.9045176487891663,-0.34146198039298326,-1.0831840838884295,-0.5720062393946796,1.218529216566548,-0.6748141278573287,1.4042345061633623,-1.5611966626580482,0.34495351182284567,-2.7338509097630763,0.9861798571930016,-0.1382778216987278,0.9962873556945696,-1.0790947642953053,0.39841964382534595,-1.037277461481026,-0.07023858585801515,0.7825336384567759,1.660703992092641,1
-0.08179391471975216,1.8880151107960383,0.27618086129527136,-1.1870579070464888,1.1557923352242276,1.6161143637361461,-0.5238711337777887,-0.9033751176318037,2.0059628392295297,-0.25136908803967095,0.30151991910261633,-0.1895538817885392,-0.13098025465490704,0.9741192415037482,2.5719099214810135,1.8616899292862479,-0.3177668312601868,1.152173198010818,0.04036938824090832,-0.4120504868572541,-0.060866161315652124,1.2617454339885348,-0.4542076474306236,0.4614636120940562,-0.43241682574322765,0.45217532392923376,0.39331554324859985,1.1388630362152015,0.3727431671382567,0.10951303206867023,1.3590048405957567,-0.4628156991000652,0.7712087331333609,-0.5096558611951787,0.4378992034439584,1.0364050630478645,-0.9666494850063359,-2.664015444327547,-1.3112936136295628,0.26176403498105616,1.493502744769493,0.549726649034754,-0.4671431026907962,-1.659403489940963,0.8249007158011158,-1.4947797870949942,-0.03696896990053594,-0.790716327554613,-0.04223767446825666,-2.3018792406697526,-0.3309584831168734,0.6528079600264922,0.07122484427020488,1.2939493043500212,-0.6839424049432538,1.155314694538795,-1.2276286323595873,1
1.352287236331493,0.8409874407683684,0.9063270669784709,-0.5626691531209075,0.6388058570304517,0.41481139938166117,1.1790279408670268,-1.1953518096163502,-0.658827589230103,-0.08209979282165422,-1.6978009799138487,-0.6867952067818156,-0.7083120887576342,1.4754363174443763,1.4937393851461538,1.7714072020166285,-0.9291841399021596,1.2001598134979305,0.13949617368334144,-0.2564941498059849,1.4401462410517791,0.24436238978329677,-0.41181158950742447,-2.1045646994768177,-0.8030987555612441,0.37946250850614616,0.3020314006573176,0.22994332035719076,0.3233035281057149,-0.49306643729511324,1.1708680623296122,-0.50763317646353,-1.4296881592041752,0.03890465581622291,-0.7748936838060189,-0.5032965670433134,1.28131217423195,-2.204018948446508,-0.5522266311519696,-1.0277986693803285,-0.9976590197206509,-0.800997203514755,-0.20566096563411904,0.4087310282453803,0.5694250699852256,-0.7329367127568162,-0.055014474523142225,-0.6559010287535018,1.0953698494391901,-1.8725396867124344,-1.0456372221287251,0.3604180235630044,-0.9402322644857485,0.11098130511144748,-0.6421156608707347,-0.7361241978107421,-0.4470217573382278,1
-1.1049522646941907,-1.0656860302976534,0.5161537503902943,-1.43735507361325,-0.18940073159212029,-1.0128859347923436,-0.6792541439744205,0.936941834893387,0.9841017456272161,1.0603571864590382,-1.2615861174936733,-0.4364009218687197,1.2106930888938061,1.0760658968719223,1.1052614876732014,-0.14439887549015096,-0.7439254767674823,0.11350637154480941,-1.5082395785810854,-0.008240895567432512,0.021597757050648498,0.20820102785428152,-1.9665481108612353,-0.3081266975237689,0.8244753833477109,0.5137979272724494,1.6349807499769486,1.637287826724477,-0.7403625054838738,0.864067247622402,-0.7201565266934232,0.26773893866330156,-0.6369310098352351,0.8199466775372649,1.3068949358712212,-2.9421593164822593,-0.31816782884342254,0.025155613801598323,-0.8828832667372535,-0.37097799206628207,-1.8051256734513346,-0.9416883144528272,2.0981523016290127,0.9334855864938497,0.17781885385636237,-0.07553353030447879,-0.371339379867564,-1.6556142824034077,0.023524891553108673,-0.6132285846927312,0.18422163173791245,-0.9717747106567315,1.7676110219980392,-1.003997762235877,0.07765356701981892,-0.6409229498662149,0.5509298010616277,1
-1.5570398689197997,1.9995756117821883,0.2690699067690551,0.7521929347042059,-0.40936482612906844,0.5896381245514768,0.16383261468492025,-0.9106891361429127,0.1519693644072436,-0.703718367855134,-2.8963832520496986,-0.281583945784042,-0.8902018346829583,0.2455294210273039,-1.2091264048355959,0.21252084921212344,1.1282049424680276,-0.4062544964738353,0.7354420526615596,-0.8249068481403035,1.527430608817361,-0.08791361676695372,1.7690196466908894,-0.38503890928140244,-0.817148134580346,-1.4942372810339966,2.651610098127203,-0.493696236410476,-1.0827261911003634,-0.7547019571196814,-1.3117179960512435,-2.3777890061981166,1.6133473625238188,0.23471594793829198,0.6848094928394532,1.7847819380052388,-1.762726540653337,0.415290985797193,0.7044789873664702,-0.6336861354869211,-0.5074451847254648,-1.6155890658138754,1.3717904160563985,-2.3615949323813457,2.7334192358956657,0.3277221815454294,2.166473763156056,2.122742735528465,0.14867891634545297,0.41109080854095537,-0.6733203013814097,-2.29971307746008,0.2703972518005227,-0.9249030937222109,-2.2233267792962583,0.4465588352758218,1.1611366082925851,0
-0.7527905514491917,-0.37113831092284816,-0.5962275256143345,-0.014851137043511218,-0.8792033621183057,-1.1474040773791943,0.8849377943584265,-1.0501855718835897,0.2596339230217365,0.6162551989070532,1.288802535348363,-0.6130453755776755,-0.8979320904127609,-1.653725646948757,0.9360014156050772,0.4269986478863521,1.6768199094762066,-0.40594246637894876,1.1911719031288124,0.5231154359287661,-0.9658287527150783,0.09507785884423385,-0.40225648989573265,-1.4563887590250708,-0.67781608798551,-1.3583111323672055,0.7683995896020501,1.0043510169194478,-1.7654474088187566,-0.9710966302616654,-0.11416279724475889,0.018554556895034616,-1.1874019052354579,-0.48628032649055675,0.24321030990208725,0.7593118328540219,-0.5468870444271972,1.8553946556935026,1.8714139355314798,0.6188007440633773,0.3365934387806866,-0.9327431751829651,1.54695835350758,-0.6177932389993437,0.6875924506592043,0.5667635608162194,-1.037948238351666,0.326102643258046,-1.3034833419326366,0.24530188192616448,0.8618314451481365,2.1119406578635878,1.5040687230209788,-0.43022972084880995,0.4082314936791522,1.4656450310124167,-0.0496179785134923,1
0.38861017577262774,0.5854944208176829,-0.3476595011180664,-0.7950167907373892,-0.056370289210698935,0.5587447690885324,-0.5814081251840867,2.102085150198223,-0.9962480861132114,-0.3759352983267559,-0.04658688890963407,-0.3243601889946117,0.47478314910936503,-1.9435028609480272,0.8935370552150558,-0.6681095002522143,0.7831655710175637,-1.0691172319363325,0.7867604968232109,-0.22102829125211562,-0.5731073974325913,1.6766316284226808,-0.2441189705894698,0.06415192975260837,0.44757448053836246,-1.0193882384246848,-0.8472275948223531,0.5489288331472231,-1.2080078155044274,-0.829695555783628,-0.7967696383634609,0.10489872337066429,-1.2654233173056528,-0.46890063897490253,0.7692860343528632,-0.688164565689869,-1.6224794041033526,1.0444197392583627,-0.8330138173375145,0.801874555195357,1.016614222341362,0.15097153478889871,2.8341369588738177,-0.9686548513558411,-0.43597165704135654,2.159304161635612,-1.9242413312006508,0.5488283413984258,-1.1722678011820313,-1.47594142459193,0.2124043711607462,2.2704136835490103,-0.16877287560944337,-0.029900477478013637,0.28767684172454355,1.5744552748080374,-0.6822499829285619,1
-0.2293772556643831,1.9761715173765826,-0.19083017292773627,-0.06655619723189508,0.9273916295089722,0.3097114662873028,-0.8187103343219613,-0.8965010418982019,0.39880849232888543,0.18730321865234262,-1.5845230958128442,-1.399961424164586,-0.07714847128794963,-0.06258738731702614,1.1894642962682411,-1.0972035444293173,-0.31005276922671443,-0.42417529610808097,-1.5063278214577247,0.33102524848748155,0.21500747391516487,-0.7129311129686535,1.3147819414692594,-0.3631653629080191,0.16439262032500898,0.9877431106202231,-0.803247150583684,0.3112124321612656,-0.4470266001847549,0.9200769373967124,0.1636677106720971,-0.7436612123942269,-1.6512798403522897,0.9134205851909653,-0.5761617054454014,0.8012457404804565,-0.3521869158158639,-0.8043715538813386,-1.5566772964304847,0.34571017328995896,-0.053574301492750026,1.103239043378549,0.28210724221961964,-0.03603971803655407,0.2968708237488126,0.6198514260855407,-1.1374563767424128,0.6294155670186686,0.9179586077235558,-1.123206151254959,-2.1289932736359325,-0.6760529240755309,-0.36890902339783527,-0.5421859754854736,-0.3437635986983635,-0.0918243115530217,-0.2760199612111346,1
-0.09106187555524774,2.705317611802271,-0.18291464117222958,-1.3825526303470554,0.3364545200447476,-0.9721964304905033,0.4141242325108086,-1.5110840152887806,0.5575226170502142,0.4626046243218519,-1.2032520651793857,0.13794932215463265,0.5081019304498702,1.5494351864346705,1.665008050346394,-1.1777961997288717,0.11313687253461044,0.9121756027578297,-0.03805824997618606,0.256968702496862,0.36534058426561683,-1.28268855405096,-1.8479079555967959,0.7777302982583999,0.4351434527662283,0.509537802425979,-1.4149975899165321,-1.3070870969794106,0.5218335843834544,0.3961645408527678,1.0081326489222502,-1.0237489443940118,-0.17800065325207992,0.5648138185136602,0.8151582097400473,0.5694919759954045,-1.433684717359623,-1.2393049775294436,-0.9969629504683133,0.2424933024676548,0.4954288350591287,0.5614288352783162,-1.2286635926392926,-0.2266388934137225,-0.006268216721324876,1.0712673549684255,-0.8718896292453292,1.3759952765607157,-1.062144526236711,-0.09332728372584308,0.19652636883889868,0.421960867179944,0.538234455314814,0.15380274527654475,-1.7778809520521337,-0.1353109351028939,-2.0506865369847174,1
-0.7375813297342222,-0.46816634164645654,-0.5355361683767145,-0.7671198903474286,-1.029937749942333,1.0797748294704075,0.0766806585961965,-1.4752245443416192,1.5958131386257148,0.10622160920871605,0.7420150688529452,-0.6128529935921452,-0.6652182031302729,-0.09471793077966008,-1.7885602842530635,-2.6120032231752135,0.39065918366369784,-0.5013316512079201,0.2795979483980511,0.4573257511070973,-1.0057430842063528,0.9879398884414817,1.171007869380351,1.2947538434695816,-1.2501883158666758,0.37862313529014274,0.14435489454562986,-0.3476246753039519,0.2629368637691624,1.2620888009101,-0.7684794809343474,1.4292103178187545,-0.004174770717553297,-1.2737367497758936,-1.0423246989774115,-0.23722641283590704,0.6293565440318829,-2.3154334449872085,0.060374248598223074,0.1555268849510414,0.8270302990660486,-0.49942104577903773,0.17629601274629347,0.41090529981805457,-0.1288006748318362,-0.11477967717895886,-1.964670022698286,1.3101149315548275,-0.3431975094574456,0.17561844163786966,-0.13346105219657134,2.174705877975198,0.6537134872125042,0.3382052623101408,-0.6253149736361835,-0.6910953991167971,-1.447770296645021,1
0.0565679115633976,0.6978055084760998,0.6590120871642172,0.8228550307237866,-1.066791333527653,0.7660025464014028,0.8228832623372009,0.11939410768943383,-1.5565104246175243,0.27550416309833625,-0.9601859285685345,-0.5158798500970477,-0.4341681013275842,-1.5838466274020588,-0.6046751360112123,0.47922642530022136,-1.6387953455827449,1.7432044154966997,-0.033849016558602424,0.27909103515948114,0.2148070647913895,-0.29603958782727013,0.4609527058801971,-0.2144648884818377,0.3532829262314572,-0.49982081075304174,-0.8840056844814441,-0.5099086634567845,0.2561941585670982,-1.1663262520964208,0.6187494735419325,0.08568194557642651,0.6585793244304503,0.8377214015967825,-1.4117109229903337,0.6629309851399325,-0.7452952619534399,-0.8045822187642099,-0.9708316860047184,1.1393178654859055,1.105410843259883,1.846077946388125,0.8884703269599405,0.4559922109677618,1.51120428833961,-0.7557453466451342,-0.22024572802153464,-2.1151161253603967,0.9424608869696539,-1.9053749962309676,0.3138708932989581,-0.9531643784163155,0.006311352535634472,0.24127649002940016,0.6347594931942059,-0.2388092467298029,0.046437803376117935,0
0.095094814733828,0.06475370735261465,-0.49968598303232814,1.108202341873513,-1.8537883481220985,-0.6520803022654174,-0.6078823717950362,-0.3837400056781569,-1.4776163232645696,-1.3064765843862542,0.3392728326034199,1.1971791012067274,-0.2204551644622378,0.21741695020836593,0.6615931186468288,2.466579500977333,-0.5493899522992174,1.2603470912314185,-0.385797906057434,-1.236820561735468,-0.7223677422397439,-0.7501605029489042,-1.2165717754294485,-1.2306941222061185,-0.6043793108272679,0.32380106081216603,-0.8988021328099369,0.4653670741489948,0.5301593049094773,2.024440513972513,-0.06821011414683238,-0.7544112252645955,-0.21119395648613118,0.013906474140413861,0.2730072367025744,-0.6263753252422675,1.7592339523135656,-1.3703094127145072,-0.9448942093733088,-0.41936414735746125,-0.11196302283295512,0.45435025225629,-1.3969965822203254,0.24244506346164976,-0.7536116188850814,-0.5549481940512624,1.5023525206437747,0.04567817756727705,1.1322343820926144,-0.10171806896015091,1.163420390701485,1.2309484618999775,-0.6672923010159271,-1.3129389840215668,0.16538314954806407,0.6449772159657561,0.571733179875938,0
-1.2824995325078516,-1.4742008065122103,0.6742206502575347,-0.198795824597376,-1.5011564976203444,-1.1642190017995793,-0.3482185526621659,0.5568534467315045,0.920294928395216,0.2965090244015342,0.9095213551038946,-0.2780333702106396,-2.0765721350304376,0.6827272624069817,-1.1227405755724345,0.15310982542185195,-1.253641473570365,-0.2670560968465164,0.7815206549119512,-0.09582557565508337,0.2687396584856679,-0.23281466384871902,0.47877643538104026,0.009386801460358257,-0.6956679062442281,0.0951565856789656,0.5288427432717234,-0.6281250940823307,0.7634910023200715,-0.4784911945955887,-0.30710561438849165,1.4655445637482096,0.7136047985737499,-1.9465322792777247,-0.03171730666907238,2.285846060832987,-0.6795002610072893,0.46794465011496994,1.5246354541353178,-1.6252517811190776,-0.7257162308748111,-0.15217466056026335,-0.36982320871283936,1.220363198980691,1.0470750743592596,-0.7330882829525943,1.2433785468419314,0.13250782776997655,1.0021134010231518,0.7757275091911828,-0.502670576120741,0.3695075891630209,1.081874379797731,0.553203051446125,-0.4223048880481472,-0.5124378160427581,1.0350436843639796,1
0.25154978958802166,0.8018186422227235,-0.83048970258309,-0.43527402068939763,0.5007191529819954,0.2822817464286121,0.553776091407336,-0.3960807002855426,0.5274964603539528,0.2833225848784718,-2.51259211169034,-0.8296492492005753,0.5211353729052163,-0.6536023225373686,-1.4402956339895605,-0.3023705306407125,-1.1528961886838218,-0.4935384873073949,0.15368898992441854,-0.33075810103967385,-1.5706835965309474,0.046937857687239036,-0.11858253122406044,1.0362132776990782,-0.7111761464765811,-0.6654383021611685,-0.6249290551153499,1.1711155278136556,1.0437216230684234,0.7431849684195443,-0.2940481676524034,0.02209437579956827,-0.08835194440142205,-0.4462851211627184,-0.16934811381508325,0.6833099739940718,0.3523083388216706,-1.5822289436803925,-1.2989630968587806,-0.46175496223615586,0.2742398356964587,0.18389710654234412,-0.4973740423143262,-0.351272319032654,0.08129788626073275,-0.5641009160352248,-0.7610279961072507,-0.6704423568322484,0.5317933935756911,-1.0783173022532047,0.20415183207707138,-0.04143070655089051,0.3204223952760974,-1.1855424502524703,0.7578054074097358,-0.39213514385504317,-2.30417837295578,0
0.5257724251224236,0.8231763109744615,0.02269315906823313,-0.7415487830039369,1.367871062890107,0.8307933183396066,-0.32127758066487927,-0.9993530387119838,0.3188687719402949,1.0998795746749095,0.41964795838804386,-1.2683566841086316,0.25901951452857597,0.13596578335512557,1.4125014719728217,-1.1585941114694178,0.4752961044850192,-0.6320812741775952,0.7983141813434146,0.3250738979371712,-0.04864005630233707,0.2640175290230335,1.0689149178289747,-1.345683217848736,-0.10740642230291367,-0.26975496034913843,1.586823746754819,-0.664989337123403,-1.1120053025280066,-1.8126954505201147,0.3202851183331076,-1.2999483896167239,-0.0011694411892672202,0.0753641114428735,-1.5916541601045788,-0.2774799758506375,0.39895295843632617,0.11181984093602018,0.8391158573981472,0.10123482715593651,0.8425196796051414,2.1836649186224455,1.7240949437000364,0.9949484610275539,0.7631513172416546,-0.7773741233582315,-1.518053659683586,-0.4427104001250331,-1.5452250688243434,-1.3534417727278096,-0.48022863334458593,-0.2200530937617815,0.24720958555168088,0.691142418985599,1.7963249704630753,-0.4717192714183737,-1.366818115743628,0
1.69706848341122,1.0973991235556295,0.9268341555928626,0.2338792567203932,-1.359811159881359,-0.007117150441703647,-0.41488880097740466,-0.6759035991261162,0.3788601962459351,0.04222782109163587,-1.160751141663841,-1.310096662605919,0.10270071672042227,2.4747820793561623,-0.5085891805669381,-0.7330350192564281,-1.5752005129158457,-0.0858154170723835,1.582931223717878,1.1541296888197907,-0.3095346079867957,-0.18964763700090084,1.2439429882719084,-1.7521896976082074,1.5467616008382539,-0.7685628811484593,-1.4259663411206989,-2.104078617792398,0.5792549465142679,0.17063977843796221,1.0865184570427988,-0.39199642039741606,1.5049074108185012,0.5692351274123705,-0.7292610430362746,0.5892447100426601,-0.10394905858311804,-1.7790228370356784,-1.475086096856628,-1.7927316543487937,1.8042236232037514,-0.594533421883818,0.7401782667814109,-0.8495732446931734,0.632866648650336,0.7926948022063948,0.2941537705503776,0.7059094329580191,1.747684117675421,-0.42922044989920205,0.3540610647303602,-0.23856219493081376,-0.6992925309817859,-0.22799476178424558,-0.6539194565783734,-1.0464758922315744,1.2177135840502245,1
-0.9504944007995485,-1.00290177683031,-0.8248982591559582,1.752710607563271,-1.4806596557109235,0.22299634418626607,-1.6830462178633112,-1.3586481418801815,0.455687385500222,-0.5782987988050535,0.1884742585645395,-2.1102947222210595,-1.9421151905167022,-0.9159179547699942,2.0095855601925408,-0.6813858195483237,0.22870705733591046,-0.9013692683344062,1.5829808179340956,0.24461929779672276,-0.2505022256506088,0.3005354137690696,2.2919386467699425,-0.2139416810135695,1.3736266526656393,0.5786324107042466,-1.1398003236868552,0.9672071979153551,-0.3141226771369449,0.6822595435734344,0.11245020250156526,0.4494313655763359,2.21928418196405,-0.3756099790137319,0.9083084151822334,2.4448570994088286,1.2355677530957403,1.0427263192260114,-0.03335938107724647,-0.2535996402387654,1.0364389894177917,0.0870154009221444,1.5531033970556487,-1.743969486851084,1.442767754101228,-0.8913582993976656,0.904931774243715,0.28665700168147895,1.0973668162531403,-0.1620069281471154,2.452341102756935,0.1202516600904814,0.8703821776263342,-0.7377647956183613,1.1255847002582664,0.4544587050055049,1.1831612105714735,0
1.1529509479247986,1.232035442954563,-1.0912102999568258,-1.036196802231276,2.826175994450601,-1.1473695788659704,-0.7396799335534877,-1.4147751442366538,1.172981989364857,0.38562359005374724,1.1214169265445688,0.6141279553758132,0.20385845420307538,-1.6146525330097687,1.5015593437029555,0.7820099222888418,0.40908903884115194,0.07071607431426867,-1.055818560941409,0.3284668043458293,2.03537457198825,1.157015315686138,-0.9338128620395746,-0.18157689907160302,-2.846001870896061,1.1067654512020215,-0.4836826025313225,2.0653833780479336,-0.2536315229138045,-0.1526839346806352,1.0667453676845007,-0.27878469177909143,-0.1962098041431653,1.3384593962773217,-0.48481581434196885,0.3029080949834325,0.13226687243379087,-0.11132166161997613,2.4701705382523325,-0.9190436366761754,-0.4317368056008724,2.234682363681251,-1.5454929768854433,-1.5360035405926806,-0.5188269772190977,-1.0574738348690162,1.3624749331961894,-0.23646114539352808,-0.02335371275765337,-0.8481575458943821,0.12261705565837099,0.14309269406694794,1.02793728299469,0.7385238519403236,-1.729456059178285,1.010984708300563,-0.34814805270681476,1
-0.40731354176423756,-1.551368495684571,0.7517654090551086,0.810745279591491,-1.60323323597896,0.4328558846905163,0.44680074191056796,-0.5896123700857653,0.05131168653580448,-0.6593586308157601,2.4905779741179006,-1.7669464171619689,0.9247432281014439,-0.7885919820981895,0.6360777425115417,-1.2054516640555222,-0.1368507039916972,-1.554825015049015,-0.7695882972469467,-0.054765755539463216,-0.005307550467146536,-0.4087314405732527,0.6150056579129979,1.9604819749222298,-0.10638724670513973,-1.0858284558258207,0.9215066522563843,0.048064295755936765,-0.8499800045562975,-0.8683317853794866,0.4686248832407628,0.7564644832389746,0.027101397154279852,-1.9039767087324815,-0.3609367126417693,1.1185668351217852,0.43148982622124527,1.6371386772145624,1.3150694125922784,-0.56828867379795,-0.33707990798318016,0.6102412129475155,-0.949001420596104,-1.7973872480770874,-1.7264902372526838,1.801233444658002,0.5850919752001644,1.5228451141981845,-0.45135060356384704,0.1844527555479933,-0.08153867690224988,-0.055598749483881466,0.5762295732258861,-1.150116068864967,0.17582835414692213,-1.8085081299366208,0.36344036288855963,0
-1.1544240807604422,0.02206262207355262,-1.0800908642027527,0.37260728690198536,0.1976739965326121,-1.2042278140238674,-1.8059062498488352,-0.6447379176968647,-0.8398053348698516,-0.4549574689768313,-0.47424582214605177,-0.04753092332901022,1.7942395348242035,0.8489926511029425,-0.17595889477572962,0.14939731227780903,0.37759798494124375,1.1747170672568603,-0.028791970351723307,1.0837552353952369,1.1406924723215262,-0.17633577130747313,-2.446871753655297,-0.7701131220949395,2.1316207936610643,1.4794943907529516,-0.6505158862130946,0.6762363903250161,0.11071423448970372,0.6492933954636891,-0.731505738445819,1.033131809305452,-0.04465918700073789,0.02213805128531082,1.0004720638031226,-0.15480447726815552,-1.7947515917575885,-0.11307820082336835,-2.239640337332344,0.9458037896615457,-2.748223821708535,-2.2482487558529534,0.5054138328385912,-0.8318179903848468,0.900233634693052,0.33829046457925555,0.4196010746819115,-0.26885063910988266,0.5898883447730243,-1.1493686221020913,1.1950037126088904,-2.5681451646395574,1.6418960337911779,-0.270266200313738,0.18674909282719565,0.4596240026040634,-0.13330759163542374,1
-0.5008581992414304,0.09125819254095974,1.3717558160203636,-1.4055137212784377,-0.008181135759157158,-0.5040427532750256,-0.5883217205515493,-1.4094673876490909,1.8523571424423224,-1.0741159730902312,1.2473040411513456,-0.17760090699225686,-1.573014761989975,0.6779700239614099,-2.2149685628610936,-0.9166296443157436,0.23072732843620064,0.8584935928181304,1.1721914923278745,-0.9418292937625785,2.099866210889991,-0.534326798733268,1.2498759737233556,-0.3923422377618179,0.718889554709148,-1.4247807510416204,0.41044657538296636,-1.8578807790101421,1.1986261206195274,-0.6035197465758979,0.5039787911518814,-0.4858506035208114,-1.3319670770334628,-0.4931074591638724,-1.110845768492444,0.5537810333916288,-1.6262400650637656,0.843555439965285,1.2058747602155304,-1.073652021015354,-0.8846821862722916,-0.2595999399218309,0.941087574252416,-0.3084662476359627,1.1818028175009787,-0.13334599192055416,-0.5655795319964567,0.7544902658393229,0.9609361823710351,1.4527176307023189,-0.02272503533454877,0.4205888287067009,-0.3037859996487201,0.887377318714843,-0.009011046731738942,1.2290641959492348,-0.5276796435679089,1
-0.05447057812966722,0.1383731244847161,0.6692973640461228,-1.2971310245081475,0.7830010796154926,-0.7894712041158466,-0.3406127289019136,-1.2924678221431143,2.1889232361136397,0.13514798762066524,1.3208127910604703,-0.3349696195110199,-0.9990673719254473,-0.1739043872274938,-1.7906724330278283,0.655148392969661,1.7114476545827833,0.24095123589582096,0.25865810672984657,-1.2932816028850236,-0.32455324673275154,0.363922634281215,0.5402625733395394,-0.34250610830133227,0.28730187118153183,0.6268178483809245,-1.0042380882807938,-0.235247552990903,0.9346946279899659,1.1591365871612924,0.41064654446617976,0.7637612011880114,-0.9173265710080399,0.6835163767228148,-0.9342501829209696,-0.46268052123420494,0.22275928093400824,0.3583289544433108,1.8522534104466395,-0.27241331959258575,-0.16190348606614083,0.15189048245058553,-0.5539116145939442,-1.5534056996626548,-0.20995283605447237,-1.0241745729030947,-1.0046329217683307,1.0132181489199592,-0.5872271247823071,1.1521340595081386,-0.24659805795834927,1.1812228609384203,-0.7459454285902297,1.9525202509846316,-1.3170031778647615,1.0655267602842273,-0.5819366326460387,1
-0.48607501073057746,-0.9420573063397065,-0.031227376779489165,0.6354868859217916,-0.2579814539901145,-0.9866945189222452,-1.2640812218018074,-0.9556891799544768,-1.0936420761916776,-0.40390499035663624,1.2615345086801477,0.11417653885743179,-0.8491545016915991,-0.690871496623216,-1.4634657674476932,1.0034693211269132,1.5622005069337832,-0.36083779967559365,0.173405662611285,0.22943213214669453,0.7253949986136285,0.4985592361393533,-0.47990390958563034,-0.1304801872271825,0.09746664929252119,-0.14900803059528617,1.4759825165244318,-0.03513376136640783,-1.6896638206059178,-0.9032725717946612,-0.6371650031661895,-0.4169032189170387,-1.0566317364204896,1.5093948933880634,-1.3703377772580625,-0.8434751712484563,0.7010126105851602,1.0196113122849308,1.0431564534944306,1.286177731328855,-0.046451381768290584,-0.02273091715340485,0.1486478261602608,0.1039542271258273,0.41808247588359115,0.3823780229274647,-0.7231283985206878,0.5204820838947266,0.474402553278839,1.0951651696316393,0.20440706405587106,-0.6458005943812309,1.0598924845823663,-0.5761148891577065,-0.2414096511678632,0.5367922836316801,-0.07603173744938072,1
0.5992026394046385,-1.2152303870165875,0.5525183021900876,0.17514305941470532,-1.3976111689293045,-0.6372607450215704,0.711181237394077,1.388109645783929,-0.17497962860946,0.6411259996243404,1.5854445756781133,-0.14414419246701166,-1.2672923983685245,0.9022098311142711,-0.7079861557233557,-2.3400413530640294,0.9506807784872834,-0.2741958652851628,1.7949776765720649,-0.1410005900831397,-1.6916864071334394,-0.13026028990841168,0.5092970005167716,-0.47501927877650574,0.5580851806956727,-0.42698690144193135,0.0705172601485946,-0.6408886398399815,-1.1717607038179385,0.7345253378321477,-0.2795953513168133,1.1087939085351377,1.252935583958482,0.4703347455201197,-1.665834104550481,0.7568246104877672,-0.5041543079826962,-0.2620217435799482,0.6733303800948619,0.8035319587456661,-1.8739709362571615,-0.978848719014741,-0.4347682277346009,0.4768347519199433,-0.79613339002975,-1.061645582472651,-0.4064661804316322,0.18307848160880977,-0.2236018758835432,-0.3015058081410027,-0.7730317882516476,1.9732835091907783,-0.2851466723643483,1.5947642037619563,0.09440107908620683,-0.24822333913537925,0.14988142150063594,1
0.9313036246565787,-0.39143505632002534,1.7092624056044092,0.02647880364826745,0.40538306715959055,-0.966093101340408,0.7290536182562619,1.252713898494513,-0.539333157167002,-0.4933558721818267,-0.6819388962263168,0.6936869573951836,-1.789434743700006,0.05016555769088835,-1.424623019095174,-0.03076526705099004,0.20747260090122133,1.190330316598627,1.0877299893329109,1.241720961265421,-1.0170741086363706,0.9117782113645967,-0.5365282674464891,-1.323499901462925,-0.8753644066507899,1.120984259729104,-1.749358118937285,-0.2901763557541622,-0.7086723983207126,-1.1531274389511563,0.42828083893561536,0.2993797131913863,-0.6105018418808903,-1.676425452050312,-2.160447597684596,-1.0093159094672157,0.665247775487232,-0.11926818142762897,-0.35250381157624394,-0.38813978596166643,-0.0071319740713463,-0.09501131392300877,0.620095260860941,1.1874324614904443,0.23779370453585696,0.29331346583031526,-1.4083911768803403,-0.03389364577568892,-0.3583149456864602,-0.5908059888718005,0.28865615331964767,-0.33950688408632224,0.19823318003735588,-0.8288067931881575,0.08958949267946338,0.471143907177527,-0.9247745750464973,0
-1.499478926106505,0.5789830527456762,-0.6120436365308827,-0.4431548057903131,-0.9076086288191011,-0.5157482418730267,-0.43979095084796027,-0.3292113894647663,0.12571234437395684,-0.3743398859978215,-1.2063214371365079,-1.0162582757424554,-1.6280307472921778,0.6053809825917955,0.5421321307080681,1.4917940164003567,1.6468015323197431,-0.510761381885609,1.2675577199979808,-1.372524139756207,0.2794138356936772,1.2995507796511838,0.14476924500713229,0.9481264319615113,-0.6060405304094362,-1.228850191518443,0.8162155486595425,0.6057839289337849,-0.6875196687269038,0.9084860704724093,0.869093166005303,-0.5365190634140236,0.9196531277057568,-1.7913536393079061,0.7121836752495042,0.279805559832779,-1.1986849786634513,0.23782698748527967,-1.3346561697528803,0.416478455089175,1.0690142509325524,-0.41500431933581744,-0.43265807437899095,0.1177404809013043,-0.17281973683838253,1.6587173461928328,-1.1148313828202385,1.5523390630562321,-0.24160125346712738,0.13083346345256752,-1.127004701480524,-0.5767626671214593,1.5899956482901494,-0.6021474063632746,0.6727151440805528,-0.7573725994287437,0.016345859405151267,0
0.47785583015883193,0.2358963111934495,-0.37528461830596693,1.0818034181008647,1.4082440621589265,0.9293247927308399,0.2525911490887162,0.085164843012542,0.8105373142748972,1.1962201972125959,-0.21174936721358517,0.44758025821869163,0.2648671345514918,0.15596687075822474,0.5629229768312289,-0.0803829736698215,-1.3007594949071057,0.09239783876856032,1.0912666235727024,-0.3042679764808133,0.2355422621642783,-0.38715626500535205,1.6884508141872243,0.4747275052222855,1.241945619332005,-0.6275853164779913,1.2452053590068435,-1.3461038788752573,1.3198414691317155,-2.0992903216712793,0.9853915812394927,-2.289696566085201,0.8035601700201768,1.4025757106375647,0.33142864566045294,0.48274748330618433,-0.4065269262174571,0.15161840243253907,0.11679180760194356,1.6456291368567084,-0.19471134875534216,-0.06856942634778576,-1.4125850418663652,0.7319444593696082,0.01448007615399478,-0.7270870635264267,0.6786223022620916,0.6643908648835208,-2.4074451214415746,-1.2865638962539523,-0.5265663444069796,-1.2896055662515116,-1.2469886963292778,0.18952503515169167,0.6896280189286437,-0.7417953301795854,-0.9926285533837985,0
0.1922097681483301,0.7101068555162715,0.9007481765629868,-0.6620356689252352,-1.7239933165102894,-0.9520822113702877,-0.6618889395895448,-0.1882999929026182,1.1602289496170415,0.511814980844884,0.7398774692666651,-1.0775909567487691,-0.37059427598271244,1.0042620237956388,0.1290009245963832,-0.4351248054901597,-0.8465932675963949,1.1512973315847148,-0.14906768640616955,0.0776297019959503,-0.5309719242433487,0.2052571117527319,-1.3714669360919074,-0.6491524838473448,-0.5835702092508744,0.37510970204626837,0.29065923291034623,-0.5538315818238818,-0.30024809221094295,0.10302917085811374,-1.4982148125671724,-0.8480387737614473,-1.9663135686558577,0.49033909130217246,-1.1619923617555479,-0.3725921908610418,-0.34612053037576046,-1.4055085488640664,-0.6581258577844401,0.3018725662562284,-1.5747727880567683,0.06448644778943123,0.052855921563412435,1.627282794541086,1.1174179138778257,-0.9208660334193891,0.17925601451088852,-0.3567388807633768,0.28019963143280063,-0.48174358888616675,0.502272721908408,-0.635691646026857,0.5828587349877709,0.7170454705503279,0.3867488630917035,-0.8390528190782107,0.7483676307432525,1
-0.49929384563490814,1.272002429371015,-0.5217200918843105,0.7449362569615149,-0.3578795217453202,-0.7790168700694158,-1.098240306217266,0.9651398634286829,-1.6045000737309303,-0.9090607769797527,-1.1224824228940846,1.0770545458167509,-0.14417529993110006,-1.4025279758959388,-1.2039506526900838,-1.1089014707989606,-1.1968478611208508,3.4403416547251555,0.5242926323224893,-0.9663790988039591,0.20012294528761856,-1.2010799205436737,1.1540254908894543,0.791906880430111,-0.46252890931602514,0.3582083065943187,-0.9157996911362746,0.5626732636862793,0.06786458839482457,0.7696526914876395,0.9764348160403786,-0.08185547462426343,0.5913830420106585,0.715397391050034,-1.4928483206906644,1.1561767539970305,0.4374310762682933,-0.24300520105523155,-0.2532772130078994,2.225849409495693,0.16798158332769295,1.5414573887856806,0.009592860620851915,0.05151299509487046,-0.7117536156675222,-1.2929636050060642,1.6815290803930418,-0.30990771783237114,-0.4309386200849324,-0.9472014874738978,-0.3819929831017456,0.16207598728156775,1.1266328349828307,1.627027547515988,-1.2198689895736723,-0.10242813429897198,1.179892357831083,0
1.2172521286864193,-0.030550696124415876,-0.6913173863991666,0.40483044581185956,-1.2196796143810875,-1.4750388619812551,1.296658554728919,0.8080537198277465,-2.2127106302341746,0.7262774098502952,1.0992801794137121,0.10130513077086357,-0.5388493903356851,0.12748536872644167,1.2469132099315452,-0.3690784496257126,1.115245538614475,-0.42064355864140546,-0.22173132590708258,-0.49047433767761994,0.23822672155015465,2.1504850104937527,0.6176577108319874,-0.07121615548436774,-1.0048147012940192,-0.22475416357009873,-1.6684771036702206,0.580069711761432,3.130016480919097,0.8811814574382738,0.18893607955146305,0.11392586075868688,-0.2989610806559276,1.8803656268239028,0.9410721077420501,-0.8901041812970348,1.0497404469130949,-2.1566459740745048,-0.5076036737998971,-0.7253323763069887,-0.036764142969165255,1.3605833607722437,0.07510835438324395,0.18536175867257337,-0.24801907600903533,-0.03745378239832494,-0.27532958655505035,-2.7650565638353086,1.0463833137842085,-1.0876736276030725,-0.7510204493393532,0.47842549735136525,-1.123081890743045,-1.8163402902985217,0.5055683597277899,1.739091891900559,-1.5895706496679667,0
-0.0447098918184726,0.9637594234053826,0.029417872365188485,1.0370915232876965,-1.5732146579740331,0.013410303165975475,1.431071854331965,-0.5253143756920668,0.8656398507590582,0.5550662932531158,-0.68847019445388,0.515115808643616,0.18995903909012354,-0.4801323347123644,0.9937610905180256,-2.377574128773506,-0.48716021247104035,1.3567586557811315,-0.9666726230695022,0.39118194181119037,-0.016656889772934738,-2.425521762987486,0.7663009525675367,-0.7431601801359922,1.6135157731673304,0.9291497622198228,0.46326896458044475,-1.3647448464006258,-0.08399746777772522,0.8263480492830247,-0.4921687832309719,-1.3517038512014061,0.13348621118575224,0.1789076265056321,-0.29809533592936127,0.48684074787148657,0.2486991676292253,0.10760938820575774,-0.581727510422108,0.29916643354920197,0.7115501796201112,0.28220185036164036,-0.7443728384368332,0.20559060535010384,-0.03751627512209359,0.7939254225147603,0.6135876928359483,-0.3655934554352784,-0.13173333709321416,0.6781336171263678,0.6845206389820062,-0.6982475189946855,-0.5165975354492898,0.4992547128340323,0.897482743700401,0.6272691628576016,1.3117892610948783,0
-0.6058085830999494,-1.2947228671699453,-0.1669318794185498,0.19673590631433116,0.8813468747254274,-0.9024609957899293,1.2410067566378538,1.4449487260708196,-0.6722280611555927,-1.1816359535438539,0.561041106087787,2.716253318437515,-0.024610797783945634,0.22245154486722432,-2.4234802605581605,0.6911944952270744,0.7464644851674226,0.975262370649782,-0.3616506814445791,1.063966574444573,0.6853005054793238,0.251927680069604,0.30433901902889576,-2.2785005142199184,-1.1041698071933175,2.1289461360536306,0.9066293484033546,0.5236644393311384,-0.2823999651953829,-0.10378745067241424,0.9738670856832763,0.7741399822097972,-1.7254619130794844,-0.4575450565166654,-0.6824458509168364,-2.57188465036497,1.5327871627546048,-0.7828110493355745,1.2036540687699562,0.4138097745929182,0.5115528358795732,-0.6336684582912872,0.6022732411512091,0.5949324232537299,-0.5494139372952285,-0.44782638833265576,0.21655719871895937,0.7119088309437177,1.1351904009130318,0.2312727810979122,-0.12459501028671038,1.055361880177021,-1.24236938497443,1.0842362224319668,-1.2783203107464605,0.8575583993972777,0.07081790344187813,0
-0.5602734640612987,-0.6604847907312944,-0.036253120177206506,0.9995814764140735,-0.8079546319947499,-0.3516790133419638,0.9084592518515615,0.37132803296971106,-1.4013815251835529,-0.9383639792874138,-0.5603537124067254,-0.5632689336499931,-0.7949458362637665,-1.6114911038860504,0.5574328873843589,-1.4241094326706731,-1.4096553150567133,0.16200435123909,-0.25285659826759393,1.5371493255902382,-0.8841540078981427,0.8676994958590499,-0.3294828783971716,-1.043408346044261,-1.3500351716453753,0.43265445258987933,-1.8293780047944461,1.6536467556661547,-0.2846434842741629,0.34419643081035295,0.8924046857201079,-0.2802545960220439,-0.3817078563459786,1.346806774089432,-0.7116618194523361,-0.21111040799146974,0.2090577398010466,0.2792426259139394,-0.710089356503621,-0.1782552037334916,-1.2917857392926437,-0.17006583337906625,0.2866934087553042,0.10306614617364522,-0.39911722650806625,-0.07577873015425503,0.14472288016098758,-0.23525486126218684,0.640172513305902,-0.5989288813622489,-0.7526268618292831,0.3645676228470539,0.2728071362173592,-1.1449820597617335,1.168116011355757,-0.2670753696068273,-0.17520110737742914,0
1.2243656049622658,1.6599850989279965,0.5582924684934916,-0.657155117295658,0.869743835488838,1.0882764182429134,-1.4839165151046885,-0.45187884406800405,-0.12973868825521018,-0.014619312656904084,0.1301084646414921,1.0541171568280991,0.5137298995893599,-0.3527720242681827,-0.6724874671291989,-0.16162105574803545,0.49922567762069475,-0.26961696311477634,-0.7325636612545552,1.4184815993777333,-0.9562716632403685,-1.8943426595312844,0.9553011330675398,-0.22027683001686127,-1.5767112795427045,-1.43651941372461,0.317041346711682,-0.09576781982292298,-0.624850123148158,0.1242477391532151,-0.7232891664833462,-0.565001874687234,-0.2221490364484524,1.1597872069842423,1.8210504201331252,-1.7385383782363424,-0.48797866932200906,-1.492113793503006,0.5351581432641398,0.459490712702243,-0.8248599044889916,2.3084733103670043,1.1940814541838292,-0.8699426212798929,1.2375883318514032,1.3564715637481515,-1.6680840417784255,0.23965055114216602,-0.6038206568510391,1.1784227360143322,-0.08291221764221414,0.5106651607404425,1.1126092681512152,-1.1042284749441038,0.5767238732598468,0.08403587503975643,0.19420618959677574,1
-0.4816114973083773,1.1894709314065177,-0.5947649288666812,-0.49596121215397965,0.6840116009837652,0.7093864220501943,-0.3524493078530813,-0.4236223932582637,-0.25436696931610786,0.8588308364018152,-0.239313229987955,-0.41740777449996885,0.5015335308175333,0.47349765083958933,0.5741896377765369,-0.9106772868252869,0.5391773368072885,-0.43184140916100844,0.11071834419391752,-1.6929691729968455,1.1412539796528716,-1.1976015875318617,2.188519809680999,0.7417227124691886,0.5841229409473685,-1.51918285464044,-0.04919929841083685,-0.9019280272645628,-1.7198232980107184,-0.48656090998683865,-0.16938884661643758,-1.0803326428615763,0.12438677195278401,-2.1158631727488113,0.7523728434672822,1.6115246705653195,-0.08891649862792109,0.07683823820531652,0.8982933565487267,0.7507766799059133,0.8304812794203543,0.40441807304285476,-0.08701989812744067,-0.66877346521717,0.9387693315095557,-0.9234638904544333,0.528890590232104,0.37226444682378745,0.14262104097386977,1.0681644565072859,0.7706206097765222,-0.24019138084392946,0.8050952622839197,0.55216249541909,-1.8125540988384568,-1.1176889191351311,-0.328849928989448,0
-0.4048921190525139,-0.4280429611007007,0.7938607581039651,0.12901217867775344,0.021089106482214036,-1.2503737486967168,-1.1115151060948447,-0.3479728430716102,-1.864973502048847,0.00032488566601909677,0.833341288750632,-0.02165542695883949,-0.15908578932300582,-0.8025870135667823,-0.8507893891536856,-0.7359928280471373,0.7191039544791191,-0.5610869948097319,-1.7289347870700496,-0.13023909446291004,-0.3997683396889806,-0.014504833357970596,-0.5955047658287419,-0.3136439777641417,0.3216614359396889,0.20788537088927414,0.4113359460758985,0.94856214665284,-1.6353409271104928,0.184608341664196,-1.466922518694067,1.1743419230039605,-2.0204732590541234,-0.21167948039581383,-0.5365706798383271,-0.11194006638679792,-1.2263771561435461,0.517130646906058,-1.1065227832452493,-0.19781986166145069,-1.0064930732827364,-0.3021036903724395,-0.74761518496764,0.3666965732826532,0.048449721670118004,1.7770913470906873,-2.0230511192117846,-0.6960248459857991,1.3306194447275148,1.0819902823202887,-0.9980233099990914,0.1925102698179494,0.2591372950326207,-1.9995621452242538,2.1397785697366714,1.2225336472561679,-0.5068402039963948,1
0.7462806880127107,1.4551942989179114,0.00034432986216505424,-0.7813505090928421,0.44481967594737754,-0.1599682167540259,-0.20136386759701358,-0.02039970046017749,0.19277991692639246,-0.14224055308161712,-1.8788446944565862,-1.177618211092119,0.52565223760895,-0.4891164271966836,0.3226742438299258,-0.24806041627054892,0.6202756372158348,-1.0953594369972204,0.8234566718674324,1.3711937405025554,-0.3462089317442582,-0.20171882247141304,-0.8808122897142359,-1.4950034002220571,-0.1464986829300015,0.593760455870554,0.31300427902554373,-0.35981525262952097,-0.5167317671479201,0.15001868511256852,-0.5529979283831404,-1.0508088379322167,1.3291621727174332,0.5237383442292465,0.2799036454166545,1.3295881770210238,-0.8605797040288318,0.41325394044227326,0.11065595972883467,-0.8425773306611,1.2102845804341498,0.9431050076017358,0.9428292874266541,0.3913270605950877,2.757135991752787,-1.2408234046058202,0.22419100952106077,1.0029898181075445,-0.032785152581285434,2.2236441812337135,1.8857335302664882,-1.5749362762142347,1.6632136454237247,-0.23340385703703218,-0.6802605286488408,0.7638473705692751,0.4764655187327964,0
-0.16012833962181872,-0.8594013191571954,0.7720003894724213,1.257346238354293,0.24212567125048187,-1.6006784412931914,1.9259890392706214,1.463294749412021,-0.9858671154278587,-1.6814371481451031,0.4245012319709331,0.3495197356905386,-0.07385341742364744,-0.6750741217959789,-0.5912146881878605,0.16159070777035522,-0.9528177114869576,-0.06043808668237735,0.4970888410841893,-0.832582457272081,0.2825518945549419,0.12444653076399184,-0.8419427106206647,-0.46876760338069623,-0.24630991583281234,2.0536507900866328,-1.8838287777405536,0.8877377991668711,0.5545749679003238,-0.3077419751452173,1.4030682185022354,0.5920191699824393,0.3962589646879598,0.2250140500991368,-0.35415582312375754,-0.5178735003226294,1.7211179376467942,-0.47602142121309454,-0.2913277681574047,0.8150356197581162,-0.3584596124741551,1.282964818609789,1.1455558884570682,1.1654712031710717,-1.1978137349454794,-0.2733297402452267,0.23126512369012286,-0.12986214534296467,1.192735701937806,-0.6164874578378166,-1.8282342060735592,1.3655536560884631,-0.6062361392047299,0.7630397908864041,0.6278195048749653,0.6590877302027293,0.3627448324731156,0
-0.478977145785362,-0.3640633101189607,-1.884566941672187,0.07974741844964084,0.7877959493035032,0.07634476937895242,0.22483937491708475,1.0584735523468694,0.04074722096127172,1.4340609790976757,0.14997390752429776,-0.08020859422837917,0.6972343392465431,-0.06510612046840505,-0.5908424724522212,0.7305096625514118,-1.1590654886389795,-0.10383848435572805,-1.2152612117320591,-0.6602520640451016,-1.5549183678529908,-1.2618685530388811,-1.1973612965139189,1.149011647021118,-1.0177296511337077,0.8418072974335187,-0.9653298049573961,0.6686775418707865,0.867087455568614,-0.22708919795959567,-0.769543888840092,0.771607082359692,-1.264704433402395,-0.454355899296457,0.8632085102744647,-1.0791196119392978,0.6433129828423187,-0.7422769482875972,-0.04352209504793266,0.8293651399550517,-0.09973628513568152,0.9206249836621158,-0.36730226337939953,0.6813331114070762,-0.39104799934384,0.4710396962835281,-0.8000275061002552,-0.8933713337012824,0.0746216989429199,0.6799849752134356,0.008491222162305804,-0.0933861753418678,-0.46531999434291793,0.3405953681724681,2.2867221315240553,-0.8073086213335638,-0.9575385900813417,0
0.8193876936473554,-0.46175706346306156,0.4730628322372651,0.5536771639337497,0.4502224462809208,-0.8414174414039673,-0.22644158398813022,0.07576299687253246,-1.0920025374648945,0.8611642343367838,0.8331568757068022,0.8681136966092338,-0.1302959449069477,-0.5816747231063578,-0.7264097161395946,-0.2504617777824077,2.266427275101308,-1.2363697258424182,-0.298128374103789,-0.6759825712749936,0.49723442947167257,0.15853598921177856,0.4023174390810454,0.5987559586059729,0.904661302260614,0.09587239685718751,-0.9977329662378642,-1.0400977250727812,-1.6286545229015739,0.2814136735885586,-0.4786875156090401,-0.02586069361991624,0.41443285145473646,1.6628535083743463,-1.056089044741611,-2.7023194771762133,0.355147003747493,0.12273191104095094,0.06213569068306863,1.109135849006292,0.9648331753672577,-0.8982457051149322,-0.7524037686249392,0.27052413267741665,-1.9485949040433255,1.7685466605399638,-2.0390272046623874,-0.7148125577033245,-0.319494876752945,-0.3534724635185418,-0.06458067297546838,0.5335798032379553,-1.057828905513734,0.9030778529787662,-0.37463170664016965,0.5978199666555315,-0.6653702270376904,1
-1.938142367775853,1.501444015154465,1.1715715426031523,0.4241389179060653,-0.27694284996239676,-0.6311170080429888,-1.4839825050100999,-2.424093997702493,-0.9742600448783342,-1.5293135944293135,-0.427843026558643,2.4630709095834904,-0.2020867856612752,-1.4899620870908015,-0.42786862663581726,1.178870501582493,-1.0102891463615564,1.075752682751287,-0.3826085500341151,0.08248150814465038,0.40859669335423654,-0.40183700301345787,-2.242628715664855,-2.278480906191862,0.700052253619788,-1.8139251999233137,0.8930851265209224,-1.1794714409063838,-0.7852903496141512,-0.5371302512202647,-0.9881687512633193,-0.9579458830919322,-0.43525995256253014,-0.729988323326544,-1.0030803958334529,-0.13390989260553615,-0.5117448387010307,0.10421525503520053,-1.4406014642311744,0.5885807944165173,-0.31287723425986114,0.1634050219550429,0.5260771950934324,-0.36695807338122527,1.2326969813225748,1.829617739495959,-0.052422587507780456,0.26080064932667857,1.2064794339965885,0.1422485738021595,0.920563882900284,0.06512043528521243,1.2018819866554358,0.16554926650469642,-0.8036698357041193,1.2783416253538131,0.05258774756789974,1
-1.043085703030545,0.0729116991274803,-1.9041200409019954,0.20455189134337556,-0.2784251448179397,0.6105314807748414,-0.08461795538875173,-0.04293248789542209,-0.007203262900800698,0.03039036397693026,0.2443778368565424,-0.04345146064352217,-1.617653776326613,1.8739066965530096,-0.8755550804724966,-0.08156207801206496,-0.43788586365642534,-0.06567648019606101,2.3382725187573468,1.0282093830606858,1.322072075497147,2.1461911484062233,1.0535261143183043,-0.4853927281045352,0.5723731598673125,-1.5086174129055,-0.14686340571165052,-1.0999168142828517,0.23907245692703846,0.07672931494539398,-0.28004684653124445,-1.30527445969645,-0.28108692289107357,1.2073441145367358,0.03351368190788853,1.5143931482073796,-0.505546622012749,-0.879110144388011,-0.6753466597585803,-0.30256491398873897,-0.006179404395382599,-1.8333465640179079,-0.8472768164209302,0.7552699202730603,0.9523464037040946,-1.1443709769034334,0.9537172592952428,0.3935993900775859,-0.9793584258915787,-0.5482504352538456,0.0543012558681547,-0.9868173042995871,-0.33940478903086624,0.2927055031880206,0.31223272450949496,0.22105471750202613,-0.5919856364064384,1
2.532414587936625,1.5408262713606031,-0.3153385037367073,-0.8882032457289779,-1.665019172750857,-0.35687326443171047,0.3572316660420098,-0.49404556108001246,-1.0269947995987794,0.2717274475619869,-1.83268939115042,-0.9098804830039011,-0.388933245097183,2.506680558486307,-0.22451289112497871,1.6460184939564642,-0.8647128863487881,1.3577611937762544,1.649464438679077,1.3781735711313485,0.5723892072526855,-1.5960469120668592,-0.6241584923052821,-1.5122460906397335,0.9508561888037276,-0.09008495842526086,0.5830889223220121,-2.1674604271216493,1.0091689987654626,0.8342800076686857,0.9215397609967758,-0.246641834527725,-0.6558198469139849,0.00637938864678153,-1.211031991284332,0.6567093322681282,0.6444861479936163,-1.2276370434405495,0.546331335933472,-2.764439070395192,0.4320948001805813,0.451960244791563,-0.12457476705512362,-0.23027572643777272,0.10782679858218237,-0.6434306555925325,0.7833049869933897,1.4054233418158484,-0.9077002755442074,-0.2883144064863763,-0.1457771223667899,0.08485160143720015,-0.3554705517999126,0.8989516030292297,-0.3688356881905746,-1.0215054579662386,0.15453363939278314,1
1.3706324273315593,1.062134064135324,-0.575057579437161,-0.5222875624199675,-0.41574258197475605,0.017132666415992256,0.7547519817667441,-0.01880880269569879,-1.7066514721136734,0.439291811746385,-0.8550352225584528,-1.0081782683432514,0.8318422431509034,2.131495064672897,-1.9248045271151744,0.23408314074358702,-0.8395788488368521,0.43665149551059795,1.112579683534067,1.5869369111168878,0.5249479682567026,-0.5113208807324044,0.5860167684756961,-1.6811091562704792,0.6347840225885014,-0.03037732719847915,-0.9510590897275378,-0.996120209593716,0.40847850857959234,1.215729037018375,1.4615968921901517,-0.3504525973605785,-0.8638740735743193,0.8123968012974025,-0.0026280215688803616,-0.028933641441910365,0.17973420487187802,-0.2823745465932241,-0.1453770335030513,-1.726521067484048,0.46778623350827137,-0.5758507640686866,1.2154242686586263,0.3450243457578111,0.43351374807432375,-1.0514747187658,1.2164860270223639,1.8947025272334397,0.5491953858188933,-0.6740414386326411,-0.9079185082837249,0.04046323042834477,-0.41352788449286576,0.4127392885071007,-0.33191955054073263,-0.16628541294259777,0.8513826996251688,1
1.9856750782851849,0.572842541527539,-1.077963924955658,-1.1841996311243363,-0.24506553590828867,0.5386638598201295,-0.03336078297746371,-0.2869107982261965,0.16480319718215938,-0.9295932293071224,-0.6887133082796842,-0.7916551218869425,0.9581401180828995,-0.6520857324013534,-1.2380914299785513,-0.730741940225348,0.7688810821061927,1.292678821755018,-0.49358273971152516,1.3772337020029934,1.6249233659318683,0.14335337374711501,-1.9322765889006857,-1.8416051405842235,-0.7686268755065203,0.22753245785092718,0.694156709797886,-0.5244823485690944,-0.41970820907072365,-0.1900172103038839,-0.30148912308231113,1.9873024092548444,-1.5597868386670242,-0.10781447160325744,-0.1480014036268616,-0.9465844894067934,0.9644002879101569,-0.8211088581042927,-0.14596965516310462,-0.39034969652014573,0.09237047023669892,-0.18604943923854467,-1.7399230136706927,2.311272239724255,-0.1329712413772568,0.4156900520834699,-0.25918544926612247,-0.6561523182885679,-0.28296061032104197,0.15909747907440247,-0.6598766702275154,-2.554687977698521,-0.5502328890972429,2.465596687710394,-0.36569219388228236,-0.25590052092434906,-0.16984881898143261,0
0.2595671716977844,0.45312985633774866,0.7782473928921857,-1.557878282566641,-0.4001951600597198,1.9920493344903423,-0.2839579378283623,0.295884396788696,0.2733731556982548,-0.16112710816825856,1.0865174282058552,-0.0892089181855735,0.08894822977845586,0.7635536950444959,0.13927963378637276,-1.5578171261436804,-0.7274920545759423,0.060850734649768666,-0.24988216654834317,1.4601236863553075,0.18898143028600273,0.0002341081061166966,-0.6053226397971332,-0.24761323961985685,-2.236425510174352,-1.3756240226103174,0.7823437266287464,-1.5286121203657403,0.9399271185933646,1.2450896970863894,-0.022941910057654526,-0.8096220053143817,-0.23141398872832028,-1.2191869547368033,-1.2968471826092691,0.017725485641077125,0.9025223902980246,-0.7844168475314824,1.1583448644935574,-0.9923445960045074,-0.03983281804538609,-0.554708562568872,0.25388658502864986,-0.07432398608716634,-0.5023277186915626,-0.6371698042450287,-0.1426090878517576,-0.7934394203900409,-1.0623831602879004,1.3524881187718691,-0.6199760038535631,0.8564419844063135,0.5555962327152701,1.0785652842700297,-0.9013424562816486,-0.7450413680744836,-1.3115933249492742,1
-0.29061238278645085,1.3450390879839584,0.44914360602568165,0.0017409086255684018,0.11435477224927955,0.850838250000594,-0.6234611907456232,-0.956428969106546,-1.0212592014443724,-0.5086340963625223,0.5640549362243338,0.09249621866830593,1.0632317269676437,0.7007213963628172,0.7832841939408519,-0.2965619490568473,-0.06628180437248456,-0.26558915683312934,-1.2722151418964762,-0.7797954375815173,1.069763307448147,-0.45275213531479735,-0.03000648458247322,2.626849237834916,-0.5497929700360416,-0.8484015158381909,-0.4579681586533694,-0.6252838458223282,-0.6461007227465616,0.4911717164747815,-0.5185219912136008,-1.1121672617382676,-0.0335554010501391,-0.3056923632808767,1.2358827275696762,0.3668591695414646,0.26902451755764367,-0.24916893497382808,-1.0255242613936133,0.1816187701023936,-0.6269597991236454,0.3739775146057844,0.023033743063570533,0.49664834827764615,0.02428829900676687,0.931339020771978,1.1880252780448093,0.21640334347332169,0.1828027123328305,0.029121630980128294,0.05963359896077279,-1.4464573446738973,0.7930373567719345,-0.41613622967458547,-0.9951491304701428,-0.4709987190065739,0.23503599581618637,0
1.1299820190741785,-0.5229518468211795,2.2103492072409243,-1.1120875939666965,-0.43489827256849556,-0.6654235206452481,-1.6558327363705774,2.4938685274268058,0.42726559003253983,0.383356544418872,1.5086670930472346,0.2680976034777234,2.244108168138366,-1.4715562651208802,-0.2977859202008419,-0.5002881051613911,-0.6508359872625927,1.1113595111161874,-1.4729937491407548,0.9971441286113714,-2.1091026117256066,-0.17729170525929402,-0.6103548983294814,0.16932035035540846,0.5627359266037416,-0.138714567361488,0.126088421903667,-0.4021807820695622,1.3703244303155886,0.8077575047989014,0.16685957024357642,1.1616987195766262,-0.5084814619486276,0.5149935566539021,-0.0054739900954829165,-1.370069113643142,0.3580223213507019,-0.41096972631274914,-0.49010969242391333,-0.2727976267081545,0.28303528136290856,-0.3167640627898285,-0.1711613064967019,1.0486515081094552,-2.253888945668562,-0.37892924240046516,-0.0738270531409626,-0.5018864202628992,-1.022178544463815,-0.1284045466971791,-0.22708849581446816,1.1650252313514007,-1.203796210734627,0.7280252030708073,-0.8796034007845486,-0.3235017440389073,-1.6050102247727798,0
-0.9045992405351311,-1.2927021126257676,0.8066251639492109,-0.10148246761816987,0.3002390181335927,1.475977187832561,0.3194819312176603,0.41861237720954,-0.2798769632202177,-1.3997880538442404,-0.07047701138485164,0.6235455876581195,0.024748758666314083,0.6533372923840945,-0.6348572302609272,0.5608321796208448,0.958831854749688,0.17960714989310905,0.6985052598587634,0.03063397486405911,-0.7780578544743693,1.7637662822348323,0.43521910111325457,2.0692152924020926,-2.1036093072087816,-0.7259404277557933,0.22372430043314392,2.1242506628629667,0.8582788115138643,-0.6326256454089166,1.3350840727353923,0.5177402812074486,0.41680116573407167,-0.6433456538041695,2.230585566741315,-1.8910102892893534,0.14052127926721295,-0.05439806498226027,-0.49693961518183527,-0.841279112362035,0.10833663358540492,-1.524794941809945,-0.16957769023908584,-0.37361531774543955,-0.3537634664090111,1.207752881787093,0.01163521687306705,0.8639904669720644,-2.1968851960564906,-0.3580957268944495,-1.3634218297394136,-0.6288332050363389,1.9702104613334142,-1.1600025650485473,0.13627350874597757,0.3574766654422061,1.5967168326575398,0
0.9553822023507675,0.319169527064625,1.352602038449161,-0.2723789199627445,0.6820503153520272,-0.29026732321659615,-0.1242167376976346,-0.13943496792722168,-0.8115306946704356,-0.3020626403869462,1.1565486650518972,-0.5673813097478724,2.1390904860575977,-0.4936214656635839,0.30174262080890407,-0.30827380886582467,0.4676137468693514,-1.5140479656719439,0.5814466572974945,0.5560376757074419,-0.0391436689598757,0.19597557742980767,0.5172273962515247,0.44107512323116665,0.03756031929110121,-0.8015089103218161,1.7489887903456318,0.46519178112784065,-0.47469187073432084,-1.280862982497861,0.3601088484029855,-0.2760413512836754,0.6520667171125968,2.553062441803882,-0.5069499867612973,0.9266064887012238,0.6340884901090909,-0.016525650707494365,1.083180118884976,-1.1314777213110196,0.47442732595622195,1.6899731425931144,-0.026608003895323695,-0.9627628931044375,-0.8467978935187481,-0.6739249734564209,0.3347614305007844,0.3500025925517047,-0.8551980436659629,-0.37184324602583957,-0.475874852055473,1.637429078373127,-0.16178728788539048,0.1780840656944876,1.3398332201418435,0.42421859318799027,-0.9314399888746111,0
0.3138569382687124,0.7539363383740975,0.3796479663679455,-1.2302688041069316,-0.24932891396012616,0.11830861714167125,-0.940087157209139,-1.064159697792529,-0.9440175190736982,1.1523611093754518,0.9116205840922997,-1.2226786495954194,0.5397615888097235,0.363534016405739,0.07013294830132177,-0.43764668859398725,-0.31383698492348105,-0.05130346472487454,-1.2299511010117827,0.5387270492846812,0.04956202439158324,2.0806708371685283,2.3279867108309498,-0.7409194848751445,-0.13987488597797942,-1.6534558072982843,-1.7592437542417478,-0.2969835989659091,-1.7030994801415358,-0.9375589671194645,0.3803798226515194,0.4044703766479444,-0.6301290667005809,0.6962835846296888,-0.13912866569260796,0.03642260786898323,-0.6403570620427274,0.12971825625134215,0.04147827866947533,-0.42124973708774216,-0.12038441889395278,1.3822929321213653,-1.1576197977999318,0.08439033340369845,0.2979867688165736,0.8535338903511069,-0.44938919708271685,-0.31487877998515396,0.5490452462529914,0.3058005123227447,-0.1894406920087466,0.3698540607857148,-1.7315416110611594,-1.3182327524659694,-0.8460596146897567,-0.27378945958582157,-1.0654891117360905,1
-0.7148084739759726,0.5777288773223707,-1.5598684327447205,-1.0161330010470662,1.2724714263743597,0.40914646703978375,0.32284303200700826,-0.4566438137658132,1.4380220232034455,0.5149028014727677,-0.5697934641812618,-0.6398066214853553,-1.7665603858619627,-0.4318978737483063,1.1517545330756416,-0.3000922798552464,-0.5253342076743196,0.9353173224522332,0.0982448084790722,-1.275497948369051,0.15838985713363735,-0.5881944193997952,-0.6865138561827244,0.9784603595413073,-0.04410058360832518,-0.25631787436003395,-0.6863075073105555,-0.1112085350786492,1.1858437569821554,1.015517828577927,-0.38258776573116454,-1.1137887726482607,-0.9545822276495237,-0.23885927894471376,-0.3976054400026049,0.23991966968810174,0.1056003577680458,-1.4177157343053233,0.6103798387576167,-1.557670383112582,-0.06918430515548545,0.5359629217971917,0.30556516719345533,-0.6391338489265692,-0.6048807621220749,-0.4038395339344682,-0.6065163636979095,0.46284309404163426,-2.0390450206844166,-0.005352541341129312,-0.6626480792435295,1.0997289045882943,-0.023087463187997218,-0.04889390895144264,-1.0411650159563168,-0.013051001672215805,-1.3260172761932558,1
-1.1506432364987351,0.2099490726420388,-0.19220004693824577,-0.5813540088036638,-1.0641464994969196,-1.122250775951703,1.2781632144417285,-0.6958366171091653,-0.11203669348443841,-1.139143966580868,-0.1910578312919235,-1.6345298453008759,0.4698653707581499,1.3004836195698901,1.4800573757727977,-2.5057801881228845,1.6698852827654425,-0.5064614746557244,0.6024100983489132,1.2823340137871153,-0.62630297480778,1.4094784913728653,-1.3724369616403718,2.002594672557582,-0.23369491130668496,1.016841069527189,-0.025586135983108667,1.3740909815561162,0.7048980564575548,1.7983317758466253,0.98414380251269,1.0143652953417546,0.023144250895751194,-0.0758170786824616,-0.9399691516393367,0.492743798916541,1.3032137974571167,0.5380177001743861,-1.4133911733343658,1.3325052565259852,0.8451449973880781,0.3069101533087709,1.1752265719985404,0.47727068930316835,-0.6793570732548139,-0.05705461561973242,-1.0134475399601648,-0.32263366641641755,-0.06644715636439572,0.8047301157178676,-0.08714810441632982,0.4259686367672639,1.1165810160758334,0.8752943728752632,0.8645440042054078,1.084276204528239,-0.10917454070929354,0
0.616493026217387,-0.14194576371421663,-0.49241224370184133,1.3472004459725953,-0.14770410268178555,-1.1784921057033222,-0.11871418971323372,0.9631441251961347,-2.430874435618277,-0.7493782711318486,0.21166860957578382,0.8134694948631896,0.9383917324446588,-1.7162176649609269,-0.4420396708446831,-0.22247584516135302,-2.218698570845526,1.7244768203806256,0.38765602403056904,0.16458402344350676,-0.5854146517376093,1.0725868120593354,-0.5701253874174086,-1.1923498729389586,-0.46171896643122073,0.29399576401478217,-1.4323525954064746,0.9937527286767309,-0.6004002294333679,-1.996357144960074,0.4225478530572721,-0.6808313015140728,-0.624016693795891,0.7677367221331287,-0.8451649213201243,-1.70446761291176,1.2521923774535,-0.7002039194438633,-0.18642859970846656,0.43007523672924247,0.8132476162674799,-0.2426153548837098,-0.09746460161820575,-1.0274931232298667,-0.8900246597366402,-0.8832640614675298,1.6716209263045896,0.10821858490008941,0.545439910455784,-0.3893276243157723,0.575457072634447,0.38628477164657987,-0.02759658039979638,0.9484712110487231,0.4599089570947686,-1.1357014899405624,-0.17869535444353993,0
-1.3212552530670236,-0.8508169030922683,-0.6364379014100662,0.5264715990963749,-0.10714182128756167,0.5426062462114726,0.44733108262473587,-0.5921600222999115,1.0182986417615405,-0.26422030892403575,0.13727426818211155,-0.6984412766206731,-0.31223648207865323,1.265188408569873,-1.091030366840174,-1.146720717687225,-0.00514406243784918,-0.39324673543426186,1.3143492014692617,-0.9920320504840604,0.8928635947863403,0.151275957699579,-0.36129041905953185,0.9349908628299696,0.12104352739945334,-2.2706778036453312,1.1322199506446653,-0.17297163224046586,-0.8900315359821204,-1.308171544393941,1.4830999929701085,0.286188586164396,0.5715000994326426,-1.4736882784247187,0.19940898900385234,0.5133268071803084,1.028687743777591,-0.923393317692224,1.0342025633749545,1.0517989445230924,0.062345414821914524,-1.5204859606290426,1.362141593568524,-1.595770930424262,0.06594947452616229,1.462124311780821,-0.30620026536878187,-0.07371392563926073,-0.8118835162878397,0.34188083869389657,-0.5324222883912548,-0.5687094210775172,0.6400111116300864,-0.25412001129039175,-1.4800651146341066,-0.4957820234570784,-0.6438103493533649,0
-1.3336447272820002,0.752062453617759,-0.14432821868596699,0.7477506958949145,-1.1665675576104275,0.09277653080406371,0.1645904151305996,0.39700877692923403,0.9864477682085787,0.2285774207094223,0.5606218077367777,1.0954333831799978,1.8639537722648445,-1.1498487272896167,-0.1815932180339889,0.39919275661291365,1.229144647807888,0.9291581646206211,-1.2723049680342606,-0.37205420478351214,-2.31998476171407,-0.2839210392655763,-1.2283941149965298,-2.0381075295587503,-0.3967825690633906,1.2747078313589768,-0.9637939470948278,-0.440342254454258,0.9599772031705096,0.7607401790217184,-0.7130052054766964,0.9564509980485619,0.7578712652578838,-0.9284526528761065,-0.6309455025095919,0.3506681050346806,0.7032960022094554,0.16380347456708078,-1.3736712845332562,1.079670231820705,2.0656490559535734,0.41744796675978946,-0.19675016500741724,1.004106378780715,0.35818112621114295,-0.32382655795277476,0.15699918466284907,-0.4628935762558198,0.10194460866124401,-0.0776393536282757,-0.13690809397547687,-1.4410875744206029,0.8148736932279781,0.5539767823474261,-0.5497422027990013,2.1316012139001543,0.009980858752318954,0
-0.7586293485918644,-0.8999113046336327,1.7251365818983633,0.6551952848776648,-0.3689473885349262,1.1512004262491358,-0.2852560223634192,-1.7402879754848748,-0.7014934757242245,-1.7644403918968945,2.4702645982046865,-0.5389185618704736,-0.20508687051671368,0.49787939889853056,-1.9093563581586002,0.510261734486569,1.1263623065891801,-1.165065891807671,-1.1019820435278918,2.5607113109785087,-0.7446094344788767,0.5699530322949898,-1.8470672087547013,0.19862646578214999,0.21861092253897918,0.2951722554193841,0.7512926451305076,0.061612535363647886,-1.4128010046862574,-0.5054847634603604,-0.7949625358952369,0.5880793898361851,-1.4827930211174216,2.7029626910339766,-0.9149839026957076,-0.9774233995323031,0.8965477401397725,0.6160337989326471,-0.04661554971155854,1.2086938324094356,0.016119616059129007,0.3125714590255207,1.7806850856324776,-0.5723398841134677,1.3617486381543527,0.6836740303141604,-2.0519515226496265,-0.6129835325885348,1.222579393110078,1.8165243485811173,-0.8189483754064857,-0.5339787046126624,0.0009777681960155382,-0.9633236716113436,1.2340191828441975,1.461595324589613,0.15449187458409722,1
1.7077095824522008,-1.447647323753187,0.7349015065461927,-0.4233915045471306,-0.156868127890141,-0.8973880592776017,0.2973876542960492,0.27053194020268295,-0.16311467165876367,-0.21849503773148699,0.35014893955736875,0.7064386944279646,0.7638649108810959,-0.8474022268035442,0.3245850802380217,-0.6326639573708768,1.3119153307571099,0.6068503338568676,-0.5681549406282532,-0.7067288731447487,-2.3905665033619874,0.4747272206188346,1.3577333298789362,-0.18195859220231658,1.6070138728452947,1.4405847468691741,-0.9357931319546677,0.9485988018793269,-0.0550774222595683,-0.2400291141296608,-0.6545579792893392,-0.015857865600313117,-1.0263380288895647,0.3382940461380335,-2.7275203743506595,-1.2137879451930302,-0.1655116535595145,1.5451361067792062,-0.24677374050507297,-1.401827718439649,0.2360776331034672,0.4160197623589071,-1.4582115813617913,0.44475623439809725,-2.301715042455907,-0.7552659847012902,-0.3950442295611814,-1.350174958779266,1.7958655954379004,0.22070841915631562,-0.5234333991949459,1.59293675497915,-0.9798811564038107,0.7837221520436195,0.48453746584907614,-0.14716329507099987,1.9576746409203827,0
0.29212549321562575,-1.5805728414090294,-1.2429693935237784,-0.9694614762503239,0.25633393290596007,0.22945891569012603,1.702611218518244,0.9498340044438136,1.8281146860001196,2.1818681610532593,-0.7994079905187986,-0.43867048517931506,1.8420598086274542,-0.24435591906905943,0.9681258580666516,-1.5018995117749259,1.1467474857019884,-1.325721239831378,-1.4303443955975628,-0.8374634948204462,2.122309659361218,0.837844018548746,-0.7602860226233786,0.7336423658350187,1.5311124391228828,0.8741511991656551,-0.1936200607628856,1.0248979719466211,-1.1021542138829272,0.4024211109133059,-0.6659480405444994,1.0776848760245918,0.5902994397968487,0.7082071848332894,0.6661271498819465,-1.309104199133921,-0.7066130692189441,-0.8588513523289155,0.2859414979242197,0.09104810747454116,-0.1765252688675147,-0.6011812251086724,-0.28858164507821277,0.7372639141850227,-0.9067847611367348,-1.0288025211229066,-1.2222085611502178,-1.8881269323048504,0.10823015881531715,-0.7884304208424985,-0.6520224681903224,0.3416582444776618,0.7379870287909108,-1.1043655787230346,-1.7027643798142755,-0.21500274830303046,-0.1699781519177327,1
-0.4171103888544002,-0.6379084500493766,0.8478090822684176,0.5539389026691145,-0.05815171068781591,-0.486788463525326,0.7625518903765736,0.8787048986689018,-0.5031834678232457,-0.15670959053436148,-0.8384351550910445,-0.8755445069731888,0.323874476366333,-0.029666030349482248,0.5426817419779567,-1.488917623245752,-0.17378853334440997,-0.8227773190986966,-0.7030576643513042,0.168091779073287,0.13344496016343665,-1.3292819047466342,0.8140158156344163,-0.10273157395495833,0.1670354702578723,1.6549231056582032,0.08362972862455137,0.4101710408494562,0.18455638493075463,-0.043074979653325365,0.3085136800800354,-0.2639448224147563,0.07077320540134718,-0.5668132850944191,-0.516191996781295,-0.6759598316542482,-1.3424555003549077,1.0141239493764003,-0.36334273627857916,0.7025666360432774,-0.5040706936550552,-0.8902259028444363,0.03831703060872786,0.6312808236038849,0.5293803980065592,0.6443642249872702,-0.16955649302174725,-1.8689830236494651,0.23323321964554738,-0.9565325471223449,0.15856349598651637,-1.774900047303207,0.17196395249967492,0.8461438314849201,-0.3493997729318851,1.5607350772090192,1.5396934959373858,1
-0.2380848653454611,2.5104139446986253,-0.14514442241278067,-0.17925992635267313,-0.12441954087213725,-1.8985616223076938,-1.291863632945013,0.38168701779540554,1.1501751542932384,-0.8822208037533502,-0.2069774876368963,-0.7199119323305984,0.23487951080194863,0.5477321560029804,1.669245642172106,0.5258824637938804,1.0723420721340529,-1.1146767674116647,-0.4984103834937988,0.5200969637832767,1.2542850901972256,-1.8403794898855408,-1.3222137949134198,1.3182790599762408,-1.1933702824893517,-1.0287592028650636,0.07768241900876359,-1.0145390850575473,-1.357783311433188,1.837761054062351,-1.5608539179536423,-1.9776522841895123,-0.11720487331628206,2.6816640049512506,-0.7736970228920191,1.9542943645688233,-0.7215537297870513,0.62928919262165,-0.08951767372541099,-0.3229252291464806,-0.682179743562598,0.42769577943503595,0.983827687416341,0.8111296141240333,-1.2526852384475355,0.3360877807771058,1.7906490752534363,0.20260803912416642,0.9328668065551664,-0.2500986601261876,0.46212092203799876,-0.6347109444873426,-1.1017527981960504,1.1769078064431862,-0.9390359412162256,-0.6817961151626235,0.32043404550930565,0
-1.7708514835295053,0.5393676336197463,-1.7108682838121516,0.11414014760595421,-0.09609544178761432,0.2327161394922907,-0.5702050772548395,-1.354837822575528,-1.1168474994020008,0.4643160223995123,-0.2014151685964304,-1.8822239332668749,0.11322161205841037,1.646578677626379,1.374994196673257,-1.6883890717740793,1.1979716877938524,-0.7264226888329073,1.2799061036770232,-1.5779482971469165,0.7044425097165186,-0.35171912399534677,0.5003960823922528,0.5950219509579661,0.5462892026173906,-0.6082955820336307,-0.6439547561445665,-0.5112874949671249,-0.29905074361856376,-0.2853080954362448,-0.8386385292670757,-1.4384618538754808,0.8904484244026429,-1.0764888320638248,1.0858426447705392,1.0918283172498215,0.4328758008063558,0.1915236950660133,-0.1086454909038271,0.27577105090447435,-0.1649889821749639,0.09764939093335674,0.9663434549519556,-0.6737051126204774,0.9483797573894284,1.095483646227878,0.43774043134944024,1.0114853025547539,0.1925166025530751,0.7804179492649548,0.767981707972243,-0.0532048974871418,0.7352166609097192,-0.489030271695511,-0.325164056442218,-0.34030289445483275,0.7222907011795993,0
0.7796968668403379,-1.3195084141325737,-0.4416342538143973,-0.2581380712008441,0.8298731650029588,1.2012166090389542,-0.10878852685555844,0.005375635072195709,-0.8506357424336922,0.33696928387933184,1.1538043947088537,0.16530928901535674,2.5216191272782873,-1.575476632917621,0.5517268666566075,-0.10130692741216317,0.00405044975998069,-0.20723649861178586,-0.6102253772575614,0.9445467704891999,0.8478358226814631,0.6614096568154948,-1.2786951791979257,3.0050000557556578,1.48252879207996,-0.18387670424338032,-0.1465907676120216,0.29187618517147335,0.4457972085752732,-1.0649657195042312,2.4715982673322845,-0.48398027512867436,-0.0436213022872343,-0.17888551057621616,0.2115673577226583,0.23051067377994972,1.145786804288931,1.436486067464188,0.5531905097186778,-0.6481208103600147,-0.5803800386478773,0.2925419436006375,-2.019644896430101,-0.6170281395148978,-1.8329498946979594,-0.02845522010691345,1.968501628955934,2.3553331046986905,0.3245188259553264,1.552784825283231,0.5279699998685833,0.1895340226090493,-0.4227659969071547,0.8826651913453819,-0.19286560669671884,0.16125723314266177,-0.9695786035267606,0
0.6825527064832766,0.5965296602028713,0.09500801380693591,-0.2940766234263622,1.0388153524074504,1.0910011984639965,-2.190269552163413,-1.1554020953886415,-0.6193319655299879,-0.8854669709749976,0.7342584095512096,-0.5789460010810062,0.9813735623927399,-1.0338002955291694,-1.7467809230752747,0.15250244959648365,2.0203510139284284,-1.1221551540162484,1.0124040470771516,-1.1185086130223891,0.1497741286901745,0.348299388589266,1.3399956813666827,-0.9355141618383445,-0.3672106846263177,-1.5451104255626358,0.17227723974313694,-0.0166787318177411,-0.7734548139291245,-0.6756515203345839,-0.0658114003417581,1.1046090573477527,-0.15872925136283952,-0.08950098995697445,-0.6823608890181289,-0.7866047458539482,-1.5476569839359333,1.1350600293705884,0.43101014061257925,2.056121705644656,-0.3969423200017866,0.13265894660484442,1.7473825226311699,-1.6808213031468404,1.1597140833441768,1.700108957495006,-2.5384882513129883,0.39089960981279553,-0.7319544486847509,0.6078564131798848,0.3967821037502779,-0.01933617675027433,0.7533981355672956,0.6907427138380416,0.5875883564858777,1.4760568263087872,0.7111171597121757,1
0.20071972829876278,0.34235991037025726,-0.34500208726769527,0.8799281292610692,0.4598558981538476,0.9441137715008292,0.7234853812656266,-1.7017963555834619,0.15121523534857848,-0.613398573805538,1.8172592315715546,0.7129583909568684,0.8972175317603,-1.1774826434991355,0.5623228134322028,1.923484271762339,-0.848751644288961,-1.3377760185379168,0.4071718551085771,0.8651625328797751,0.19760766288609305,0.6121017547742643,0.6560971250535257,0.002812059649063719,0.4964301498561167,-2.6378113113294805,1.0754232964103831,-0.6686936780036765,0.7837057075247028,-1.1926931942270307,2.2055974463901458,-1.260161805870762,0.616423386134996,-0.5750333587448336,0.5568273699373109,0.5484705772478617,-0.1229618269708229,-0.5533855054146022,0.4562505344634431,0.2514316880558406,1.1440833534975725,0.6261810266591913,-0.2770623359940828,-0.7362443107939363,-0.6168196411986473,-0.3173378646842306,0.2793512202476981,-0.3356005270030896,-0.44156317847843757,-0.6046310208732624,-0.9951740164724189,0.3547030065508899,-1.2223125678771731,0.9662230575084433,1.101579623696737,-0.46635519952004756,-1.9896034428522442,1
0.7426953001822321,0.5419891066023006,1.111343365788009,-0.9690019417814946,-1.1146668901701442,0.5189211033053005,0.41809727477110825,1.1469869948173663,0.3500277248709328,0.5271392265763039,-1.356849784040421,-1.4587018830833351,0.8419550568722394,-0.4228487752476594,0.17463749996359978,-0.22517509222908372,0.27016263599079066,0.320191003443465,0.8682621638963515,-1.3798513657249591,-1.9676634771455377,0.8544045859838617,-0.9946973973188157,-0.18708152604825937,-0.21830051303426687,-0.5606519229421028,0.6648540505031835,0.2979242192181303,-0.19763810384784486,0.9522866299089444,-1.1179107452189436,-0.9869495078195766,2.945628523028684,0.11292928861003594,0.6093521457446132,-0.06958244589350737,0.08906407044952884,-0.9191445484190873,-0.7170695745847547,-0.2722379870099145,-1.2836324786913245,-0.8980946587170324,0.0787227415440565,0.22902880389868482,-0.23722784949929757,-0.6230006584135362,0.9899327547419652,-0.30494622303001123,-0.2802644819817596,-0.1134105634732357,-0.7241517160601717,0.31533701289790483,0.3037600133491773,1.0257172677286934,-0.719757348813925,-0.9801276642795189,0.3023062895426386,1
1.537015160042229,-0.9021282908857943,0.33392801216715423,0.13552633125572933,0.8571878446352069,-0.406989489326878,1.8447804477040868,0.6286598397371872,-0.41587498187374883,-1.4275119063614898,0.5144311832649209,-1.296810919264064,1.9937462218832915,-1.3316828872458206,0.03154217021168233,-0.0993967831120133,0.43341347197382796,-0.6341183545842041,0.9089222559478038,-1.1202653156737106,1.0416835145588497,0.16423170595397743,-1.8016374857995685,2.62963321437631,0.039255601015455194,-1.3607495984181914,-0.13417253676793345,1.2626345746783811,0.6291260538815179,-0.41834624745663473,2.2292809036490673,-0.44488418839404154,-0.2603657022420785,1.2004913497853107,-0.9621270281813084,0.28079644842680873,2.242859741143133,2.0265257755375674,0.11112633684806579,0.2668360299229207,-0.0034275267312021537,-0.08382313808950974,-1.004390371878304,-1.1121557165400469,-2.928908645454172,1.2210514068115939,0.7012904392373747,0.9437177401880669,0.22198680801216342,1.6241005662697499,0.3127934618841434,0.16407993226417816,0.3806464719904433,0.11194563261172816,1.3761693558291943,0.7476296992493435,-0.11573791143575425,0
-1.1691395705839778,2.3315861249634082,-1.1087279088668218,0.7295879446597512,0.14492246299224718,-1.2765265216309352,1.2482717113325987,-1.5267304098381338,0.4955252023326505,-0.163162782785713,-1.5127734235183723,-0.625672974982176,0.937644865188213,1.9348435986377208,-0.3671206253446746,-1.785467385341633,-0.18295658251770253,0.19666222726860227,1.9840456528979467,0.09349059607732234,2.383920902162261,-1.7900375591223632,0.5743815037694625,0.27257065035826616,0.4461118469597646,-1.1518803905336936,-0.1437998706517774,-2.314447870684943,-0.9616356791581261,-1.525458559280504,-1.554019754950644,-2.0130209053636143,1.3699168329552047,-0.5382894094790627,-1.333286903719406,1.7903619626486094,0.4360187378405973,-1.045649982678469,0.9854331002796174,1.2850181461887487,-0.14844866453610805,-0.6456222951783716,3.2450882169007595,-0.22958482333410504,1.6598051380013341,-0.9585739800428333,1.4367682104495436,0.08016544436964781,-0.8723631249691137,0.7902929571316779,0.5499899325959304,-0.678305882341381,0.8630563762599167,1.140420234185992,-2.776780827952919,0.4556597640603882,0.06464863530278778,0
0.24894317016783873,-0.8533565552789134,-0.180600107810166,0.6731902471261394,1.7497455716376014,2.014455947950498,0.5491826152975124,0.6094923450207588,0.8808722602029796,0.15811435879272928,-0.09639583247816103,-0.7046560408023962,1.0979977299900883,1.0439738182450014,1.3834066576519617,-0.5797599182570808,-0.6525914761205592,-2.346699577045382,-0.015912714869009238,-1.323919836074847,-1.5339283121000582,0.08587329729055541,0.029217847857186872,1.5701619780819975,0.869296529160276,3.5296576282251917,1.0758305089007787,-1.0554109550942072,1.2100909602676673,-0.7190963613573834,-2.073476937814241,-0.5476504115538535,2.2926493896626305,-0.5004224408796258,-0.9317511654521757,0.7416177947199103,-0.18287716109267138,1.3773796013829367,-0.8610364129298993,-0.10610400663268892,2.447664842332386,-0.3749870664574275,1.114577141475474,0.3352557292263109,-0.5709487000660184,0.2641461510384191,-1.1432675633578053,1.8282661396688187,-0.934187164562086,0.8684946359770778,-0.08644080713562588,0.8776686476072594,-0.6952211477415703,-1.8484085344600958,1.371281811072544,-0.43022048075226876,-0.3006903444211028,0
-1.2164544404325475,-0.47041438948324704,-1.13200505229935,3.0817710350990333,-0.6728433985509527,0.8867769451395006,-0.003913726404154332,-1.9160023069997616,0.48102693925660645,-1.5211402846779367,-0.8673864956613337,0.7062014557418558,-2.386862860952016,0.4965545667641623,-0.37197004858947624,0.7866093625686106,0.5202983160458435,0.5765220396332527,1.0958738708512503,2.6749995221315404,0.577643928268866,1.2772603804553573,1.3391931435284217,2.54529570481142,-0.4942274660463401,-1.1280959096615029,-0.29228540031500816,0.9328477529414629,-0.629581274721033,-1.5429331123674768,0.2837382295477399,-0.040495832930954156,1.8253481645729035,0.02409137089351485,0.6070641812269556,1.314373118015429,0.47257587691415476,-0.7123599353718956,-0.29125281998885927,0.9857559594561236,-0.8674395305777214,-2.9382318781817487,0.7194783346224435,-2.538247272796452,0.3783499016391873,1.0735140636647775,1.1361545833736804,0.18147123838268395,0.31687683866478117,0.3675670171961058,-1.768692289992812,-1.5134565714251484,-0.24820513266505234,-1.119042823351956,-0.08780078691409447,-0.39843412400877554,0.6317961014111666,0
0.8735516848002055,3.2147107420257552,-1.0016724259889465,-1.9898477449982652,0.22242760152638844,0.667175352239157,-2.30941554479206,0.05192464185758934,-1.839621619928131,0.629173059202461,-1.216457472338642,-3.013755280690723,0.9711641938824075,1.0810584130864405,0.554533665120004,-1.0828606002792076,0.7127371379296894,-0.4795054793354691,0.34587890269521315,-1.078068536157618,-0.47335647163364647,2.554330244791455,-0.2351249055204353,-2.2610679818352475,-0.149420343494034,-0.3050153346181859,-0.30713135154942267,0.12436074033469427,-1.789695447856189,1.772504992205672,-0.1754458187617476,0.025525262568483705,0.38079401758812714,-0.18960313677898674,-1.151427276762086,1.0396947502424227,-0.6058454152937669,0.8534374072206001,-0.2992344152686469,-1.9962218646017487,2.832517309810976,0.4485329241796698,0.4721711612303152,-1.0708550893763589,0.3126329656631944,-1.4191437830835762,0.329851852658857,0.5228732701964591,-2.1019678840942873,0.21310774145589664,-1.8323929809532264,-0.32435941683109487,-1.2753963524450338,2.0753452266173595,0.14893453870686682,1.5083415275075582,-0.2861306621484037,1
-0.4729165069483923,-0.35280463792779765,-1.4982642251840486,0.001878069594380683,-0.2526228844731865,0.16848974638270137,0.025268550758457697,0.5019118971471975,-0.9252732896074978,0.9355943129809502,-0.7110458516757112,0.4821695886679427,-0.6713457393519645,-1.4455337943941151,-0.5575476720886827,0.574887124620771,-0.3641002446540946,0.6716622415544504,-0.13150784407454286,0.6984977103797904,-1.3497493620063505,1.6279433228774207,1.1522718635237503,-1.8358670740964165,-0.7647677825973669,1.4538900661971355,-0.7866112186398256,0.5353948874605791,0.36691081743243276,1.063540180281175,1.7984187015375703,0.031183899785598625,-0.013341544888999196,-1.2196815797623817,-0.08980564030662946,0.07750701509779646,-0.6017024761493767,-1.2774570251135946,-0.016231956911313312,0.45313594606152036,0.93045732869154,0.2690308893437637,0.39039565305904517,1.0307268378489833,0.23667077916778193,-0.30285258611753973,-0.6370808125679199,-1.288711609711854,0.23715680608702722,-1.2671717840831673,-0.26477220296482434,-0.38777630297937477,0.4519016571685757,0.49766335174076726,-0.8904615684647638,-2.607895657795972,-0.3016783910704474,0
-2.0344227953919325,-0.8156248857608847,1.3581439727231905,-0.5965403551198223,1.9487037674798746,0.6381738379391693,0.8655869843835033,1.7677716156163548,0.7112065910309748,-1.1953379357248601,-0.24564753395199182,-1.4601700851849282,-2.368429734988121,1.3028659846733173,-0.9533877360400475,-0.5216237939559032,-1.0016911429443116,0.23760107203764308,0.1322346198367991,0.013507839978813455,-2.2500202910195877,-0.8106109482713268,-1.6969705093588354,0.2716573957312816,0.12641394236441933,2.179800913584467,-0.8301292267357265,1.3724255399521585,-0.7522259382123985,0.2475550179306233,0.1562832045475587,0.6458356548722443,-1.7929577951718907,1.4090994497265996,-1.0106795939500275,-0.14904760086581323,-1.5728313029890115,-0.5909005734497818,-2.0652846121631803,1.3306868548208046,1.3089679754345036,-0.7410946368311853,0.9713179409409748,-0.12908354030238212,0.365190009676878,-0.37100042838274666,-3.0854458588215747,0.17231919798513928,1.56364661841518,-1.6347039248926876,-1.2133813893570806,0.8913034678714787,0.2121595633082908,-0.04365388066706056,0.6152014351832509,-1.1214373209383892,-0.4992863129815781,0
-0.6586797940198035,0.32630981544269677,1.9235655113204484,-0.7592294203896265,-0.3590084428723779,-1.207483840917758,0.30022441372598857,0.5664299677554632,-0.20382131233407216,-0.19761865265936154,-1.2156636081797663,0.5085192426668842,0.34810500434736735,-0.254968986365543,-0.15631338493026625,-0.28251348865872045,-1.409084998942025,-1.316458734380392,-0.6258507443102307,2.7086006779162672,0.4803327334712935,-0.39248669258065655,0.6207719084754565,1.1070236565877547,1.5478325276897569,-1.6217290581908863,0.05599035252678263,-0.10805789735366349,1.1971964069354992,1.6535026268610313,-0.3217241859907626,0.5001488662531981,-0.9576967414861831,0.2641693596723436,1.4518000845591374,-0.4600671373497703,0.9556310993475774,1.5427059808649406,-1.3749050561050498,0.3424875009489303,-1.8703215273380118,0.9620312071582912,-1.224312167415892,0.3703276788521226,-0.6072107612036014,1.3202504657386578,0.17416666820960547,-0.14272589375796954,0.06580501621030439,0.263594517106528,0.5747631687920575,-0.5062316352267652,0.6447335665843825,0.789665544955726,0.6400015584205175,0.3646797918835564,0.49373189997529504,1
0.9026922352672451,-0.8806199191710103,-0.1580765388937291,1.0551902213519966,2.0447391485110944,-0.20775034568011364,1.313254955578616,-0.014741807299663368,0.2048829590534512,-1.6128272622414852,1.599072373477883,0.7271334682397383,1.7529971806330402,-1.8938538348684781,1.1702086629240096,0.8064897756415418,0.38705393432509577,-1.1098126500637229,0.9862121598272406,-0.22483429141862407,1.048764670367046,0.70517039238121,-0.34416612578849165,1.019395880921186,1.2976995958727324,-0.8808126387759618,0.5196526228718116,0.04836204133275532,0.362287164497962,-1.7374403058461767,1.5203773448879407,-1.5697630067128505,0.5584623421283458,-1.2141744443645177,-1.14254606166318,0.37761986252292923,1.0688307813543716,0.6757440270792274,0.9939605116836707,0.2180171785448911,1.6437490333088516,1.2785521622821836,-0.31691004805794826,-1.0111834372858317,-2.905956651712476,0.0107462065925702,0.3775664760420912,-1.1805072377072297,-0.7330599350537351,-0.08975757292229375,0.7324005670992192,0.36724512022691924,-1.1384774341074366,1.2507074592691145,1.022452570343002,-2.0533946708595923,-0.043092644820935444,0
-1.5378543933968636,-0.520312431299592,-0.573029683193527,0.40141451189916794,-0.25233938024571156,-0.029903267550056147,-0.42830156383848356,0.6454987772224314,0.09816321713623512,0.48819368604350843,0.5441431028431709,-0.6277219253641283,0.8072148703684063,-0.7815609512788753,0.09919282947009422,-0.21771657070937694,0.30632891795254613,-0.45741404531703983,-0.07384022074145524,1.2081614875485915,2.2345907321796927,-0.24461497929716286,-0.7808619813712773,2.0997135479715765,-0.6950028472437585,0.0770691716444451,1.7802204775008255,-0.7481819952106913,1.1544692689566605,-2.0524155212403272,-1.6608025763685055,-0.014095949497885469,-0.6915342655096174,0.44197281357932006,-0.46026615159321604,0.7258705726942115,-0.7458381093937781,1.6920343164949612,1.1036563766189622,0.0831258378430564,1.1511469904629918,0.40159194432804773,-0.5891984637042688,0.5074995276645622,-1.3801131645427358,1.10194117698051,0.7441983051377935,1.7216348863780147,-1.5143853552671964,-1.9125320181458014,-0.10695822853726888,0.7721120738477625,-0.9793298229033159,-0.32275595791261563,0.23365763455111607,-0.8355812853605705,0.495842019944546,0
-0.7895882802048527,-0.7484470327979424,1.5312073256306167,0.7293740870380433,-0.403315773703153,-0.46803729325610427,0.08561515476021928,0.6366580471835599,0.7857898856540585,-2.05143651256814,-1.3882576904588961,0.19520882529494032,-2.1809671207216144,0.2258179626211571,-0.8354424482580239,0.1695265862396617,-0.11118871321016657,0.4399505165054133,0.15700524511005062,1.05983347024261,-0.9870930133905905,-2.3151065275264204,1.808513318334157,1.100544333081186,-0.8567418894969472,0.5884817305438462,-0.2038502664999883,1.2929998875801176,-0.4360821919020328,1.3535044625596346,0.439961125943105,0.8693228268544664,-0.6076065510483261,0.7223936646141307,-0.5216562432959054,0.640563032437438,1.4511179271695007,0.3573436560388675,-1.1578224833320767,0.04551734183591669,-0.4647515846703164,-0.7630149745215886,0.8821297632893038,1.7223078199240558,-0.3031390856924134,-0.287864752358577,-0.1787098309909826,-0.6093663375015099,2.139691163003053,-0.3515125662414616,-0.7207489262189973,0.4029433165600777,0.18787122252483018,0.33980503713158355,1.223222603005926,0.9944466051634254,1.0117962160498333,0
0.4463763030740007,0.4425577396305212,0.308547998479115,-1.9690599354792933,-0.7350753137889962,1.286878169667158,-0.5819201343600112,0.024656035790266456,0.6140898038552391,-0.11488934680195408,-0.2777411448487385,-0.07340417821250135,0.34785721742233516,0.8819036214555955,-0.6642201444227639,1.2279676830077761,0.1704118210285832,1.2173538338198902,1.2968930989832421,-0.3841814626087686,0.19209416909294036,1.5235828960439777,0.07204419891191892,-0.1813934029520823,0.4293662507061257,-0.46890837174104255,-1.1735018001283062,-1.9251565828002712,1.259799927287905,0.0031313133383582205,1.237575101745306,-1.6832455759451799,-0.4100069190905608,-0.3254051396870523,-0.595387903090503,0.7505209876319564,-0.5207655908055437,-0.8822733251694111,0.24156489566722875,-1.888029544838841,0.025549899522404225,-0.2936684454124807,-1.0100254383859268,0.5649570168743808,-0.8430968169627373,-0.20165676950458175,0.07461035833226895,0.3580281890005696,-1.2005498327906847,-0.1652608060025996,0.22393668331045158,1.2180532576085907,-1.6917206629764927,0.7377030478572644,-1.0809700280673264,-1.4435826552501547,-1.7675206172163833,1
0.1918977653011406,-0.056489023575779077,0.5055431711688425,-0.21032147900401305,-0.07869483501581033,-1.8252071713564615,-1.0447821630000864,-0.9312793044192723,0.832804864661276,-0.23278762246841345,0.9802126442710569,-1.150873456458842,-0.19573845691393696,-0.8981846099256598,-0.5545808611806459,0.43850609943318575,1.0765644149325697,1.3852467981852679,0.9659337350551557,-0.48248196226962325,-1.3124404658525586,-1.1698388549086487,-0.019029116390135856,-1.160612454888503,-2.6319606539912255,-1.255255594156695,0.41987974599213024,1.1719312684866263,1.880430348618398,-1.2494199242453785,0.7063543146393191,1.2302581296809898,-0.668998283869214,0.4742034719502314,-0.583876862151524,0.4669009313424031,0.8650610356462028,-0.3183620102180219,1.5970704618585059,0.9401583274515563,-2.371483576001554,1.2983029838745308,0.21954315209663175,0.21219925200280695,1.825689076392903,0.018180107515962007,-0.27896393682761095,-0.5884550244289142,-0.6222573759657104,1.6072667695197729,0.3391196737573965,-1.0367047355899162,2.266580860473898,-0.012961224421673394,-0.06693728158934983,1.8896660471052316,0.6258188388716143,1
0.4694273960926589,-0.5081517013118587,-1.6539923976639954,1.8735181420429503,-0.9799436087555723,0.9216784258710258,-1.1776722237286041,-0.22822861897048968,0.7443493122171083,-0.2544558523835038,0.3105592423552941,0.05297927253611591,-1.73742744362763,0.7147380847831603,0.6165360018617327,0.07875189177011693,-0.9845613940543935,-2.1227656686183147,0.7496480836543306,0.5253531387817487,0.9475544968395434,-1.16521286338771,2.114506496967406,-1.0788470553067027,0.5720025114692961,0.670368425298302,0.2430564359165221,-2.0151137111547093,0.5721935190841261,0.6125266249823688,0.5446237243078896,-1.2127880484754006,0.8648674540539159,0.639592638919182,1.4016856873464714,0.21942080774460543,0.6703345835051253,-0.011894487674503849,1.6009956324711998,0.12442405886579871,0.4618438539590409,-1.5143119994429308,0.9934339359234441,-1.5126680720761416,0.21612069281975071,1.077457923916841,0.4497674865243823,0.79624578682555,-0.6680873744629886,0.3492333945813303,-0.53394961886468,-1.17249753229083,-0.02411521978351918,0.41077634183290684,-1.2400593000428266,-1.076789624154614,0.16594711769441536,0
-1.635452168967036,0.5383377787751844,-0.38199963822392063,-0.8863876095850625,1.4035167096394199,-0.781091795685229,-0.15775196840328842,0.738798457059635,0.643609240727543,-1.3616715844644953,-1.8792247063696759,0.6544443858216803,-0.06754332241643246,0.46888949313143646,-0.35342479653426695,1.128586732834516,0.3546919752966813,1.105200101778458,-0.7863747800748179,1.1364670082053485,-1.1427444126833604,0.696069647760579,0.41101490558270687,1.19401546745442,-0.8080379861494024,1.756780802416239,-0.42206792327046594,1.722856192970432,-0.8776484191642925,0.5098274397789816,-0.8982527580434647,1.3213035432216074,0.4258858854033744,-0.201191188445452,-0.8795060421149677,-0.8918274575244376,-0.501017725576261,-0.17202524235543817,-1.587452351357642,0.7331303096845418,1.1248465148947568,-0.40447985098225003,0.5560480072215912,0.04263376231317074,0.13606419895690489,-1.8153969030056323,-0.861711002582466,0.05170326907318805,-0.19625243457110053,0.4471331394898854,-0.19565488687907068,-1.0631655908717046,1.3609271599641848,-0.2239313617080631,-1.0329934910593188,0.645684548858711,-2.203538177407589,0
0.8579159507529057,-1.3605003438700443,-0.9368591231993806,-0.48982780753092353,0.4749519619388135,-0.22150095825024224,-0.5140495100868462,-0.6244658772530536,1.8268286651475087,0.822640242439441,0.06273749900679865,-0.13161960776504208,-0.3662881383260899,-0.6166909791738439,0.24246948719831166,-0.9350124105821346,-2.5386433398520087,0.21228653115958102,-0.20510057483339533,1.6636770979967046,1.5906795792974,-1.1892034809874215,-0.5443848661978042,-0.788151130739136,0.9347003609503681,-0.8973712382259351,0.4906854571135258,-1.2820113783891345,0.7593485081488232,-0.9295001039839825,0.835658514100382,0.6000784143747138,0.5185191824632023,0.7183229820636475,-0.23030915999460727,-0.5389460405950526,0.930256470711286,0.7605810502336927,1.6114782769804352,0.48141231582251787,0.815738899496658,-0.4912414459811034,-0.46673858072323304,0.6048235501872491,-0.8796899730645646,0.3171539940791866,-0.3705515099808691,-0.8234618371067924,0.444601821194345,0.9347935430634408,1.0664501804044915,1.1762561788948058,-1.0038750599883262,-0.3275913528328581,-1.50902725455893,-0.21320955454408347,-1.7940157962192746,0
1.4829794580711144,-1.0487488597042025,-0.7265733175100463,1.8205094502060823,-1.2749146325565557,1.548283617332075,0.09718256186230723,0.7251024767231689,-0.5556941261821687,0.1620381080383151,-1.5492448429875372,1.2670043770464587,-0.7835402663432065,-0.5437817943523618,0.10723339413665052,-0.5114877172165313,-0.47488766852870473,-0.33374660133859735,0.5330028994730107,0.7154520834250582,-0.8318092755920358,-0.9147525647777344,0.3093274242846329,-0.1867881372211727,1.711464833052694,0.636778395836353,-0.9801056068116503,-1.3568328776149887,1.6279658988697148,-0.7105203931904678,0.48402486518444654,0.4777966556710932,0.482858960495126,-0.5330328433554199,1.1726128240677212,-0.08153899461005702,-0.7862286894339557,1.900357853064261,0.763096144243842,1.4017848203288703,0.3309301225785719,-0.6603988996618799,-0.0507193066075301,-0.32480908554777116,0.7163839605661226,-0.6128721852334582,-1.0712363027067826,-0.5773073111097682,-1.9500013925087976,1.8576281574028408,0.4778971856846573,-0.7223578755021232,-1.2422624894437873,-0.49245368093424846,1.655004662511845,-1.3734751070892597,0.4314707693631946,0
0.05416032904792845,0.00571340288427941,0.007231627979164295,0.35717912015041764,0.7797880792784221,-0.21182719987122448,1.5912722212876937,0.7916187782759139,0.43680966418596,-0.19929928125473778,-0.3446707562272791,-0.7061960397293787,2.151605258955156,-2.206178795925595,1.9491750155768293,-0.1321925759117245,-0.05458480159437137,0.3359222511955696,-2.5845141724941025,0.03341453854671794,-0.47430585822389437,-0.26773089027974506,-0.6324797489253684,-0.6145713606117762,0.5897259891137209,0.1813571191027872,-0.009327035090530794,1.1089017092099658,-0.980964279208019,-0.5572379614399218,-0.2589877454906632,1.138416488436151,-1.0979367619437894,-0.6246610161021448,-2.9258252002142178,-0.06037021038898382,-0.10995668170048614,1.2763281622702747,-0.6878349920376375,-0.01311895941664896,-0.6848757636772821,1.258886972691241,-0.11901152062420989,0.1524098945053183,-0.7205125284653602,-1.6274162851839284,0.6952205949628045,-0.5722316870024419,0.043169038962277036,-0.6980410906777994,-0.35083756866783794,-2.479687544616714,-0.501514373601803,0.4188682111298661,-0.6476587007059164,0.6838584714658089,-0.18794652521444444,0
-0.4915134065363065,-0.10417963097920098,-0.7727820956445741,3.217405498042236,0.19043140275001497,-0.1286572026389001,0.7419605445601931,-0.10044784816214068,0.3987849358236837,-0.23685164441209755,0.06786413120757312,-0.12351093561427043,0.8733457938318405,-2.6410958224085808,1.0835000674276232,-0.8918798879385142,-0.4817923770466918,-2.9460377702028016,-0.2898582832283901,0.0841769396793203,0.14692621890438096,-0.2688224412409519,-0.13923213069378376,1.755407665953628,0.2255273297201369,-0.8615144907226762,-0.6261195691028327,-0.7874042973774728,1.3397387619961822,-1.2206336855001478,1.461093798555821,-1.3714769244676752,0.17406879289261154,0.4639261339852393,-1.0129174901499325,0.9649436068808094,0.46229150902743277,0.13165193214782214,-0.004666396244126488,1.542006961108696,0.8326888672556572,-0.6848842468124204,-0.8549643788219621,-1.6117994953592016,-1.1231266245111653,2.5497944075828363,-0.4376476547791118,0.8266439712930768,-1.5044585310638772,2.4281970039080014,-0.5763066042128304,-1.552474925441402,-0.8504972871322416,0.520863940545476,1.2115990368213703,0.6054757340012672,-0.4183351079091694,0
-1.4086322437936103,2.07641183287121,0.2919812500413485,-3.015463498294655,1.4176997438147105,0.9420442574433407,0.14368068715312604,-1.6366032787823093,0.34478193902264576,0.6600136034149373,-0.9404631833605798,-0.25994478447782104,-1.0700635656482478,0.83223780785943,0.22813112811020667,0.6476036767968106,-0.08931154813735931,1.928681157939006,-0.7736447011527487,-0.9584657369600128,1.1952294413965967,-1.2275058577986655,-1.1531033112138294,0.5243464557660071,-0.9575915505790477,0.0276309762695727,0.4260767361431264,-0.6121936687090661,0.5559882674069325,1.813125482213542,0.08814166274235799,-1.9027988026156621,-0.7818840578313074,0.6655403990432268,-1.3390951767105301,-1.0299668518252243,-1.6633524072040926,-1.109818769502058,0.41161990998526526,-0.6473077003869789,0.12786330885889632,1.3774308275583302,-1.6279255807150261,-1.2947697446636277,-0.006859077198102667,0.24796411648806402,-1.503796194761332,0.014881417470544663,-1.7169588023145281,-1.2547752194433461,0.5128940472702341,1.2785046654142438,0.6043120897016467,0.3667401327477089,-2.0195754056297455,0.7145537174184702,-1.806625317017399,1
1.3576174585911953,-0.6938739667604787,-0.6569237435993736,0.65346240856304,-0.9757011606595972,1.0697077556262917,0.2223519283827909,1.0675483795694145,-0.011412793335654254,0.3563763914565997,-2.519024593614719,2.410704940861592,0.6236895882042369,-1.7750048155157099,0.6475934183195493,0.7069863505308905,0.6400807839747353,-0.17567705757680951,-0.037959973529857964,-0.45268003487239517,-0.7649833013478444,1.1730548320309613,1.8601266957454852,-0.8615697959861368,2.125356757189201,0.26306737835885297,-1.0412909716056118,-0.11365267964785776,1.0455130101340913,-0.7156110533695621,0.2776571538643317,-0.4745214907230404,0.6448515779597029,1.3630531503408294,-1.259902546626152,-0.2166603984656583,-1.3336731659822136,0.19918230095913475,-0.12124731526007199,-1.810972844641557,0.4183569815694807,0.9954790040833751,-1.8215112267671991,-0.4578284361081944,-0.30237468727139954,-0.9657005935051709,-0.10403547836870623,-1.6299925812882712,-0.7011231136642769,0.6755098086155242,-0.03759209286352946,-0.18967039811414194,-1.2948658932949748,0.2772613895293075,0.8379042671816709,0.63084558174412,1.3703636386643125,0
0.24263069929626535,0.5631711142852148,0.26858968830519975,-0.26488937871457924,0.027245315533922957,-1.5614181143031853,1.1483008481988,0.1828556793749652,-0.45118231240661605,0.012337125162483888,-2.6142404036001263,2.130865880670244,0.5993686992320953,0.03014410598345153,-1.3995070103342284,0.27973904198977934,-0.9896056557787267,-0.5112402377704554,-1.1830423099298408,0.8353887722381399,-0.4791948724959451,-1.2337027391129514,0.8701342568193486,-0.5398908631744299,-0.09327254557185523,1.694909917132429,0.5710486037870175,-0.6446685326555341,1.1518238284494347,0.8922802332362594,-0.9493782806767841,2.8131348372422176,0.3028215965356685,1.1707143063573118,0.11504096283185763,-0.5407281255543549,-0.3856177985379556,0.707921266014777,-1.003236032039668,0.12686115350654906,-1.7479182085029303,0.4777333007411418,-1.094848717410305,0.9016335083438372,-0.36240855404824013,2.3016727294945007,-0.2005408500052658,0.9994601895109999,0.6802621932383771,-1.3295248307158132,0.02924777407966884,-1.0831508615495988,0.5108891152200377,0.4653806887586124,-1.2625781917882237,-0.32171914685637487,-0.3017039612029275,1
1.267752670736758,-0.07007827191224546,-0.6498517599051115,0.7302552953371028,-0.8312791045223686,1.1562636392720902,-0.5068539708600088,-0.2676995618183957,0.8801634323331747,0.020933061826088988,-0.7036494070923093,-0.2096732034625992,-0.19992171178746146,-0.4319688669546274,0.38270226248424616,-0.22701967707306436,0.9293897152224996,0.2117508599750902,-0.21799626400516853,1.440990532857803,-0.5571602878777768,-1.6719011658968796,-2.4978354346173295,0.095928775849105,0.19287099813123212,0.6578116657590292,-1.113289614207982,-1.0953231642868846,0.5179330505053588,-0.26552620565752644,-0.3018375972458747,-0.26808639768238424,0.27538536332930935,-0.8768217082293376,-1.1345029102819828,-0.603576533018846,-0.09949050482606764,0.9106035509620939,0.4521110463204449,1.1428471087498617,-0.38387808340770196,0.3884336374181989,0.335245763150472,0.13516932998585862,-0.3674479466505291,0.7367499590433965,-1.0326726425848458,-0.18979429917865215,0.25301637658732307,0.8372060254776081,-0.5614120246590742,-0.08275775421520774,-1.1535608154679107,0.4160210941017665,0.14493572685139536,-0.06226515299612029,1.0215184973700853,0
0.826954035961725,-0.14537796275867523,0.2535766112509832,0.10113433632047651,-0.8704770701142673,0.07732395948431396,-0.009827481028888094,1.276050756932889,-0.008258329265978403,0.8997367892809247,-0.4311437588004135,1.237244986062355,-1.5623960091472344,-1.9817016954122275,-1.2043798833184212,-1.8837839762878523,0.33683872460682224,0.6804340954022817,-0.7798752568316103,-0.3827505645358076,0.2578330030976101,-0.21741599756198737,-0.2165939204053228,-0.12358521082300399,-0.6505689602166144,-0.5357755542432651,-1.1626027527162508,-0.5137128530834856,0.696893737712738,-0.18322906873244466,-1.0470413433808057,0.7951516812468791,-2.6196824152930196,1.2266176080580395,-0.42893714302533176,-0.9684972750295898,-0.4484997769127572,1.9908894418521268,0.8952829867815164,-0.46782962536783756,-0.7528940216769529,-0.006268416967345924,-1.047426038338186,0.5139641427181213,-0.6611965607002557,-0.8250115084422288,-0.47296941191243147,0.5960222824645643,0.039077932931819895,0.7286066458991376,-1.6388240352669918,-0.06832631864786771,-0.5236507007874549,1.3262524550915777,2.18760469495917,-1.6958528869144531,0.5393410312787967,0
-1.5107989472279086,0.11857810811019023,-0.5808999918130864,-1.329035409985221,0.8809668014151114,0.5225442633213488,0.10894680698904129,0.12362808770252401,-1.592285529444111,0.45565737568391806,0.46450560515490263,0.8812657264011683,-0.04564047652275061,1.2538301206206832,-1.6289494194210552,-2.357091829901047,0.07161525579849186,1.1576746669200557,1.207642463356682,0.691716727612619,0.7362304404112252,2.124507681882923,-1.1150748062658524,-1.6342401745610449,-1.415369035513724,-1.5754705529474746,-0.7279717371025441,-0.32613884153227995,1.511716891031724,-0.06886024975853691,1.9535486122555945,-1.9964447335515036,-1.6944247205592113,0.42754707817925863,0.2443685700128409,-0.4225652827289066,-0.12351499469816099,0.9480306094296668,1.2322804395918416,0.18448854782306176,-0.01810859085848701,-0.8266926836819882,-1.0998101339550126,0.5892792837540282,1.0025945030512506,-2.2247633919774907,1.1108674074384828,1.1176707240346484,-1.47670483505126,0.9632177066554917,0.6817027751037105,0.5721242113830488,-0.7187289216857666,-0.3112924467900747,-1.1784561078365734,0.5921288320836153,-1.0652269099165816,1
0.6604128784271031,0.21150874555112573,0.7656061293977876,0.4595719900449358,2.128088473353114,-1.0486389998607109,-0.8935151582654163,0.8153488257660579,-0.15700213781715394,0.6453669552641784,0.41846232912846676,0.05733328602030323,0.3655561910296714,1.9745047711393533,0.8625217707197325,0.8025721513530298,-1.5867631309130794,-0.6206532706031725,0.15396018731773906,-0.5369259942807454,0.5250187648662071,-0.539748451052211,1.3208743054655954,0.500433890934788,0.10828647523684135,-0.1983862409270001,0.8370650314505395,-0.42071367479619043,0.8154101583704292,-1.8350270613706898,-1.3955493274683897,0.9057442472852749,0.9579897415103884,-2.016563562754875,0.05636829266774766,0.8925777482055722,0.40507013707216083,-0.5389723074733478,0.6765953566023171,1.4395653495473737,-0.1532194377711359,0.847067277958851,-1.2837076299644736,-0.5602586569831399,0.6402134093052776,-1.1213111878067812,0.22208992075502296,-1.1172038545170662,-1.027706593594091,1.3335385197328822,0.593799945946578,-0.3594325149294707,-0.5908833733103478,-0.5230852334156849,-0.22847536978748892,-0.699439847330501,0.09756811629886199,0
-1.4787512666627776,-0.7246604451543933,0.2650016711963461,0.2001723315248887,-0.8204393534337925,-0.26471046442260954,2.4169993144072173,-1.8037281169247799,1.0433002597652918,0.22359700003405528,1.345266918586903,-0.15718762466246136,-0.8581947512486231,1.4494496558389032,-0.13506804013161502,-0.2513529153169134,-0.3733409893932754,-1.271542837724865,0.3342754901992974,-0.045747904730022944,-1.0324204947968845,0.5212830647775466,-0.596631444864067,0.2276150026295494,0.05491209123151234,1.0502121163918094,-1.1270962990654405,-0.653360607406501,0.8664351556093364,-0.9437426255415653,1.5030178328651593,-0.6461532863592196,-0.6864751454805547,0.6402364177445772,0.19525527193199896,0.23400467172317915,0.7651979353916318,0.09077325999521918,0.9219349120247581,-0.053444045536278184,-1.0404890390951234,-0.9959124091079028,-0.8747574330118211,0.995295647854028,1.2257563406155645,-1.4142146608441892,1.0607559163473588,0.49881553478281754,0.9142880349688368,0.3154932891463138,-0.864488068287986,-0.12262440357859353,-0.8102174742459249,2.909852285860443,-0.8735752392972098,1.2472259323547832,-0.8776197075636667,1
0.542665022753162,-0.19405552996279515,0.7767318939044646,-1.6259486900202043,2.137909818324859,-0.9738474824098113,0.05049232685785781,1.0919951357341267,0.8344024635263639,0.9815053817028129,-0.28442900525068393,0.20216583160706134,-1.061123430359882,1.4253117083141715,-1.6321491591843174,-0.42150174501916293,-0.5887748755654864,0.9661870320689542,-0.10528306737703813,0.941333774585727,-2.1020472886153536,0.696591906082567,-0.3533553210482089,-0.4983192730184123,0.6152694398987109,1.5104840842203502,-0.565599306608457,0.5539110195532889,-0.5177355610499483,-0.5081814473917556,-0.5580130290788766,1.0900089639407382,-1.4042407501362306,-0.5390650602152199,-0.9190652639469347,-1.109501828965377,-1.493573375230079,-0.7696806143530258,-0.865048333840749,-0.21071967740748615,0.9676609161305534,-0.17401588974710294,0.42993339156301996,0.12607711870663516,0.5441316432034691,-1.1160981190398154,-2.1082376083702408,-0.5673619374512738,1.6070880684284834,-0.3927535136155422,0.27837396520567537,0.2942363431760496,-0.2002089652232685,-0.1054740480383148,0.38529745572296836,-1.9044263855107821,-1.1856689561256994,0
1.3988127712672638,-0.14595738813575654,-0.5678582048006746,-0.32697117330652503,2.0102180038853183,-0.8142169147347114,-0.9471521654044748,0.9321859632769376,-0.20776653042713666,-0.8116394203904165,-0.887265823125715,-1.9463325978628954,0.7680277656825257,1.6352245976970818,0.5818858162965229,0.30023487855542136,-0.39506845285375386,-0.9245962050002487,1.6626251371605427,-0.6151468868483071,0.5258084576402033,0.431870180695829,0.03508717412007455,0.6733849077118054,0.03486334978305684,0.2922123381822662,1.652948240343978,0.3835448931544751,1.7311941125794041,-0.025787987504428418,-0.3705993419626588,-0.6781328859855298,0.2953315316813393,0.4133841524604104,-1.793368689864204,-0.4671837356512725,1.385783324029118,-1.2647892735869906,-0.5155675042915477,2.17447975952198,-0.6980659721284879,0.3182069583646617,-1.302538020440398,0.3706210426282916,-1.5160769974551103,0.06693224276552559,-1.5742084862718586,-0.4919337842409307,-1.4215247206491362,1.629192589869535,-0.2731249634741228,1.0320407699636622,-1.7667658352235953,-0.09403485893609423,1.205494037687808,0.0714471934084002,-0.7283775756772936,0
-0.5786266211151533,-0.554330554641108,-0.7037703363259495,1.705205625536837,-0.18827662815364402,-0.6532019995525515,1.0662310134718629,0.14400053666762183,-0.5164213679177646,-0.817709555037831,-1.4419827800495548,0.3713174750488422,0.007428399159243567,-1.0488219983798088,-2.27692547407355,-0.3111735258584966,-1.0675282932239802,0.5659980609388272,1.0786331847869792,-0.2214334485426889,-0.8180730114168894,-0.19914417318813718,1.6576032602144974,-1.037215082654691,-0.5445378355306555,0.794677339657442,-1.0353337843831933,0.9204950607127549,0.9434208387109342,-0.6491196770732102,0.6873785512701953,0.2948676032311998,0.5453899090975541,-0.11098379701343099,-1.6293303328772786,0.3769312406926082,1.2320734149195722,-0.18513159594941617,-0.02505137897090138,0.5677354140699163,-0.9247248620585374,0.4905632233982723,0.5952035100410042,-0.13894695817111732,0.5480636160826183,-1.3413954698979953,0.8236877499704125,-1.2328043751096198,0.670488781609669,-1.717151377954448,1.0915136059908839,-0.9850872749373552,-0.7504935547794238,0.17185582161101615,1.8126541425656169,0.8902571796197508,-1.128457269906526,0
-0.12050667840391491,0.5643463144568405,0.08396203307575031,-0.7759121140925855,0.012834673740717216,-0.7437979163350167,0.3525156307398704,-2.34445776091029,-1.686980449007682,-1.690254714502053,-0.24873171425283278,0.6586290615597911,-0.38692513436271037,-1.486124715444595,-2.2782477982536498,-1.7598763460896487,-0.7576504005851177,-0.05490503382948317,0.4154670676810878,1.1451610438763746,0.7170027812437779,0.05366480525350788,-0.5676957665262666,1.4725691987790017,-1.087584763931961,-2.3450166120018987,-0.11030804522068705,1.266028733926018,-1.2339902840985255,-0.8576151881234056,-0.12002204673793394,-1.1721877400034089,-1.8807617084812438,-1.9137170295203023,-0.2654270110934335,-1.7167147117997503,0.017571192446559553,-0.44181138263066594,0.6605562501205009,-0.5510872421266635,-0.7224732779571368,1.0976376962860817,1.086247310191899,-1.2257235569300782,0.48772998380842864,0.26395088448293713,-0.8013162314574359,-0.11484374773068934,0.5873306074003708,-0.30063513966525984,0.8372775011210476,1.9555175525134443,1.4921998716638005,-1.1498411868770806,0.36637575555049745,1.7948651158955233,-2.0939016466991944,1
2.007300556587054,1.2205278273588265,0.07537248971710965,-0.9854186249146405,1.4144557132747857,1.165910475140224,0.23326400565294203,1.0267255415433378,0.17339620692149477,0.5806076206811285,-0.10956544706059897,0.15605640301412624,0.4658668689144612,-0.08967868461287729,0.7660450406433426,-0.027350800826966046,1.7092905310207909,1.6405260344963768,-0.21310817244015015,0.3787545898035236,1.0687840159621165,-1.0366458662741178,2.3267044146691855,0.5514826650650216,0.4798264207360013,0.17138071667715407,-0.39325269962532344,-0.8983731718675052,-1.0843667800204693,0.6496283725187537,-0.08281906765563377,-0.8933680120123633,-0.825265649167314,0.66286934005819,-0.3835442386995557,0.20589671944851903,0.6383565728908304,0.35940002988709835,0.6426509661370889,0.9136559535827398,-1.2947512420465332,0.3134805642437474,-0.5536626883462701,1.0134432747906892,-1.0606578588917936,-1.3183088308441748,0.5385286254402772,0.032599046591567316,-1.3886068602020378,-0.19328065539879102,-0.8085087479224926,-0.7933097068484227,-0.5678594853179635,2.1606201126069178,-1.5690759987719327,-1.1585578190566816,0.46413888926764957,0
1.9667210270780826,-0.4748785680583585,0.9953530712609246,0.9176580528835739,-0.7895165248738056,0.41399184498395497,0.4890487897546161,0.7519817589319999,-0.5024897972245409,-1.7677912919175371,-1.0129123598249634,0.5272577926215262,1.8130969181845351,-0.969423478529733,0.1750690962477891,1.0280117222513978,1.0594269337260809,0.061168166757392874,-0.14695883882267322,-0.17116009714986083,0.07189978692295877,-1.4987807315032395,-1.3590393965719243,-1.272426484423193,-1.5369980110310533,1.3119573585254316,1.0131968220757992,-0.3551165270223759,0.17835977272959047,-1.5363778200210059,1.103686730638561,1.6921455444856677,0.7137178501770362,1.2131995597157066,-0.21095670310640185,-1.8893309143138424,0.3475015416230465,-0.8611333882724663,-0.582788890365661,0.7614688463953733,-0.29741565518325846,0.1763382905753115,-0.22555304176337723,1.2912948822928099,0.019136509499670985,3.1596905797268713,-1.147046592986204,0.9223615090371842,-0.25268201769651205,0.2209128302957241,2.2456655006852544,-0.1527705526302706,-2.1190743230161884,-0.4270767460949291,1.2183265279960236,1.9194918042690783,-0.02012380759658953,0
0.46770079697951883,-1.0589815968300078,0.4028535274579159,0.1744674314873434,-0.8814229647462422,-0.9119750678445313,-0.7369290486917571,0.7237381027681674,1.0398822522264364,-0.6064782201656687,0.09877683089470579,-1.6240819787984528,0.9122277546848107,-0.14421806150659447,0.828430371473838,0.36788262308239866,-0.8709433880329849,-1.7867081848704405,-0.03307803594618391,-0.8096398906541381,0.011917233770327645,0.776339798046845,-0.11750197054819264,1.71008151617728,0.3160073043449079,-1.0369995697181227,1.007481505047434,0.7607244446321088,-1.642164970402338,-0.9476128654061104,1.682324928219409,0.06227774057920323,0.11589661784537172,-0.8587024606763866,-1.3635890215049784,0.848874138189871,0.5840489459024149,0.847729951571169,0.5058967369533758,0.8329439935325179,-1.3229501172212963,-0.16887252813923181,-0.8864216285490187,-0.6828097664447808,-1.7328841300170934,0.5633084751397462,0.2540480643436725,0.05542349145605183,0.20010211527817004,1.1091693911198977,-0.2911717219712812,-0.4351591524958637,-0.5516099730130753,0.2666370115073672,0.4085459439832028,-1.0351220777780519,-1.5460823803173918,0
0.0823965613841797,1.561946047822092,-0.2986807628120807,-0.13363740808306993,-0.4929955378285214,0.021858027908277518,-2.3685013222610802,-2.3928530478687744,1.319500907761498,0.9895733413529891,0.35176860217694816,-0.8462907845751105,-1.3616552241608197,1.3163390194202773,-0.2606228950131848,0.06382250966756328,-0.8846579927689494,1.2730826237275044,-0.31294030161329894,-0.8082421242650505,-0.17568601502538422,-0.0944361242010698,-0.2608311884733861,0.8406157731929637,-0.0441344777233415,-0.5561120866795287,-1.10695027537216,-1.169948479982261,-0.041483836316110356,0.5142704965261731,-0.796092119261371,-0.9711714997877124,-0.5226297017625192,-0.9988265243271829,1.4020182393422345,1.063635778930813,0.038587512901692135,-0.19234663408269997,0.17231432200836405,-1.32754412295755,-1.1156084052392061,-1.0137569297798874,0.43013684520484524,0.14376297001753324,0.898945800122689,0.34464097506250485,1.043667250641543,1.624159612686404,-1.579866479783338,0.2472683121197631,-0.1690266143708639,-0.1705486787801842,-1.4216956483477552,-1.9607759986817372,-0.369900562825549,0.7242273718690886,-1.295740036404575,1
0.7148193737313056,-0.24229262389915696,0.30304546988738557,-1.4289370540493682,0.17271931900286688,-0.37368537403239943,-0.28210096019513187,2.287401266505026,0.2310248623390075,1.115942296058819,0.40038765251604486,-0.08824198282504082,1.421077666604469,-2.177873874978289,-0.2405584075357996,-0.057197107438250086,0.2203995138404381,0.06569637167810095,-1.355034891641423,-0.03714306888935991,-0.3185990465954483,0.14082017052648438,0.3866709602638004,-0.9926199154173557,0.2601930856202078,1.0982986484064021,-0.4424126677633654,0.2660825511560668,-0.5255625650778408,0.904009817562448,-0.12830747710993862,0.5547593673496191,-1.6789155616726774,-0.13291374883287937,-1.8054353840517787,0.2116980871899952,0.13319602000221575,0.4675912101910918,0.5966206659293656,-1.4927490260203522,-0.13122606608643128,1.400522997318645,-0.6862818742125331,0.740985799790159,-1.0706020449293043,-0.7265732644054272,0.4688926042273908,-0.1986330619001959,0.6013847708738234,-0.16791960270969997,0.46977505093018107,0.49261766807626783,-0.2014320228411182,1.8852080367075779,-0.5049210937207465,0.5876996502218393,0.19274859103792433,0
0.513507671330307,-0.2135204803255313,0.13846481117323156,1.2932132011729107,-0.9521184426701916,0.8318476858932458,0.6529220006763067,-1.0395694160070046,-0.03393008659341914,-2.1630672563746725,-0.5110901224677041,0.2982576954079493,-0.6701542302953287,0.8653091204851607,-0.40107123983774745,2.0022677376390305,-0.2122136896055444,-1.1580560304942495,1.418801087184898,0.17757109866045548,-0.17581199205450607,0.5591897578791972,-1.2404389169181165,1.100952501533319,-0.6033481364485735,-0.5189505399494877,0.6186680137593193,-0.4851666801912469,0.21834116567010878,-0.6006936918254051,-0.03630668626700802,1.4125924581634335,1.4632233294790495,-1.3688386710624796,0.48073316184284326,1.4170060829274358,0.9798403886533821,-0.5404690256479869,-1.0546687134172692,0.3806685780419097,0.16044994571886445,-1.7607998445357205,1.60214400067871,-0.05867798550632731,0.709601300684053,2.072421484357639,0.18009440453417846,0.4896637081462029,0.48629414504060275,-0.7128413784465999,-0.031164444232948556,-0.7607563664552618,0.9982228425599637,-0.6131601572918071,-1.4583362149986077,0.8575925570181268,0.27668854371266743,0
1.1535506110552018,0.1085818640816579,-0.7292398573303457,1.3458651328598004,0.3960970620580017,-0.12869698200138524,0.4669569821383453,-0.9930696856849225,-0.6321772776091904,0.9169806026903283,-0.0011036319035772559,-0.8740926015758389,-0.8946545155893775,0.4780495453438424,1.5682055300397488,-0.004417900036117374,-0.5603601919321128,0.9045289396887707,-0.1213972731485191,-0.6107551357659285,-1.3738711800385677,-0.5256609662830597,1.0116510224062982,-0.4611541660241513,0.7380110806036265,1.3518331605602671,0.2454490319912077,0.09953219518258793,1.3442634602292476,0.1140516288958098,0.39193734862353596,0.4541486769609233,0.2533466990835726,-0.6282104570020605,0.36565724960029133,1.2072387821782808,0.9269355243474583,-0.7377226085729829,-0.6542861559767367,-1.1516687693267573,1.441347076762326,-1.2719207951026348,1.1466714725794929,-0.16277328527594684,0.5033266303844284,-0.09494961682229214,0.9529172469119194,0.9703446755221471,0.0532187434743945,-1.546109235848868,-1.1377700104905049,-0.5516767535040175,0.026007176632160844,-1.8163730507689393,-1.7883119237820455,0.7263099175068433,0.4316495160703189,1
-0.9033135808329418,-0.3967207565441896,0.3337497660410421,0.24910853344709044,-1.484295472727125,0.9099109496303472,0.6045999581712215,0.017539570652989608,0.8162586863866601,0.04433057102024298,0.2057143471823833,-0.5691236388644828,-1.434939052700056,0.09044524200182026,0.2984592234312399,-0.41457684739872863,0.1625440145991646,1.3552641098293172,0.6552766089157802,-1.348487459958097,-2.1981248729722647,0.8778757395419151,-1.0752941573801242,-0.47466850608998995,-0.6662668959954775,0.7524490563786815,0.22977659723779015,0.3199792249542531,1.2047847556366227,0.14165214703930887,-0.5557305345373172,0.43022165903534254,-0.8519584514760645,1.207235085179863,0.5462301169654891,0.4515562908526497,0.425988503239037,-2.109077088437709,-0.5405345729960237,-0.16787207792532796,-0.910489044875482,-0.9537408483608875,-0.08944116818171544,0.7096053798917137,0.9711255647979309,-0.20393313471358077,0.13201045138961057,0.36156159664735654,-1.0418176551049956,-0.6579022915875276,-0.5245836193033234,0.515681514642262,-0.5118298511220012,1.2337086859444193,0.026256120176361156,-0.8445939819947581,1.5116303870890735,1
2.9296030437380045,0.8662773741666667,0.6681678317167022,-0.8464496444144816,-1.0713658062175284,-0.21405862707796847,-0.0549056216105628,0.5359467403692437,-0.04798384065556708,0.55967638631178,0.7439746234835045,1.2758916604556354,0.9491716614812494,-0.7795040295667356,-0.9047496013777223,0.08451369738449531,2.2212180421154475,0.8175153052895339,-0.22018771628207276,1.65580952021169,-0.9002817174719534,-0.23971696232344292,-0.5664417172507854,0.2631116643020745,-0.31225604686267766,-0.10432148681376978,-0.006906412771644799,-0.3927412149461289,0.3785242316446707,1.3405217430539949,0.4315377534652446,0.9730046802492444,-0.9648983629818646,0.0775694741523532,0.20796266816238138,-0.6986918673532478,1.3206011497955341,-1.4596930446343999,0.1561615427294717,-0.16997229667961886,0.06596861856858592,0.3599681692551613,-1.960905450709214,1.2106624137156023,-0.9368969121064219,-1.287393864303446,-0.2130864558331157,-0.4915987686469067,-0.4224732558060601,0.06671430112609744,-0.2485070161378025,0.3465633285360313,-0.4018942902448869,2.254154138967464,0.3122454591720058,0.9037362987125267,-1.3309820032974344,0
1.1184786697088314,-0.9803317575883187,0.938565904545948,-1.590090907512861,0.07308797845737955,1.2142710526431746,-1.0660919682443721,-1.3817835243880336,2.5833060854932186,-0.2961991133799118,0.6198136089372487,-2.7260621271476078,-0.4948561141894613,-0.39612587896987383,1.393828086624587,-1.2039675302034243,-0.20491787914435422,-0.5599404271402686,-0.05313731615542504,0.4041116870174025,-2.124014988570861,0.9384472088295016,1.1081671625343856,-0.14652505474829713,3.050003685696045,1.9276232614306839,-1.1072852040804049,-0.1367298428185631,0.3086362539723461,0.9289485358619005,-1.3853745110199474,1.616894098328694,1.1195213821120928,0.9613058017015476,0.25091834314431444,0.8074085561546335,0.7731023253813543,2.197809778034578,-0.8873783725561902,-0.614476034147748,1.9234856185715163,1.0362537226424757,-1.0483830615301568,-1.0935665956334903,-0.18361912657063678,0.04618452092168032,-2.133203057236303,1.966072913865118,-0.26019323420463836,1.7218516975824634,0.9935607391223062,1.0243246625654066,1.242027212094458,-1.9596847104177275,-0.8302942631268707,-0.3082685770224397,-0.11545586916212534,0
1.3079996672704233,0.12420021216389097,0.8436431210787181,-1.0174397551335548,1.4251412875465022,-1.549503707120601,0.07635779431523333,-0.40642405243937213,0.030524463111981887,-0.6636873508858988,-0.9372483162627894,-0.17083142881435112,-1.1009319309130638,1.845621509983707,-1.6930807366851048,0.9044154743314825,-0.4966395625810473,1.0102402090131548,1.460820757235569,1.2230034098582914,-1.6208445511545504,-0.41484703213479635,-0.9626037580548615,0.09679200002653177,-0.4772525551135824,-1.3804647817441615,-0.166617062130466,1.133256275895214,-0.34722811448366075,0.09907480966099827,-0.22688033353247133,0.42795695113714316,-1.4089974432386239,0.6917955071980832,-0.8347680512229776,-0.20921021387375202,0.40688069789254433,-0.7553438588807496,-0.8684006253386233,-1.7018039814428065,-1.001097670466241,-1.3068132566807258,0.11548228554482584,-0.12141670188932567,-0.6486227885241382,0.0938307325630779,-0.6202120550534067,0.08880489821129052,1.1391170612582338,-0.6523000842175507,0.6347767604537686,1.5668969464205353,-0.6984372058537732,-1.4629363871670797,1.2002298825000162,-0.18027035526008342,-1.0043823609368672,1
1.573304928887993,0.7417580229701422,-0.7472179495250822,2.271859731091082,-2.19440449876595,0.36010804089026055,-0.02367943665410348,-1.164489143944531,-0.17812853665376804,-0.09633346404565675,-1.126446443536272,1.4884523273972237,0.03516562084537508,-0.5802021711057894,0.5956448093238004,1.400834807328635,1.2960146153228482,-0.10171971463045712,-0.3557848219376976,-0.34226803487383134,1.6164960721707657,-0.4744780285676091,-0.15220202014322826,-0.9517621673485596,0.27912748890432054,0.10777839573043531,-0.01487839244654963,-1.167227410183434,-0.39890563348485264,-1.18893550172434,0.09412257776044462,0.332767706301597,-0.372833460429468,0.44150807452050495,0.3503321926079794,-0.2848664639250722,-0.5482397142181545,0.4297885128275018,0.8541794134980332,0.5226083853735118,-0.42400110454447726,0.34732128561640563,-0.6153431620180329,0.0380510415006306,1.27920071127791,-0.7009732614343067,0.7620267410866423,0.7364488745905874,-0.41264928351495733,0.9935436365499778,0.4980566074408021,-1.7016179822781274,-2.0622991393320107,0.7468050342896676,1.8787160897457782,-0.698659486276466,1.7702679841380395,0
0.429484015604127,-0.30254517643690665,-2.8255651023673156,-1.1411257932683454,-0.8655571926712675,-0.5579674964318164,-1.040470429801069,0.1011970507706942,0.9963612437614139,-0.7023099606229447,-1.5574366631633862,0.9740035435280882,0.5590801662732553,-0.620309482023041,0.8002139422295732,1.2774863419480758,-0.10410590824845604,-0.5900097977840331,0.7463292103601595,-1.003228824362613,0.7479700361146749,-1.122556882880873,-0.31886844658925084,0.15608243700486518,1.1349797836764683,-0.786992425290691,-0.2886093964463074,0.17392916669535805,-0.2936812376273843,0.06725010926419137,-0.9267637128595806,0.5860942544002113,0.04225595644389805,1.2136253748998604,3.213736601029796,-0.4830294091670415,-1.4258449129319166,1.3073684789800102,0.2348155504075153,0.6770383914483441,-1.8749634266440705,-0.8568186025486574,-0.8578167818220596,-0.9379771126720435,-1.280099203415341,2.784366213257597,-0.5883332199509124,-0.37241570022276677,-0.9550809390915629,-1.0510885085066355,0.8659912634677013,-0.09973839524731877,2.432587901736654,-0.17727926518549736,-1.8251968603170443,-0.7745364165128589,-1.2707203401075253,1
-0.4851313583873677,-1.0388805582027527,0.8810172618200427,-0.40354692528420955,0.04148411462040073,1.185051665045291,-0.06967669109254432,-0.37864944735005585,0.915212268402991,0.16107476809481683,-0.11932335542728505,-0.848716272005612,0.44004748705928404,-0.8107057437383917,-1.0311539014511684,0.540298443600284,0.6744194632284222,0.18385941028884775,1.1659168812679914,0.16866057864916809,-0.3350045320799312,-0.09660242738047806,-0.7163498308832361,-0.11190984623210277,1.3873910384723138,1.4289445662957596,-0.5896507087122071,-0.8350092001028246,1.5837771979641637,-0.9926989264721361,-0.08208659383966038,0.025189646675361766,1.4376903536930437,-2.151323522871658,1.1501876018204247,0.6027107277351575,0.6349032402576313,-0.946936138179878,-0.21715929483691404,0.6437901050374907,-0.6704239364101978,-1.5905708513012566,0.4842803877957573,0.6911656641764551,0.5994522548671566,0.9474564872905716,-0.6160317215676413,-0.008711543151850597,1.214221935349984,0.11003397715724755,-0.8004396320946219,1.4136328407411778,-0.061958511319173605,1.654926463738216,-1.6589216931717188,0.5996484498116195,-0.12035896258020876,1
0.24580084043277262,0.3886433319499263,0.735756484514065,0.4847634880532744,0.3133087022377948,-0.5429625191092136,0.5264552007278418,0.9223961410320071,-0.4793438388110704,-1.918192977868175,0.41471596158126156,0.3300142245855215,0.5259979568694079,-0.15738015345205195,-0.5222760717470125,-0.22972317944555642,-2.2610850750602665,0.7294945723165397,1.1330928818218435,-0.7702569352573506,-1.3812652094859315,-1.1191115028271867,-1.1014781347890774,-0.2894202851062135,0.3693755850627932,-0.7025324791781752,-1.2263028264859033,0.7940924384817191,-0.18674808440294816,-0.3332800339402516,0.43362957712102523,-0.9140369061071177,-0.8169713581177052,0.6161001683482527,-0.5915806541285852,0.9620552135244307,0.805520200115264,-1.1456581091358793,-1.6332327261264867,1.354025080586858,-0.1266013825762818,0.8892489251077662,-1.581040094606215,-0.5176635080722369,-0.842262191672612,-0.2511889945888611,-0.1456707555819936,-0.7295135382735393,0.3603319369852869,-0.6468875201161518,0.09803358621664121,0.849619759955654,1.3959197272366481,-0.1659206676692717,0.9569700819878778,0.36706041522938704,-0.562827765519127,0
0.48801948237822007,-0.07704703918483517,0.08724072492810726,0.6879778475107543,-1.425660136386623,0.21568402086743146,-0.8984609311925005,0.7598864926532654,1.4986015418555305,1.4984002704275827,1.437305404933089,-0.13154479361983712,1.608869275328676,-1.836410731183743,0.11281010680293489,-0.6013128789169986,-1.988633767856479,-0.1726943220804013,-3.353833570818688,0.04275562128728074,-1.7579421171388485,-0.665629267888699,-0.5137021504044403,0.6328670508622312,1.5368325317285105,0.749007582418074,-0.3185735420038331,-0.7556052276958598,-1.0432245811998133,0.5010345808617443,-1.1631752849141825,0.2906973729067583,-0.37028636422986644,-0.6333634014026089,-0.016223614581865466,-1.9806914281653782,-0.1265960640408876,-0.09003401068130232,-0.4368743481369294,-1.7694517196947575,2.4215619159109427,0.7019218774902207,1.4991462224336805,0.21367455254504636,-1.7801249373192805,0.4784071877922238,0.8147137472433057,0.18058938734732455,0.7099307330287477,-0.2558744863343493,-1.5204989033639955,-0.4116864913556368,-1.2070666251348834,1.000530890446651,0.6366992684245416,-1.6724501909424987,1.2122616631593959,0
0.3387324335222533,1.2315909839138532,0.40869401977889963,-2.1807471028878003,0.4282078294752978,0.7724165372619692,0.8426067004660907,-0.8983784877692601,1.9141553030366243,0.21936014394597333,1.5717434116275961,-0.534619373614061,0.048476585124880865,0.23812750839675872,0.4463539120897748,-0.17353127352329104,-0.5471045692125648,0.9289005589724583,-0.5508789552736846,-0.3165214258276273,-0.664278444794865,1.4038822205121182,1.0512709861126392,-0.27926536282114517,-0.41600765197922807,0.554035157780779,0.06825723344929485,-0.9348804814602578,-0.23602453840417564,0.7717424716691269,-0.34685734498962434,-0.7831623724511411,-0.29132783423395264,0.003285388445246354,-1.5407139085906725,0.49314515751708154,1.4515406676285645,-1.0427900260085607,-0.7353858062863872,-1.4518685388435917,0.006393893522252017,1.0522972949750558,-1.18637053855194,0.6607394181070365,-0.30229521131304166,0.8011919967988421,-0.12299288039177957,0.5891258226581365,-0.4353013480926579,0.7569442029690746,0.20388126451275873,0.23607118874814562,0.014185909721611953,0.8456642863612254,-0.1057211009674341,2.6223402308547605,-2.70879081619137,1
0.4829875879043696,-0.7607217541709587,-0.7700081748664335,-0.6033575680345648,0.5268893693357243,-0.16054564694429385,-1.3246079601858318,0.08991042573269309,0.8835360114638844,0.1349119772117051,-1.9441838824288322,2.5587592785695294,-0.16798542672507677,-0.40998585858405934,0.17615480018865542,-0.7297013157743227,0.5096660387031,-1.7040963515740188,1.3772791022741608,-0.6524673741339772,0.7703195112525616,-0.9252403800210751,-0.1923499724299119,-0.27504816090775663,1.2451592827471023,-0.4600673249321615,-0.2359706960668976,-0.21058645419903876,1.7964036293669636,0.43763029518687746,-0.4623478073584102,-0.11998521012890638,0.859222281384365,-2.1033852754783493,3.0115234226633807,-0.6225229165005693,-1.04389590012451,0.8443575757668436,0.08504739992894485,0.3773339283132484,-1.1798111792179056,-0.47344920454589995,-0.14750143086442213,-0.23079441588727864,0.7627197700425842,1.4207858283355765,-0.9281947591656099,-0.5674476744094228,0.5741593910302963,0.04451654248914317,2.059877979520342,0.5265280941454086,2.6941051668739764,-0.4792903777288334,-1.1853387109364213,0.2792938288068341,1.0123748974481241,1
0.1909147019200534,1.0827715785995418,0.8407818896435649,-0.4822986840859113,-0.5585931252239567,-1.1799144487787996,0.850732024189272,0.9300594890268075,-0.58956488098677,-1.002462645960857,-0.01237718201216199,0.4915559522009097,-0.713352580651038,-0.21235884693868937,0.6708877813860396,1.433642361889228,0.5186407191756149,0.9735900166792687,-0.5809923731401062,0.9921275561068887,0.0929240126450583,1.5124529104429811,-1.1030184253687052,-0.5085320491825394,-0.9055475800256632,1.217764527043942,-1.0994215004929175,0.4589692910200992,-0.14476007906627583,0.5848190174951127,0.08449790582155714,-0.005521598850842438,-1.1362034071764997,-0.5913996101895719,0.6737470422241794,0.7857268285969876,0.062645590937145,-1.1922158078195286,-0.9842325528333816,0.2545420976951642,0.14323513388225276,0.12975078291753553,-0.8272611875810715,0.9597856866043432,0.6297230614735552,-0.6444701104510261,0.15756452268776985,-1.2438920883051081,0.39506800019983646,0.4398115286119184,-0.7773592997508133,-1.4319312298409779,1.1578517504934829,0.4811145176894692,-1.4875968635981396,-0.14215608996644408,-0.5375719932204379,0
-1.2434416264458779,-0.06093342369304094,-0.019215982908948916,-0.1030108317985098,0.4452628063382194,0.31767046754224026,-0.7121636396073419,0.9371429765897946,-1.1517937182441222,-0.9940238297900396,0.11155875496103246,0.4556354837915619,-0.7143032133127112,-0.40682605829138196,0.13771554895561502,-0.8857349931164682,-0.5017797821505658,0.011131034085722276,-1.9970104888123692,1.8417085000863913,0.5120336545185535,0.42099292125223775,-0.6116987819085351,-0.1420969183921513,-0.6136339685093,0.13806681479582317,0.09517744383926202,0.9631719369620456,-1.1401392960454524,0.8494276730090716,-0.288959222897311,0.7378969495832794,-1.7638833926408852,-1.23556008456076,0.6468625560671766,-1.1126123328933712,-0.17794226872774963,-1.0524365838220489,-1.0811567830005944,0.7318316939314995,0.824697915565523,0.38475105312974717,0.9931866205202063,0.5147115015244054,0.5410526660132232,1.1025448834468605,-1.4114993546152579,-1.3284257783295341,0.38987399546641566,0.6337509453568834,-0.6622551382564954,-0.3815050215628745,0.18608926011227137,-1.1899726508884874,-0.7417619157827813,0.9774418714509577,0.07568440615367729,0
-0.7125307863438207,-1.2437643792544177,0.07633817312961348,-0.4228525610351609,1.3017802503143352,-1.1201176077667288,0.5118881558019777,0.5725652217952396,1.4739920006873493,0.8683507907842511,-1.881071678032833,0.7475512505353146,1.0645423928831168,-1.025704232909638,-0.4632462579450043,0.42596366424828286,0.16263992784795409,-0.7567865672744868,-0.8109418637805464,-0.07351430921395496,0.9865560667187854,0.18055146864785507,-0.9247687835244971,0.6543103560930068,-0.7037610294847944,1.6602374136494698,1.9318154368091358,1.3432020936876665,-0.9922522665475473,-1.121039406635218,-0.9139381123207206,1.24362473586986,1.1876984366319245,-1.1584241271307365,1.483206964598182,-0.03999300681756084,0.13644778333683097,1.3687136995675826,0.9020224961771725,-0.5222667088421189,-0.7695814216322036,-1.499359085334981,-1.8843443570204192,0.7524421100625668,-0.6009339816833463,1.5657267350786632,1.2901607709734706,-0.825619286802312,0.13238148845109649,-0.7334024800646939,2.1382199298865254,-1.5041548268448934,0.13975377395899957,0.7076713375748844,-0.4139910546140281,-1.1208549737672686,0.3803015910914286,1
-0.6483582991044086,1.7305885279500728,1.988127617120718,-0.11589293007161666,-0.6002500928895882,-0.7035924049705913,0.6094330736372346,-0.2715788125637627,-2.992804369971332,-1.0021922165683768,-0.9828028320656199,0.6966513169099378,0.9286007644705023,0.19951659842496122,-0.2912889923333068,-0.0843634346746301,-1.0587506405637002,0.9105915022701537,-0.8410534324401925,-0.6277876095461227,-0.45962862670444143,-0.8503592320660764,-2.0943732475953727,0.31657404914166415,-0.23954634674632946,-0.9193704388900906,0.11367478730258294,-0.6249357161037553,-1.0254250423774027,0.3470631945524322,-0.11198135644885666,-0.3075945550817741,-0.097695645463783,-0.7955024570206641,-0.9461742642073798,-0.13643339692805667,-0.3403364383681852,-0.47143402643495863,-1.5308139087529988,-0.4209482091727156,-0.2021158345592453,1.3393399054584947,0.173960314238472,0.46827133542422267,0.3197700722886226,0.45484640809555277,0.0666921462153333,-0.1292960482272244,-0.5418769325204003,0.2901482370393218,0.6877426205818842,-0.4274542248505783,0.3355433913864391,-0.4438193236995577,0.8604600097631352,-0.24228298447791283,-0.7893648143219667,1
-0.746430920086249,1.1214781348821095,-1.0031133982220801,-1.3479338385708366,0.2617107332323539,0.16077764692748522,1.41913616511034,-0.7649002762365034,0.2685943877265889,-0.15409622166538267,-0.47479922535889574,-0.9073715144694808,-0.6490812321048463,0.9144272226609335,1.2964062689697218,-1.2026877348694562,0.8496873635914789,-1.7864594224284893,1.159801819373366,-0.9653324836620285,-0.8322312868288978,0.23032669904655032,-1.1845572267300708,-1.0051784816897142,-1.4473861113368294,-0.6731201689038281,-0.024170985824943793,-0.4436919095769463,-0.4245079745041818,0.9050726851157656,0.30176192733261786,-1.74502198796421,-0.035835889014775,0.29836436206780637,0.30989165905095195,0.10839422352278891,0.1599308980023084,0.030095746388162464,-0.0788488547021757,0.3514504094167863,1.2964136127724946,0.6478596108074381,1.2570460420336067,0.9760214291508885,0.6583165869196227,1.6680436179194957,-1.5934509020276586,0.5687221779420784,0.016018294477903983,1.1479498453916268,0.5964796020749815,1.3841071425531883,0.843975330704537,0.12600292941263952,-0.47842638535428533,0.6059504999196828,-0.2643369817803242,0
0.3096527256336191,-0.4174173539666201,-0.4917654518963166,-0.8167684992047868,0.4785032625174186,-0.6507800064753679,-0.6069932001298199,-0.07182843922626526,-0.05607021585020168,-0.2600061209959897,1.2303358760381464,0.685889438748833,-0.4168147950773495,-1.125943127682551,-1.6288898456132197,-1.4521299948506075,0.025615913373783623,1.9491965422641058,-0.6531029653442237,-0.20070125425576069,2.158347527509664,-0.07484107406690141,-0.6270665693944074,0.6765852681594592,-2.251200164159069,-0.027545156898493326,1.2852227420765967,0.8182902523464556,2.1982192035145047,0.48896651046469475,1.9539578466888559,-0.3249262801055034,-0.8119755803108866,-2.1215105101242253,1.154728254273354,-0.5254284554696307,0.3866211752384068,0.5550303528591881,1.0819955935408505,1.381893023482014,-1.609853029820846,2.5983510453378664,0.4736910282417084,3.6105659428053007,-0.02553792038279358,0.33772232679432657,0.7156152275822683,-0.834773119373768,0.8778172394998386,-0.4803578348415677,-1.2727161803711415,-0.05302051635928419,-0.06290818119480546,-1.2380604540772089,-0.00921030778326115,1.4658541091623898,0.44301934606097854,0
-0.09504481501577543,-0.15314424505404736,1.2404951379531406,-1.1848695644106986,0.25684438111719965,0.2107336011948148,-3.1313491786146916,0.8497046221967441,0.565237417257916,0.29061858265326596,-0.44863851833598295,-0.3431598900965408,-2.3171163200851725,-0.013045028594557974,1.5575247585813905,-2.058058950899372,-0.02887913535693986,0.2604941296170777,0.5303287462440478,1.0675257870543562,0.6783083488381297,2.2366878683642617,-1.8338287128136648,0.36935198767860905,0.39153765867366647,-0.7454913575956386,-1.2286864096447592,1.1178666796711116,-0.8676861165027202,0.9082329340957443,0.868930269252437,-0.5078954737785066,0.6721130349889732,0.13932785997700414,-1.0429769489855119,-0.2967574539158216,-1.0968882350754576,-1.1925065327398874,-0.9532889995217836,-1.4072717013314255,1.4764988934469774,0.2524975311755817,-0.16261064235496472,-1.3996008597009024,-0.08461026860147726,-0.12456023089288724,-1.1236967376808327,-1.54322737433158,0.6646244785289623,-1.1354913506438262,1.0544400310758126,1.7788619055004395,-0.0011744031029950843,-0.640190686527445,-0.33836531994560026,1.3021692335809187,0.25725265163347444,1
0.5109111191712368,0.1348913022015149,1.3395932748867494,-2.0908932432486935,0.38590171533677303,-0.4902735085545902,-1.545649004634555,-0.5991454908187108,-1.0756403992219978,2.063023475576928,1.2492088671731003,-0.2074236468262428,-0.5740219559265313,1.1007315289426016,-2.5414909545772058,-0.02529372938752826,0.5651790574407848,1.9704232210710177,1.4186950977666095,-0.22869499165947563,-0.40792540594826143,-0.13690319625626385,0.9021394097111018,-1.466400426816354,0.17307598921661102,-0.8588670275301012,0.690915888822666,-1.257886659937231,0.3338221692526639,0.16243832805780858,-0.36600564980401973,0.522745434693488,0.4472049578491609,0.7687008944753527,-0.18995098175118721,-0.6856518768731388,0.9066032198180717,0.9480138296163552,2.083883914770904,0.550974690480962,-1.814011317927388,0.3622887845489456,-1.3468838011577344,-0.06816508307056367,1.0559388496744957,-1.497649637157928,1.2223449844629117,0.7571297966291132,-0.2927520755943591,-0.7909912287783926,1.4670259157988368,0.2131176825124557,0.9260869440632099,2.4507158843118337,-2.4634652492862243,-0.7483737663699946,0.35630573614005084,1
-0.13339232918811214,0.8988731805870661,1.6801021260747047,-1.2564656730587944,-0.2532610152818925,-0.034273807585839665,1.2617656932386678,-0.3419312694955718,0.8318964516978414,0.7741027283590385,-0.7166246606091365,0.5236557008620579,-0.1409960960919483,-0.25487893933946887,-0.9066436890671039,0.7147305398408562,0.3879246557684914,-0.815511830232686,-0.623643474554898,-0.7095251405124671,1.280254352721263,1.5158401693953893,-1.1754298952148492,-0.5458598454514233,0.5255275686098532,-0.4579054597573643,-1.1220971709261571,-1.4657709672217472,-0.031707183528263426,-0.07571430375620482,-0.11788745112036646,-1.0099491344293834,-0.7108295312816872,1.0939122102660104,0.7361270226784091,0.3332124564732964,-0.7504556474329568,-0.6797694531468853,0.4406310653269417,-0.6207244657154376,-1.68108619554341,0.4613034143915237,-0.6666854739938468,0.18522062411790474,0.7884945879929888,1.1269091753843394,-0.7959137007866628,0.24742688736374543,-0.4051337511619747,0.4566947755603257,-0.42224778687018827,0.4709764930106168,-1.1009851950664689,-0.9451294675835514,-2.176448230008393,0.30021298119506995,-1.3750117143910967,1
0.5805473555740392,-1.5334605042874552,-1.9754912131786404,0.019168480953160653,-0.41979707938821714,-0.665034050596761,1.7972774687347077,1.3778086870118453,0.6864391505210854,1.5882551059616623,-0.00185585724371494,-0.46658499689343125,1.2364787548858238,-0.0025545564092959334,1.1983992926274945,0.09856201529917716,0.15510856362540404,-0.36313566523538543,-1.3455719499745968,0.3827595052129998,-0.6225140727492458,0.22269468979226678,0.9474281602758068,0.773742491761372,-0.9262742857326003,1.4379482972735433,-2.0317920229869757,1.1637532195611484,0.430759881840569,-0.23764644063806556,-0.2501452507504347,-0.04890367036923109,-1.0825295240577555,-1.5205294001385614,-0.7222541755233246,-1.0991820597705906,-0.06400710680860167,-0.11944194123655535,1.6839261706879787,-0.933488990971587,-1.3019004411156854,-0.7150854096521551,-0.13505036644037596,0.15363437132150365,-1.0041164641631166,-2.0524692203115027,1.1528275559492813,-2.6517962472197283,0.8032687937956928,0.6985277061032116,0.446369063006367,-0.6814225714780221,-0.8451629820027143,1.2830775432845951,-0.2740800460836851,-2.0817605825016585,0.682265550606973,0
0.8113201113865927,2.109048952785866,-1.368080202331042,-0.6010879707350343,2.1060753623982458,-1.1931707569727052,-1.2978972986523503,0.30800768281138885,-0.5192870618503546,1.1052711147767629,-1.917318206726788,-0.5252724021254874,0.19503112541801806,-1.5092764677551642,-0.513464523259814,-0.9640657089134856,-0.7813775491179686,-0.1866743561382531,-0.26917544875540794,-0.6421231829688826,1.3882165575188152,-0.08025086939747317,-0.037491506448534315,-1.368282137054865,-1.028823203905744,0.31654906059625576,-1.1166863752608145,-0.2203517716895021,0.07557254040444929,0.2184682595984865,0.5098820512451413,-1.6593100975420805,-0.6994110623216254,2.383511282493852,-0.5484947910286371,0.9360895428671311,0.21227936747541598,-0.5470580433682527,1.3259669867201125,-0.22303230709634325,-0.04208695793964837,2.0097522307540956,-0.039951281487863546,0.2160526701407065,-0.44386186528731036,0.06924308843475133,0.7509267196703925,0.44769285631650824,0.34304427665680426,-0.37286257393618255,-1.4896902549385262,-0.05965592272123132,-0.6599554064762609,0.8702633473774442,-2.3393178421549816,-1.673973053163947,0.04425762109798665,1
1.225674116494313,-0.17615326563015504,0.6048676850101923,0.41835456462847914,-2.931840321256288,0.33554282563262766,-0.9338955457638246,1.0673734067261267,-0.2045916003262621,0.32166837471238585,-0.39806961391260964,1.0779315922628798,0.25789301837764156,-0.9505908810004197,0.12706949693846972,0.3694615459602439,0.37015167288633694,-0.9638365413049335,-1.1187412510247319,1.0036354243383285,-0.39946257892905723,-0.8479811604317558,0.9089896354608576,0.24099265552701923,1.604403262995174,-0.573025411066949,-0.47005704193455305,-0.4100825081017276,-0.19623292199618786,1.1208783356287373,-1.4862302059953347,0.5820664264526791,-0.6022124382447449,1.0743697925539712,0.25585019790140195,-0.1449702447015867,-0.5317645065866938,0.011677675533845697,0.45342246112500806,-1.8319477874260592,0.3525769261280411,0.45038606088927385,-1.4649479960735323,-1.6065893815922208,-0.504323701067179,-0.8774780151519995,0.015915070658835708,-0.8765049038416113,0.5324365788524112,2.1270982127563776,-0.2420056671890539,1.3452725004694752,-0.7816173438828204,0.8090296061798974,1.7947451950355384,0.16598547784046983,1.4540028690604314,0
-0.24331543500013325,0.8331028142700468,0.2899604783952082,-0.8171873767694885,1.742174745477463,-1.5327472826354844,0.17852419438204406,-0.25594922846121715,1.3873431196038444,1.4376390207129879,-0.5875610479446374,0.42438341680369157,0.8447626423496057,-0.22081988256771934,1.5205873470765277,0.742495963089634,-0.1898265738729143,1.0751082825307106,-1.5111554441693442,-0.41018591229855444,-1.1040975767457193,0.3479200173932179,-0.21124179962075218,1.0821920587459686,-1.1566099357506259,-0.50873801714246,-0.3017988054724967,1.350400791386513,-0.6263329986113203,0.41256769940676596,-0.20752509641059186,1.864013397228882,1.2855946947995252,1.4891347009966929,1.580514730467251,0.6008497829791282,-0.5368891914794873,0.07082150888182968,-0.7823142021188909,0.07860822488517356,-1.676276970808267,-0.040431078913345936,-1.388353935789083,1.0596867488382096,-0.2820032712977763,1.1199067539888683,0.9857114824255685,-1.7057049716074915,-1.187866827210759,-0.2911662393791001,1.6072524441892126,-2.5811953532323826,0.7654721179445306,0.21608997394987306,-0.5400667777149402,-1.7136241511239616,0.41599848651463966,1
-0.6451844393268535,1.245491044982919,-0.22291687244008093,-0.7776937438818707,-0.502473815987691,0.8159845472650248,-1.479373376388027,-2.2242600497085285,-0.6730934237445628,0.1232086507597415,0.3218046034600322,-0.6519306957445081,-2.077198985510077,-0.7261437939005516,1.7838051101951113,-0.733460032058302,1.6267915541820226,2.191838016866821,-0.7650766804294237,-0.18571516377278183,0.40661538232218164,0.5283527620966395,-0.4133471259911406,0.01648267032269212,0.1937076893214366,0.3281905783769336,-1.0375867275144275,-0.38262883715035984,-0.37661250259857637,1.2349903735789882,0.48613156256860396,-1.5487694688808193,-0.8394098898427994,1.9545528575754822,-0.9810268853711304,0.447389729297338,-0.05967702118334739,-0.8584199236447656,-0.4545584504768428,-1.3648359030560313,0.4745268094015392,1.37905978155726,0.3282968047527846,-0.2898710619108639,-0.15188800843031824,1.1054228304828735,-1.4159496489258347,-0.3832801675756893,-0.8563150534896767,-0.823608890135218,-1.0685525835650778,0.5244198852781345,0.10752367291795159,-1.5220585581705153,-0.5969186131731644,0.8185494134260003,-1.4211370855219194,1
0.656658190043169,-0.3032877126239233,0.9258324795755922,0.6592608609028354,-1.2476938205007244,-1.0943479878938207,-0.6081331061950295,-0.2787203898634765,-0.5744490532779403,-1.6017701612615323,1.0995381946169915,-0.29016134395848836,0.6100704457707751,-1.4575870924075969,1.1453561218321286,0.4006457093129065,-0.4986087571353523,-2.3508487715045083,-0.6971704725102282,-0.8665997073889754,0.6270074350018233,-0.8573472769772928,0.6675343031515305,1.6586815992056998,0.25133193222149786,-1.596391767939439,0.7288179842503206,0.1348732564380684,-0.5814605507535774,-0.5004474582801796,-0.9205102204453727,2.4989368733287773,-0.45078136023531146,0.35496534707440275,-1.1320576362796455,0.4386604811356936,-1.2389851683580078,1.5325507633451316,0.34664456168867164,1.0460610984411656,-0.18868188837679453,1.425468047683,-0.2166649815327304,-1.2508693207046993,-1.2413856638726766,0.33361211094518745,-1.219235084930614,0.8302317119167318,0.4558543814304537,0.8525067522803171,0.2776548252819402,2.3505786192888674,-0.5508645973369387,0.07011943667465945,1.3922625232125656,-0.32419575883171176,-0.11018791387881442,0
1.3367022351314075,1.0437669453441532,-1.1977860828759213,1.3462617019075493,-0.5858740599715057,-1.3889099053177456,1.2442909834824178,-1.2014685693308182,0.12037421139619488,-0.46249243452309813,-0.6012288490859592,1.324206598771707,-0.66590720462756,-1.2543758228203004,1.059900599004061,0.7015999239998127,1.4505410431774177,0.5408221268240315,-0.9074769222285185,-1.4584054189816051,-0.521126048785316,-0.874313352941941,-1.8871590889554324,0.3831340340563243,-0.7683782864839793,0.7253081999698926,-0.6322803248634051,0.39455684052533085,-0.32110094403445655,-0.3302959054458034,-0.4860944278742682,0.39720126277125295,-1.4847910953324766,-0.2530897449028042,-2.243691530274047,-1.1095624660087726,0.609262327152382,1.1370578451782263,0.3747325968768535,1.065594251924471,-1.1237739926934536,0.8022614502475944,0.16963966388307958,0.24031550665895518,-0.8929597081272451,-1.2264796143943613,0.05361271052788258,0.5312827014580342,0.18350976342498054,-0.8612939678605221,-1.5138463491814607,-0.5008052856299919,-0.9029729416555573,1.2291655423905257,0.4708995515778683,1.3232504008834283,-0.9254030029147905,0
-0.7212608691811747,0.01347129509991222,0.2613896441118617,-0.6137353163969228,-0.3079603378461581,-0.7845551591674196,0.9893314495654716,-0.20467224495097433,0.7918632244502621,1.4246508535900508,-0.0656692553595348,0.8287958515638468,1.3375382686111341,0.41552008137272217,1.542880188848724,0.25961617606708715,0.13614257829831766,0.2820036412502563,-1.8191832223582485,-0.7596948817619643,1.6375502176318757,-0.050494315809397394,1.3590818344202682,-0.04872893724729898,-1.0790078084866859,0.1488827163561421,0.608493430607029,1.1079638981417714,-0.48005315410403054,0.21221046223517734,0.0086982335371552,0.08454705469625076,-0.5792333723047658,0.18703066452236936,2.6633390140136743,-0.7818868087284517,-2.636403712776252,0.20010327171303008,-0.2698510838436641,0.7564713506374808,-0.8920944207083991,-1.6684658741808671,0.10765374541962253,1.476978226468331,1.1174654469497007,-0.4272943535686252,0.08509980961615024,-2.076802134004882,0.7853135126664724,0.24076803656372442,1.1606150146274505,-0.6573551859878679,1.147590044481142,-1.0069053443997085,0.8886426959242245,-1.4231850942340172,1.083136901033001,1
0.8286238325482161,0.3258552480481902,-0.7002079201080263,0.9353783678929146,0.1276716473485873,0.3398390567499207,-0.5280927344766302,-0.6221449567394821,-0.5844714869412311,-0.8013832699889196,0.018998965917356364,1.2169922910398319,-0.947806794082215,-0.04920253413011092,-0.11796155420883783,-0.6391764192868293,1.1122472772575225,-0.7111190493970754,0.7277992626924334,-0.5618391986199512,-0.7126198215079945,0.4956789321399085,-0.5130238302242038,1.1469094599091683,0.42211354122497047,-0.27565758681543995,0.868637434241613,0.3666626090414847,-2.5020751323963606,-0.9707550540006782,0.06962691695314237,0.9993555685317669,-1.067330247568521,-0.712259283324551,-0.18989323935610536,-0.2559911897286057,-0.8271521141254808,-0.6608265918093729,-0.6717181968078703,1.068496965874515,0.5251125122044893,0.26930874538487265,1.4791192246771425,-0.344832077557303,0.47931879129511074,1.4055442295974006,-1.7980871682911799,1.74244818819538,-1.1817766214078045,-1.2923984645984234,0.5145440054007707,0.6274158552704102,-0.07324474986172143,-0.9302995727133719,0.7344606107697452,0.8310782062971063,-0.4664062847164366,1
0.47540462022313135,-0.8492092489798256,-2.0721633283996566,0.023606806651647532,-0.3855646062477759,0.14942659221968896,-0.4126261680271228,-0.7555392570601251,1.6447363377314717,-0.1965169301077197,-0.5107886862501307,-0.2535019588997312,1.6086479046283584,-0.6313904342187143,1.0098552370341924,-0.11909678863408624,-0.4344638647916451,-0.8910951687538943,0.22470026755261002,0.8682672839406113,2.4764394786239308,1.4514139150846763,-1.4751134571885465,1.7588113412601192,0.8049026290354993,-1.167835699886644,0.5536459333248526,0.023888872775190525,1.6414289527854093,-1.4411447523674898,-0.5890511324536177,0.3645906757635605,-0.033546716930136555,-1.517906121274257,0.188126271661319,-0.6147957295939068,0.7969825893157891,-0.4897543808045313,0.48800554659142026,-0.6006117917252878,0.6951680087225816,1.404975653716632,-0.522669759467343,0.8745836610679832,-1.2491610160082713,-0.7562478960201842,0.7391029829879444,0.5445142607260092,-0.30750318902402696,0.2848426117179803,1.33583175060445,1.8839722814200097,-3.132108019003015,-0.4324302280243321,1.0116222493786264,-0.1937129713815505,-0.08152263514357073,0
0.15589868013297106,-0.14723670323606142,1.20859583512984,0.5426619775333968,-1.2419890968029306,-0.08679958825203825,-0.5296939889383466,1.4393094093943466,0.9463969942260758,0.35596399260933803,-1.0731663627101833,1.8838102171170048,-1.0055780457665553,-0.09896065192843116,-1.7167208771790956,-1.2689965627819912,0.5953938271429204,-1.267858245889013,-1.0240559582265822,-2.2144517292623926,0.3614817958822946,0.07863973720267116,0.7420590688538266,-1.121561702435958,-0.3656561907312814,1.546623587027674,0.14493460796690905,-0.8492122877968754,-0.5243169335448857,0.6804329306683299,-1.5084927788136588,-1.433049770357053,-0.8571563439970461,0.07765766825494438,1.4245127767813532,-0.23340789785125937,-1.9501606769557094,0.29952894953904663,-0.6597215997606276,-0.519121047092689,0.6521059281325962,-2.1960564047423983,-0.5584520723621825,1.0125179342876955,1.2779522134117764,1.8584196276199572,-0.6587502879124386,-0.2939162072294558,1.4098954975286193,0.4725627450588964,0.4495718123629574,-0.918182501074584,0.045304747842236995,-2.461879483565638,-0.27679545137231204,1.1206337514970413,1.0521919644095472,1
1.4600591842851753,-1.580682395597409,-0.9862795575764847,0.2134345147539133,-0.21276619143167325,-0.6898846101480353,0.3014984378309932,-0.7408038824502009,-1.9208317112620565,-0.8206529240133981,0.35852984356593615,0.9219239932093057,-1.3198226996036495,-0.6954108737498185,-1.8533891055383886,-0.8779182368687183,-0.7767309440859164,1.5504997552454396,0.4735765668021659,-1.0744087366169506,0.28857458156416255,-0.03873456131541065,-1.1868143135469769,-0.9763685728161646,-0.7012575423173498,0.7149855755446898,0.23262635490798914,0.5128464834306146,-0.11555989626212303,0.6086276138893436,1.1671231527476114,1.3029759174411604,-0.3424818910560976,-1.5741329733045288,-0.6169530293045231,-1.896421734054919,1.691173330264014,-0.7284277784142722,1.1597862044332712,-0.6528019684976041,-0.5537682413858049,1.3211339193506066,0.5672229071268255,2.1002424435733493,-0.13609041290920731,-0.5871844978889066,0.15887191250202223,-0.4199382143933147,0.22039729095795724,-0.11150258799483481,1.2761225701860632,0.6994606694140298,-0.3280929542501739,-0.32337464397000454,0.41966422316342494,-0.3620792785007865,0.628743685116626,0
0.11731203639224475,1.6278474784083803,-1.8026302460825923,-2.7585003340812295,0.401520987869735,1.1921028504063094,1.3208919947870539,-0.7297378483245277,-0.7724795890046268,0.7055873146462264,-1.6918370850845295,-1.382769578923063,1.416844774583167,-0.45038651598029444,0.42843654822980876,-0.31516272194069894,-0.48648483966380485,1.306769482306828,-1.3439828089348549,1.0150365657884677,0.3363128168606206,0.9457421050423315,0.7051255596838865,1.237921235335734,0.09664186595695734,-0.255973694412723,1.152118198810673,0.37764415700780557,-0.2119946558068035,1.5448335214522682,0.5706654380360512,0.14640051355522174,-1.5327809523056921,2.4882287679374344,-1.3364381965852814,0.13402605309876658,0.30584829444061806,0.38952424320686513,-0.61276297977589,-2.180861929545682,1.1666627612323186,1.1324829125555158,-0.147247321309045,0.5164451464826064,-1.8892030817474155,0.2660935256377705,0.0868481422097821,1.3175219779590936,-1.538715053367718,-1.0933931952753853,-2.09819718235228,0.474287377809873,0.028783615877080806,0.6110988714661382,-0.9925051972557845,0.1496979454364404,-2.0149377579559813,1
-0.20100125301118638,0.5323627924225408,-1.9954508143781295,0.217681495221538,0.48727103790240267,0.22649786339351738,0.5231375459089596,-1.1092451321009815,1.341485564718669,1.2485851509023747,0.536600970695778,1.938552673657606,1.0576315597382926,0.5471385904662933,1.2313645074974775,-1.2917180502352503,1.4696409168820257,1.1053459727490544,-0.9149455350766073,0.5931920344033436,1.4109743010987377,0.34208153526587015,1.2578865900268366,-0.7322814753895927,-0.025693875903441285,0.87764157320555,-0.6097296053809268,-0.38916927154891673,-1.9421808225984878,-0.04685930116358984,-0.7909558922505153,1.6040017254492143,1.3243807960248697,-0.3947007489749234,1.4841266295255997,0.14834398050124742,-2.3000405142673377,-0.6798645531093299,-0.7744348829477306,0.40836558655869,-0.3055850258797576,-1.5244342685298222,0.35204070998096554,1.5718569918619039,0.8161166455409947,0.12821374884913053,0.14845715513300917,-0.3011172715265205,-0.0917536812734703,-0.18843008972775896,1.351216619897746,-1.2327770795078883,0.27498761318857523,-0.07776113874717767,0.3643439770285319,-0.8003380602891635,0.4577929617664521,1
-0.5862612287013719,-0.386215011164028,1.3614284544953323,-2.0269771122384985,-1.543429005207289,0.8969223064445649,0.1892507256137055,0.5378202836394053,-0.6390894793452906,1.5772130699139366,1.6495082508267829,-1.8656980888581127,-1.0763223345695094,1.249086149874336,-1.248909464746675,1.2334406621508782,-1.5497509465407937,1.9644837834423214,-0.2631646482988961,-0.6368142079546629,-1.2542264961160807,0.5489298465547753,-1.6489080794291544,-0.9150375079222111,-0.9850277840431992,-0.7713320434295299,0.9394887554159176,-1.4314382748482422,-0.10083894321665915,1.2209078280281733,-1.3007186055461308,0.755730862993466,0.86928845229578,-1.1405980875414616,-0.9266100932061148,0.32656292320016567,0.5271666973765299,-0.8030353857131659,1.5662096480201392e-05,-2.6824513800892826,-0.8032939196488013,0.4381051618896911,-1.2859234606576306,1.6122995629974457,1.9206147358265244,-0.9072147781721396,1.9778405751800685,-0.0008312422182129446,0.014440311841784478,0.5946498560580032,2.449508586581424,-1.8802926099983013,0.8475392438751351,0.9075808362184942,-0.33923372214297487,-0.3503066344108267,0.3848320493973445,1
0.8176149948532562,-1.7332128344620574,0.3881718105464855,0.45675932922112944,-0.9360608522948929,0.6293583555345544,-0.9493497123165249,1.4233359224761752,1.01458418541385,0.6897240831624954,1.3688624354153525,-0.5948748408200613,0.9978280232363894,-1.2752176399403743,0.8184390819769983,0.05184831545484507,1.7456166144151308,0.23585573641967195,-0.10464536933555332,-0.5711716340824106,-0.3238602609633517,-1.7897497247912517,-0.5132378875253688,-0.31678004032065243,0.6547976970477746,0.4476424432343833,0.1925760736256676,-0.12282905255733705,0.012103065008047378,0.47669922760651984,-0.6588572609059217,-1.554701092829201,-0.8574121338056866,0.5548778463962986,-2.166685617539198,-0.48631649910306346,0.674120993661119,0.36475038880902216,0.8525719315400088,0.394796533467049,-0.08079172147586765,-0.309986093806167,-1.1738278042719503,0.4636145968115404,-1.439303128269595,-1.6724476257924301,0.1896994938188829,-0.604583316287913,0.6702821869285939,-0.1295680548003089,0.8493780264559827,0.7214956187865098,0.46800462339003324,0.5731714638022569,-0.2502744250762145,-0.5168593172874328,2.1707025369265667,0
0.0009700343990376802,-0.23030719756996856,0.812691294843074,1.1255906646325982,0.4216456910549928,0.8648362170041932,-1.132793122390123,-0.6419224351318883,0.10352010001247823,0.5736871558816754,-0.5196083696406355,1.9931685297895785,0.8878177197830818,0.411655873755063,0.2607110050335017,1.0077230497650396,-1.6887806380717234,-0.7299565197172351,-0.825803051958038,-0.39248492725221246,0.8495320643722015,-0.366778928931277,1.8747739551106222,-0.7779560364752471,1.5563087418287087,0.6750501977580131,0.48854380203207576,-1.4922621769143696,-0.949190600796014,-1.3394454491512233,-0.5870494417524784,1.6651015356124295,2.181018882945464,-0.8185179383787802,0.7227421460240152,0.8060063453642617,-2.399707938921693,-0.9960184372076373,-1.5687096493330543,-0.1066923299471955,-0.5654790708291486,-2.198650012496662,0.8879213783708932,0.41233618592957916,2.3184336223708306,-0.12960506619458273,0.16940178023166566,0.6352952958615562,0.9256458299400261,-1.1522199408757807,1.0653307009803412,-1.4206237089327172,1.0370931116143973,-1.546233190372843,-1.4096637566913155,0.23412449139568983,-1.0929543844744267,1
-0.6554654574520467,0.09970743029169774,-0.3532660269167894,-0.05594161426703503,0.08466722113232476,-1.1145963314718166,0.5088061929197347,0.588487591599458,-1.1143052732583312,-1.0913069951665881,0.7289867508715903,0.8820699805509097,-0.5015756454550956,0.26271122051083207,-1.7933858242463236,-2.3983289636525646,-0.14224865191519592,1.548560034327913,0.48769149028061526,0.8702385474016464,0.16956157691718032,-0.32349625944058913,1.1757472518933325,-0.3211920948636124,-1.8036786496074266,0.6819309694971472,-0.7270667466885855,0.16224357620570304,0.32096671963918433,1.7911589679470297,1.2354488610324101,-0.24627016440980587,0.2885478623763176,0.37013768645823847,-1.028967088749502,-0.41829409645489457,0.19468827447263723,0.255783182505124,0.1866876006584079,1.480023963876977,0.1918814922303573,0.8960280260405313,1.6591193803363684,2.19510133195186,-0.5410040872832655,-1.5354305643647572,0.2212238915911267,-0.37466671524386147,0.021114122362993735,-1.0098528418099653,-0.16518326410950065,0.5519863055006727,0.6896936523252735,-0.5148802775653756,-0.611687129869691,0.06751123699279662,-0.5122440429424229,0
-2.0624501177255636,-0.745811314111456,1.0986903015387155,1.230549319934522,-0.17102673764516999,-1.1113331471769978,0.9510040163084978,-0.47791607593411645,-0.6114714504075163,-0.06805426364800628,-0.16865928633166957,0.27451623143357823,0.6383471757487211,-0.6028479618466649,-1.2090477765631882,-0.7113081424040794,-0.37411432229885133,0.24195781674730188,-0.4451595614084179,0.7825234301098134,-0.018702479963460517,-1.0144220799746888,0.5094066719143986,-1.0047623197324962,1.6613556621871526,0.8869192288888376,-0.2705363513702451,-1.1366341158516824,0.256453048995081,0.3061151982355276,0.2498376833455191,1.3987896072413062,0.6703945695326484,-1.8191090809147268,-0.8732456494192548,-0.12469056851718417,0.04808545845623475,0.5826858780908459,-1.4391855625663956,1.7272339891849877,-2.070361274375321,-1.5599991882006072,0.5394486640764895,0.25365761260920777,0.9960906710480025,1.2478878838371124,0.36864031112345147,1.528460678891431,1.3555270485778603,-0.33305355562016953,2.518381356954259,-1.5722173718654544,-0.4593156487216446,0.5218624124829498,-0.9476942961630681,0.8611134798845798,-0.7653904119202797,1
1.9974627234503133,-0.15262104411196953,0.09829387631444877,0.22227265816922293,-1.0798543356896348,-1.197646199936797,0.20800275591077144,-1.8359172161077129,-0.704579724973474,-0.8898011426615696,0.4536683249235306,-0.9531796223570826,0.10393144866233239,-1.3522886972377948,0.7863918030814766,0.35328461538516237,-0.3857000250731673,0.2200407825104841,1.3144665134558888,-2.1060104653981293,1.0569197992366537,1.8492258347800048,-0.238813836027971,1.2348647522007303,0.9795444122660163,-1.27788435684465,-0.7289660815193881,1.0792391907603218,0.6156752265703798,-1.3170804858545335,2.1898016378888325,1.2013713168913873,-0.3219873248257331,-0.511313904737059,0.9817785369405596,1.5634062185242894,1.0345828955774297,1.1649781436061721,-0.18736469440320985,-1.236920897882151,-0.3654566177639018,-1.1050037732103957,-1.4969410971135877,-1.1589866312126016,-1.1655914028327157,0.9724342344701747,1.1508833143510049,0.9605619025511319,0.8391922979571795,1.1100786231170208,-1.3211268791881026,0.5292836074548235,0.7252196681660166,1.1623688071868303,1.5131876941522657,0.4370763288234942,-0.19032470602012672,0
0.3696560585620611,-0.5864607718072533,-0.6979770968653839,-0.3022631872369323,1.1780782998754078,-0.9048142968301596,0.6211594236526075,-0.39790518385182577,0.06877564799203031,-0.7303794784496265,0.1595675515921717,0.5144976465081632,-0.47002136799176125,0.7332492784981798,-1.065608437657275,0.05716986926379869,0.8925864443627762,-0.11102770673954912,-0.31577854612912626,2.2340563535833553,0.47887487378542665,0.96198882925633,-0.20314199300614627,-0.9497499819536187,-1.3208278750112108,-0.007671341349020397,-0.4339401671216827,1.0899240176239824,1.1324078688116863,0.6581753512022094,1.2961381998666386,0.7048521512617533,-1.1905079264432552,0.7715099234830617,0.848899493317518,-1.9408199884683552,0.7725930402931195,-1.5970106471653116,0.02781334141244625,-0.9885866643680407,0.5256323228054549,-0.4555783656558263,0.5481174847267051,0.8243992849250952,0.15315167146372774,-0.15892637682763047,-0.8404030371742652,-1.1402650233503415,0.9218330983295452,0.11567038435656302,0.26025208320447546,-0.1257710888653348,-1.7091744305577095,-1.3713997157326885,0.13618313724816047,1.3039790045050013,-1.4035915637961536,0
-2.182758253287394,-0.9426082394117561,-0.625058445046022,-0.5029179044482104,-0.027626069056308215,-1.1237997020948736,-0.19542160516389198,-0.3770433833832252,0.4512523581818917,0.09187959980004758,-0.5896617010325077,-0.2273382779660423,1.150932786288303,-0.9065730431382708,0.7928315929174764,0.6978924538246304,-0.008849933268796331,0.6092990614323155,-1.3070707148997698,-0.21311161958839864,0.7914404402349473,-0.09291729672740177,-0.9940948264170142,0.9952027001836865,2.160938751070263,0.10811569523972074,0.15536713235157118,2.1158448313399676,-1.1129316392438107,1.6940565503928082,-0.09458834274367228,1.2708515984329816,0.9756206084835094,-0.08617247066979866,2.089428244343113,-0.8042850332956955,-0.8972739846919284,0.41187779011094766,-1.477060697139478,1.1151996329231586,-0.3243768571741664,0.334824813093105,-0.562659000608442,0.6333693837867681,-0.9461512389228828,-0.19686823652239152,-0.1936246170160552,-1.0141132638575117,0.268604946451446,-0.7589233508183351,1.0674016610572599,0.5157153063681417,0.5436588714643996,-1.0341148500526096,0.21990212026926098,-0.37057871976308865,0.3936696988721845,1
-1.3191678231734818,-1.0341120201962668,0.20834076757565295,-0.38984744538075,1.2661780093853288,-2.845340371618605,-0.2494501411006682,0.00016233128703906416,0.5699779752812224,0.32388849204655773,-0.43579446837978253,-0.7631437731214403,0.7521262103565575,0.7933938946332691,1.2008521032305801,-0.7006832252327033,-0.4440343941684268,-0.36090559328523825,-0.6086322955340007,-1.373052894328819,0.13420634408037954,1.8331040097430868,-0.7913871124933688,-0.5704291141106136,-0.07752656697895,1.1757747898209299,0.6061548375931813,1.991847446948103,0.5420882734222268,0.4165534365156871,-0.22618247202360148,0.4573541369811251,0.44797301982407217,0.20559698665576406,0.2044753478188936,-0.5742917126660207,1.6204777619274802,-0.9588074072779977,-0.3391401190415212,-0.8641339071688005,-2.1878287407840826,-1.0741054387526994,0.05989661084129371,-0.0938417761164014,-0.31160240192278954,-0.26623201094471083,1.4499425827059982,-1.2612310247663843,1.3833336174516602,0.6981946776570992,0.6058972596678006,-1.2267940896638585,0.47940857832122136,0.0990641433398559,-0.9934508092219467,-0.9610359548425226,0.09189346851883322,1
0.5156505684570326,0.2988985903514294,0.1337686012470932,1.0440581909222453,-1.2619560926053865,0.21585061774912542,-0.3079549659789978,1.1494165255950397,0.5200036929347323,-1.0194970420353904,-1.7256743951160616,0.1062789930020681,1.304502462560184,0.6894946424256045,2.205784146739418,1.9269504004327398,1.0519674850842842,0.8393586668619684,-0.6986893525085116,-0.03073027596069076,0.18389476504845462,-3.088001835237754,-0.3310595304173028,-0.2049722162526121,1.1359942828401022,0.3560417605479232,0.12679309880695708,-1.1143578826130682,-0.8358827857395597,-0.5609376962615737,-0.5569506108761092,0.13707298731246806,0.268708079771054,1.2728879832460684,-1.1988661663923774,-1.2174144203717887,0.3636263732066769,0.19820396030473378,-0.7435698277945507,1.3201809988816051,-0.30341728469645746,-0.5779852680452343,0.5533285405263433,0.2065470335641759,-0.48127356806958843,0.015630574033212972,0.2939325451434787,0.06920524234913934,-0.11903225229063992,0.5666102447069679,0.2246928821117292,-1.6746472279006086,-0.6466327746319799,1.3151251820338115,-1.4141061946831535,0.2189870256114509,1.3081744525785604,0
-0.27098560338124317,-0.37937928058593046,-2.601731971876457,-0.6824385361451486,1.2598435006328332,-0.7727418687099159,0.2838181304818265,0.21955315961153685,-1.227247483627875,0.37564850011795275,-1.23478749338033,1.6130167825864625,-0.6306637617402515,0.6182394960815129,-1.1928776306764597,0.9764408959471781,1.236133186866421,0.1232370905853841,0.5982265764902889,-0.3312720669336856,-1.4492274335914093,0.5802906496018784,-0.7135699662080838,0.2793547239254856,-0.9500834913737876,1.7989614815448627,-0.24623337358531697,0.5014542975725569,0.6620785031590708,1.2970910634180857,0.2620408887226965,0.9878439767491425,1.7712983019642252,-0.09099112130083795,-0.5404913188603419,-1.118806936152772,-0.2168085598109548,-1.244631153961788,0.41406037315403077,-0.5096357381648313,0.9977334974680684,1.1982090935930119,1.2274740960454151,2.005539548038081,0.0382454392572433,-1.6919435365950193,-0.47933326624975947,-0.2062700254366085,0.2536321999036238,-0.05229515155931327,0.10771747988510597,0.9541731554509767,-0.2921203239838484,0.5146403962261202,-1.0328431123053823,-0.11675919248762474,-1.0754179720383634,0
-0.783993026296931,1.8165963154018188,0.18019441220295238,-2.444714335580659,1.24548840859042,2.2879329468502436,-2.2092265563123843,-0.3953459873103481,-0.389646645507105,-0.0028002707691365653,-0.6718147226995138,-1.656033225198186,1.7797572164807474,0.772624086003747,1.3715013981785487,2.4961438795996953,0.4310522636526453,-1.7833966127945042,-2.728834863833755,-1.366596071228141,0.4857607184734725,0.8808224080557983,-0.30720744772042197,1.41472186001757,-0.8166870992720945,-0.3756789728893968,-0.3291932596502169,1.4557005643519523,-2.2563748696672525,0.8916149450425809,-1.9342624270100317,-0.4876970774456783,-1.6280620222504407,0.9267478669512033,1.1468459404387477,-1.2796822859858956,-0.16020153408542656,1.5694271254221082,-1.212041972095559,0.7976904099568205,-0.4715708972475236,1.646707259757982,0.13636737492489645,-0.5351253738314808,1.0838775997059815,-0.1593898978157258,-0.5724454988287796,0.10119461493579873,1.5971965842139837,1.2600624355243977,-0.09115905125759316,-0.23542809523561267,-0.098872762110869,0.33978030657709624,0.29977219065105776,1.26352681486379,0.05956553554275403,0
-0.10504929080433954,0.5775637975663254,-0.6776618689904982,0.8763142749708724,-0.7035110207610913,-0.24663601338505106,1.2779950206399167,-0.3385624007947835,-1.1244043159466557,-0.9128394941217483,-0.04948032122356845,-0.17489025965024038,-0.16311652931774623,1.454506790033717,-0.13856706708513505,1.5762678545537168,2.187561452889969,0.3178346550725935,0.9382539162337639,0.3342535241371605,-0.09221221388201913,-1.2250242466053587,0.1787340708191867,1.7947522621909195,-1.3031720151545645,-1.032719550620986,-0.884619448525624,-0.9094621763121826,0.22830352735877218,-0.2453675166555035,-1.2948539860560984,-1.0351548050980017,2.094386960557222,0.35507315811099777,1.06301370041158,0.6850115894964272,-0.476629487922644,-1.3132796748650442,0.7219370548214291,-0.9394606680589318,-0.0680704084451892,-1.2655842869819347,-0.07328683590017097,-0.31826008824958596,-0.24897260804603438,0.40280409617873275,1.277993205165349,-0.5190835333813939,-0.8332116978600378,0.997064921717037,-0.7370618530783857,-0.8467516270595636,-0.14098324409251783,-0.4193230233004724,-2.0703681127636093,-1.0320403875294666,0.8958262722024366,0
-1.439411215096175,-0.5674370669533162,0.5124618804725136,-0.07186081020169172,-1.1529905008019397,0.8087743519822208,-0.11619439654502549,-0.7333848973559014,1.1643131007929965,0.3365913932539776,1.5268430169270581,0.23755320808270125,-0.36675819115924774,-0.7711406034891144,-1.825963400055691,-1.6746609631515172,-1.296058555577438,1.7376028390510936,-1.3395513712803628,-1.3276810597265851,-0.8461364957136683,0.822883268521104,-0.7872801965297243,0.7158394858299706,-0.67040242182336,-1.484873717567846,0.29432075244559575,-0.2734055288091461,-0.7784916672501319,0.41293612844806205,0.6184468697617642,1.5641078491012539,1.516478229875404,-2.0445296648758355,0.0853621835995224,0.25379530505929504,0.14983902306185748,-1.0844976522472416,-0.2574786208973885,-1.741011759702225,0.6139370109959194,-0.10299110846990141,0.40268796769737053,0.22063413648743724,-0.4340685724617244,1.2057131536309211,0.8169459441334174,-0.06382184895080983,0.17609548841237505,0.2604536364447868,-0.7263277889344627,-0.8021776922722423,0.20989452837071826,-0.5609127566958285,0.15886386041059242,-1.0708465743086404,-0.4995762855627145,1
-1.155764910035047,-0.26995336307586393,1.041813950665191,0.6061845613173097,0.09068849005531335,1.10963334724397,-1.1925603548744,0.19384320699485155,2.4236938606695446,2.17059556551028,1.0709563147607943,-0.5738850717273868,1.1425737310692385,-0.17031365996488163,0.7415734999554265,0.5360074665162692,0.6825144685138056,0.7018545024230759,-1.2143285105737152,0.8758891534891531,-2.240540457946526,-1.4241746481176245,-0.4328110245223149,-0.9425290995626294,3.3040413786385154,-0.32209146269619965,-1.6075670832876416,0.30068462339075136,-1.6878352458531738,0.3361219891484796,-2.110345401471463,-0.04219742431037634,-1.5627036315070866,-1.2964859978129102,-0.13240113937567513,1.4239108897989927,1.4322443983638524,0.21734205604976292,-1.4835559617368024,-0.4163097096368325,1.330667942330401,-0.022615822239736637,0.17733839756041256,-0.042272776932313384,0.06425928552376906,-0.5878000667050609,-0.1732415579106013,-2.2379775371145136,0.16731321205535474,-1.8077996311078544,0.4265464515025559,-0.4751114548975753,0.6508243938717375,-0.5197373027283199,0.5404780678154155,0.8205745225910375,2.8088015050830255,0
1.8028519227384612,-0.6158212904778443,-0.7000353397404556,0.5882333252287449,-0.922545148832624,1.814499030104758,-0.052771204020990996,-0.07170890698995894,1.362815080131609,0.09164124355023656,2.014240194703975,-0.4800659689440027,0.98546440562286,0.19432699287022526,-0.12012451570404137,1.225128820360799,0.22839613809350665,-1.268780858613094,-0.33729458798721396,1.1561348994543157,-0.13142340456310872,-0.6581978331969967,1.307596012773458,0.2767271462224039,0.21216172501346048,-0.5975618439717003,0.6250224080719649,-1.5967544881725353,-0.31330000775942773,-1.9469255447517981,0.349762521587342,0.08558118775920881,0.5039032997692491,-0.420173224759173,0.9813955882316802,1.0936508887116567,0.2934897190343469,-0.20861706470714078,1.8947566057839718,1.3305093437294253,1.3324942904375856,2.1408907643402775,0.20114283321312867,0.7172101376564806,0.1363123236317157,0.5213630300271221,-1.1489836375563311,-1.3393463976257574,-0.6596368897662724,1.2601363763641988,-0.5100098341039241,-0.023359409756446903,-1.6779179778154905,-1.501806970255653,0.2950070118710925,-1.1325754225489888,-0.7814419722988551,0
0.3078988491176642,0.25467813948299656,0.1565218366595901,-1.0643429019267547,1.6748165950942744,0.6899793323452682,-0.35396837837924683,-0.6482400455956012,0.4457453614917837,0.9713915162481145,-0.4437704765950657,-0.0370848471939844,1.4252860107122558,-0.1473137480312062,1.3457723749800647,0.44871754440072287,-0.6642209068296079,0.06931317009646693,-0.4947892974960145,-1.020711036403332,0.08972782834470237,-0.6658894409843268,1.1843524714496396,0.001565914357038578,0.24928546790464481,0.47572823819817955,0.8471747345757967,-0.2913521856156041,-0.2332177381894227,-1.1190862436590023,0.4317372657630849,-0.8372073809024857,0.7304495327690123,0.18320433187289972,-0.11840499826842053,0.2139738200591351,1.5000438075263347,1.3490681154386979,0.909935261500705,-0.6059350785703785,-0.1357220361193672,0.8198746034030714,-1.1191662481166869,0.5644428443272134,-1.0240075424465669,-0.7399841234752288,0.4743741856910788,0.5917307591847969,-1.4459606142114814,-0.40651465671471304,-0.48121761987648437,0.37258073493689803,0.06270585849260846,-0.12499860504998093,-0.22185082290105193,0.04939053588209263,-2.669008708961029,0
0.3011643114965556,-0.6298749284040244,-1.1226909091654862,-0.17745179462044708,0.25957178156149513,1.2506757367835888,-0.392162215684657,-0.4152727944161631,-0.5138520906009151,1.9285805972974046,-1.3182140917001384,-1.2791732388381687,-0.7494584339523092,-0.28807086960921363,-0.5811933241057821,1.5857325298659897,-0.9224748936147781,-0.5236282997062048,-0.31460726723481386,-0.7568495572092702,-1.5767180336543822,-0.88960452507471,-0.2505943889105405,-0.4715494493267671,0.03466060409340156,0.35793568595681524,-0.22855317465694652,0.6536185632818433,0.7614859923629591,1.0120642543478258,0.2962671455044329,0.1173957419763396,-0.2016014393687197,0.40052355505911447,-0.5711587802295378,-0.2675604134755094,-0.06477301356710577,-1.1411114953719346,-0.30177675968079576,-0.4830842634878203,0.3700852633886245,0.9805684201331081,0.2059522079495908,0.5653669206653719,0.45825594605495373,0.21283854197782737,-1.6983284118071231,-1.1452103788698855,1.032161730309533,-1.532507838971151,-0.6203556839651218,0.992541775935475,-0.04956168763474269,-1.1916543416165304,0.8329260649767478,-0.4393143246659665,0.3904383149280096,0
1.3315663084667626,0.08241578819115476,1.9912808580811812,-0.44884138192915896,-0.8771390168239158,1.1849511095706582,-0.7532936215155686,0.03901490087686622,1.5632075264008773,0.1754410443817933,-0.28504252444842015,-0.9972073175724214,1.5503509216874949,0.6876774415670861,0.8122427965071541,0.7527186467407122,-0.2315564928621164,1.3490719137560812,-1.677573441706454,-2.9283332681151326,0.6729348506955051,-1.2216383281840453,-1.1945099637590646,-0.2708853806227456,1.4151522725547514,0.3899897944542986,-0.1530564742222467,-0.8797251776849162,0.6423399421419719,-0.16950768044686096,-1.009121942018114,0.7255027705476992,-1.223437320018266,0.7109436298641112,0.48575193687602014,-0.10167858054825653,0.11029401387676777,1.7508135782628202,-1.002589428099469,-0.25283772727351533,0.12272853636171285,-1.6526531359779482,-0.2760213104262656,-0.19332910093156278,-0.5359173891788106,1.1743879784234517,-0.2668241152859397,-0.8125560535358345,0.4485988942416377,0.40567539447334344,0.31764855409711606,-0.5819858063208939,-1.4336051705772477,-1.2063747975747265,0.5905412914623678,0.002251857143856061,1.0598273120277837,0
-0.17909239762719445,-0.5939735403558002,0.2851000583598887,0.28152062864247646,0.46535609375948495,0.036105875203890136,-0.4216152344683527,-0.6222148120773909,-2.3147906786539503,-0.18866579760974794,0.1768957738682278,-0.43172635082450134,0.0573561887167952,-0.58014783498946,-0.4781740518777852,-0.007849243126612017,0.2730641532530872,-0.4924733021489522,0.5538812113441851,1.048312504792152,-0.31791457336597484,0.8061998341094379,2.1144410797183286,0.21112822882038454,-0.05500836236140965,-0.7562259032791259,0.8808138359857225,0.9889535976240387,0.3215287256241369,-1.7128302602104644,0.7618492356290256,-0.5369707937311469,-1.050078023108481,-0.12542539814919823,-0.030170505765247196,-1.3910752691900512,0.07273411798024038,0.07709022542213072,0.14882575141666507,1.0522530619202917,1.1781281902318046,-0.1431921303980759,-0.6385477454687449,-0.5256691260732537,0.15753220103181148,0.5704101701894245,-0.8149936464530299,-0.8994862335980958,0.03616799936155792,-1.0415745007151864,-0.7841049331879788,0.20891224625401678,0.46631780633444114,0.6583934284440023,-0.3016714733789677,0.17846421826076708,0.7124788259269677,1
0.026355325534534776,-1.3704074805718038,-1.7610079389172453,-1.2205942602272453,1.012385050733856,0.9182249251552536,0.9686710293153671,0.16569649686845236,2.246306947005326,1.4383952077584679,0.8041734599713258,0.8972810897281452,1.7320480177763196,0.9224366854405877,0.23128827159431048,-0.7529333086499369,-1.3312802126120873,0.9879401941062778,-0.5598968161886566,0.9631701390707784,0.5385503308788414,0.7584235051819697,0.04289798596124625,-1.1840211722712022,2.2934289583902747,0.17561104977487627,1.442013906683387,1.1845430113401034,-1.2306374981468426,1.5697446228428007,0.4025674793348618,-0.05557732314847178,0.1472967598803289,-0.3045181198091614,1.0846798227264276,-0.9687899173678105,-0.5798258326263411,-1.5060200663747383,-0.0586486812287526,-1.2266903207125028,-0.283584613883989,-0.283489847798867,1.0501219807449382,-0.0852967919480447,-1.223722258945527,-0.22444261052303036,0.19656276592107105,-1.289974404873122,-0.6437056327615353,-1.245510470679426,0.6096429339518614,1.4602059652673178,0.42950207289905373,-1.4444765289240247,0.09713516766805286,-1.075351510431993,1.5200460755002105,1
-0.32097028649838083,-1.9866221681996599,-0.11523568808094481,0.2009793064277037,0.7984904005260736,-1.4439375016778242,0.7297002554915447,1.0080914054458465,-0.49358011486138614,-2.0310488762020387,1.2893163658402107,2.3295583276648104,-0.2556972442736405,-0.958067352332808,-0.9810889237117739,-0.07774017429602693,-0.22587777074228685,1.1273288845359317,-1.1601779682701319,0.4940006111678628,1.5969884345729006,0.5330757151364207,-0.7974410100368637,-0.2533682886255954,-0.5959353973192575,2.0845522060167405,0.10665562321086627,1.7374067569649603,0.41238713502169116,0.30870208039159935,1.465906822121083,0.2148481226154043,-0.48948769571512435,-0.7277142811719813,1.1904515421813073,-3.0977403145353946,0.34790300644067207,-0.1201317102954635,0.36898365702862407,0.7639678392278016,-0.06493764913136169,0.6061456988614393,0.3453407823153788,1.3829032833383974,-1.1238785421396034,-0.8227158612552141,-0.07026341160754734,0.3924414746538569,1.666722721752967,1.5302984583750483,-1.020337139760377,1.522206846112287,-0.20424278499127305,-1.5158528284716555,-0.005403235739265805,0.850239376547133,-0.20262746255825254,0
-0.6473479147281819,0.9728537643420161,0.0011367894899286214,-0.10239333280667665,1.919183255641398,0.34685503298676196,-1.0034565481772721,-1.1321551307273192,0.5532700407985964,-0.464728934548821,-1.445901836103285,-0.7631781697409049,0.13693813884194103,0.14051910024462178,0.18429819809336245,2.1592301261273374,1.1159442670324207,-0.20377604975648955,0.9018703091583704,-0.6824699650019808,0.49180904483208393,1.2028900599793726,-0.2498530126827409,1.1793098750994881,-0.18888549581162564,-1.4929577491891362,-1.2737326477483049,0.830399059414823,-1.4796807460652155,0.04216003194944317,-0.15036178223576574,-0.1465045620205743,1.4780032311826532,0.12494604863646208,-0.7777963049655325,1.1599775111707478,1.165409623345735,0.11963310062566308,-0.988518636884405,0.8297575435046148,0.6951619518185809,-0.39796903598746475,1.6987741916460275,-0.21306142772593337,0.00411726251828057,0.3736781427468805,-1.222987778088507,-1.239505290676885,-0.4524652811638527,1.4073747748218846,0.1587704752158492,0.11764523621953651,0.35177523276054484,-0.9937494827011601,0.5607739248715421,0.7809270866839756,-0.4323679891937347,0
-0.0939203092692931,0.5605745360840065,1.0890860259051989,-1.1761894672706767,0.2847518427793627,-2.5530132040923803,0.27953901146111565,1.9010532863805376,0.08503652380134187,-0.04276169141921645,0.2208179415924301,-0.8967202267256532,0.4958517723513122,-0.7378924271743363,-1.2559096232297475,0.19406595633227794,2.629692364437835,0.9032809806389132,0.05332753842219056,-0.484701415449423,-0.3973457888526277,0.019811369195900357,0.6847695354468338,-0.13418265802851315,-1.9540961570708988,-0.04281258977505399,1.6558971354141663,2.668183003017003,0.7305091191825914,-0.41350465713942314,-0.5515059343009371,0.826107368823117,-0.7362178605474113,0.44068773283580714,1.0299233803046495,-0.1565889961518457,-1.065772810476702,0.9018894463360784,1.0317542038996288,1.1433687210700216,0.44560408333348656,1.6370004272699317,0.5003732901047118,-0.8559523453076472,0.6699243387110811,-0.788112798372165,-0.6865730316943868,-0.012861331368350656,-0.03709745670777181,0.348682186100434,-1.3012420540655685,0.37817091841539247,1.7902024372254326,-1.9722428612911507,-0.09546230286173356,1.9666044819958757,0.28133437773892844,1
0.48189257313575773,-1.447272606162377,-0.027351133552304813,-0.07105955445088252,-0.6305360911961311,-1.2990889496244062,1.4912275736007903,0.2862698492525214,0.4245681664718494,2.0818754476120875,1.71046332412309,0.013087587544786877,-2.6370130148006847,2.4180198514630664,-2.185820395611418,-0.3624502278795389,1.3437360020753162,0.3305913042841761,2.5104201730396443,-1.641142504352406,-0.5537211398782582,0.6364875469957262,-0.19739871814993548,-0.7101717239765534,-0.15527795046603643,-0.06345746841901483,-1.3350425832610493,-0.5935311951481342,-0.9337346492209057,-0.014965817266819009,1.0620222848459502,0.6231506092889078,1.283503241266574,1.6122989955584845,-0.777589493401268,-0.7013651788985842,0.5906713375901294,1.0310084873072,2.727320302349492,-2.2143000877702574,-3.633544389375758,-0.15524735470466466,-1.5721656270186597,0.5461409277250852,0.9770188651538969,-2.4077659093626815,3.1658067269407013,2.50136593751239,-0.6442681573262011,-0.7713865005133296,0.7993411236944086,-1.353346941695204,-0.5183914315674744,3.084720782396421,0.1220455382142299,1.00040603436362,1.8635508897442519,1
0.8061126895381171,0.5557331138434517,1.1835613008904897,-1.5365857337086544,-2.0828483054051423,-0.10483460826424384,2.210349800216082,0.053305144629973475,1.017979681543216,1.3951852528451503,-0.09572528003875411,-1.071274897418239,-1.014579568967607,0.14058825274154668,-1.9079087203790972,2.947986070084675,-0.8549275815099254,1.3597194059379485,0.8494640531361343,-3.9150360945853495,-1.5292228959221392,0.02422177054176035,-0.24865227102753157,-1.8243692215866638,-0.24623740506761432,-0.2015407633451817,-0.3905519445418571,-0.7976440437015149,-0.300301561085801,1.3643471117161985,-0.255365857697406,0.2787110011602427,0.44513810933360004,0.27219765761994397,0.1686889780147045,0.9893571602160829,-1.0090449276006443,0.9227357261838881,0.39686537252869325,-1.6063656267563367,-0.8815859488890104,-1.6063209383780097,-1.3179894488035755,-0.09576096855872528,1.4194783442805992,-1.5552117414109141,1.595977907167657,2.840821494566695,0.5735973466353321,0.29539411956351885,0.9851489035559953,0.5431883844842165,0.8244189761805404,0.5578677800457875,-0.8361458831428578,0.33239064897598025,-0.10863038687502315,1
-0.301897925465951,0.9112912231948267,-0.7459169322577349,0.9111987157247996,0.05828994095993699,0.9598789281439486,1.6234293235923218,0.7234524992042258,1.018188493961024,0.01358204712675022,-1.3316205227686146,-0.09741286494675082,-0.6830589771844642,0.464213365729944,0.9649711488276301,2.3070389332393577,-0.032549139216775304,-1.294251395362723,-1.1424397671230722,0.8641706096805155,1.0539536261047582,-1.3315834875309722,-0.928607907962675,1.7341389504636076,-1.1554309585207265,-0.818610926883018,0.10041582307366205,-0.6597360687736377,-1.0403574715784758,0.4770737888546379,-0.9572382923506457,-2.0320828800500443,-0.45709497473189825,-0.07035164458080274,-0.24265782444030212,1.087999257904257,0.329606817245318,0.16498660700750106,0.7803956533320524,0.848044531488268,-0.20496766892195256,-0.17351657906465717,0.09476579632465601,-0.4229754052659478,-0.24704456256771198,0.24006325410073057,1.1417990200493893,0.26818270188838833,0.5196267883639032,0.865736534647399,-0.12898634560946406,-0.6612368308636227,-1.6701502168736293,-0.5681058943300559,-1.9230111606965468,-0.9656371810836291,0.8804844258968596,0
1.195749787975094,0.5517922639503726,-0.5501052799449605,1.8330521015363197,-1.2464283771296574,-0.33491226131478874,-0.49568861382738666,0.44346265895704,-0.4294434602906861,-0.0691140885971395,2.099714615466058,1.2224591420868607,1.6640651355370102,-1.1780216671957524,-0.39760648955318,-0.4720753032358294,0.11549250522627419,-1.1458529610379469,-0.9846317993700278,0.8074147460858396,1.5301146114945994,-0.5540371695462281,0.6085902731241449,-0.6038050091397033,-0.4971293194642578,0.06528635093705236,-0.18112774298015707,-2.2250282511164166,-0.3085749793482578,-1.5269708790666388,-2.3556762324503073,0.3276545255582152,-0.4234598392811896,-0.8975484599433793,-0.043101584449234766,-1.4959944146125368,-0.46456648925371247,-1.5938955182325334,0.919771464894625,0.5615654037376503,0.9734064160264969,0.3146880541827733,0.25846415576463616,0.7859005997510627,0.393137651483144,-0.606684701226128,0.08717177129696858,-0.19766767065014734,-1.161512678166661,1.2778892617688662,0.044215226380021434,-0.9556469091964045,-0.8325525345900867,1.4208181032908953,0.8616634419956045,-0.30302224568466984,0.23315589340131015,0
-0.793985770589857,0.15115016000423495,1.503603748764416,-0.9900892361734207,-0.27277445142376033,-1.342294897226736,1.04917725651827,-1.5584441153687452,0.8925112050998119,-1.147017289166695,0.4319890739656553,-0.6077568111231512,-0.91824725610251,1.5052408473706933,0.5577671996548282,1.2311563652342181,0.06746877116482576,0.6796926198633756,0.7062288114380139,-0.5979989658167795,-1.204113400735176,1.663249557488554,0.39237007399116886,-1.6522702488511358,-1.025317546533202,-0.01698816350887916,0.24478543421226073,0.9340196791245875,0.8973824270673431,0.19836871446319246,0.5812923627480565,0.6308207770243118,0.3304371554331867,-0.36436038458547504,-0.8122097412594136,0.13767820552551713,0.07955233464467827,-0.21309844874452247,0.13588304811617133,-0.9425295641647655,-1.5219447642022355,-0.5006751376712644,-1.4148647391846982,-0.9769679619558214,0.573536061291915,-1.1124942286132553,-0.08203704995719686,0.2321151662678572,-0.7771634281560988,1.2736254861159186,-0.3286321391546946,0.5946500678274707,-0.1973836024747717,0.036419711033728326,0.3216873129478628,1.1000439488838611,-1.1038286689090833,1
0.7995639104939205,0.2909619523772403,0.21395983702784718,1.3495786217015828,-0.25211214364070955,0.975344264581465,0.6397237877814695,-0.05513177117377353,0.8534375766588009,-0.4620567875137282,0.7541168594556741,-0.12039509746468974,2.1579157086570913,-1.0068667250101202,0.20869135767126193,0.1134810257211764,0.07210097748477047,-1.156072488195347,-2.208650606484972,-0.6906006759802775,0.9754179995587631,0.8894165908824702,-1.8018396706848718,3.008918569577119,1.2087686308478156,1.4236630737689244,0.9439991956925541,1.0201729618742457,-0.5272622247349552,0.20151000902577085,0.4609119676268118,0.15707266913615114,1.56887183308937,-0.220761202687605,1.0471952270812388,1.8360593537351488,-0.4097912400098356,1.702579118043834,-0.8347945080590002,-0.22300178286349026,1.6255682484005731,0.2747164986986887,-1.7040478415945362,-1.5622364945236338,-1.3621643231218088,0.3917310603922025,1.5566404431983525,1.5524009206171754,0.6099476751615628,1.4255397105416465,-1.9453506881536793,-0.8558196451377389,-1.281555636052339,-1.7789691451071326,1.9238570563910253,1.9683429575941582,-0.04542403151384298,0
-1.6315836396622667,-0.7449021622936202,-1.3762062024839548,1.1115955487913827,0.4731977515535248,0.13110944804913496,1.0648745110353472,0.35095048191113043,-0.1534456314878853,-0.2970498498724052,-0.16329387863567488,-0.49265246669072515,-2.156160244890042,0.6097476750674177,-0.4848884134382762,0.7853784250177785,0.8121250459947509,-0.5808153689589626,0.861572521134883,2.591251136389141,0.7594859978507076,-1.2149995045222777,-0.12912319436959896,0.49467918599999344,-0.48080718195237543,-1.2425765978997991,-0.7091716057693164,0.07958807244900395,-0.6508708063295786,0.6183671083387319,-1.326874443995405,-0.7069712993504255,0.9816994677602752,-0.6439099507293549,0.6840846110267952,1.3902321970556686,0.29058450274054304,0.7701410744351309,1.8626276938203639,-0.7448382711328864,-0.40057604562513127,-0.9337904337612085,0.5622698635537033,-1.1980525293650597,-0.7672083989396582,0.6552978127323793,0.8737293353381489,-1.6303167322304952,-0.7666342849945945,-0.16927937994415182,-0.557967181482476,0.0073003228869463746,-0.9125586920994609,-0.5243803247112502,-0.8018803355112698,-0.9530026746400334,1.7112518423932035,0
0.8613587295564318,-0.3104166485358881,-0.08566954918744817,-0.8022856381245509,0.6736622465992448,-1.502330601552119,0.3085948244881572,0.23727558637627807,-0.4316447513507336,-1.6566158235195885,1.0090670048196944,-0.189024871810274,0.41873262016812374,0.45632025838652884,-0.9162505964269384,-0.0008645616573873171,-0.28214537450226385,0.03673195751864451,0.1328949381987309,1.79956375247039,-0.4006193886548588,0.3681496206179206,0.6237256073058433,0.585130679433996,-0.220712020486513,0.7819809609794833,-0.08886941826097956,0.8161200768623472,1.2595282265324639,0.4357039025931465,-0.647267129157008,0.47571692437340285,-1.5637507484180042,0.03414823721396073,0.5417296934505588,-0.4351613408070641,-0.6732286860548385,0.28407952149741866,-0.4421650737867773,-0.9779982868746666,0.472866814148888,0.8274128088202249,0.4204480927391418,0.9240070081975517,0.3162614504896649,-1.3700155439460189,0.06529422087461872,0.8979125403855712,-0.016585153977281566,0.08588656691735212,1.4918237886703114,0.08662090098181913,0.36165254708147176,-2.2569734602452622,-0.07533532263571616,0.8734264991544567,-0.6979811551966076,0
2.2149745495324096,-1.6716910864686247,-1.2035873133165798,-0.4446363277183315,0.8008472867338325,1.2564473805216554,-0.06814418737432325,-0.05588920744885234,0.4127708426128845,0.10892956548775608,0.725906512205933,0.05739169660591218,1.157439810711847,-1.2872669385957336,0.8324455648869419,0.25950764530601567,0.20998601800911829,-0.3325701949000695,-0.23431271782451682,-0.35232006587531334,-0.5843779358998249,0.32024902179869363,-1.0479907597495743,1.7562810769458792,1.9864989977574528,-0.08036270090231547,0.4549157917798922,0.21431687229994284,1.1712366607312341,0.23384234776178764,1.7991142391933084,-0.6047411810703713,0.5499826366513765,-1.0011678177531291,-0.6092938988531732,-0.15532476483720423,-0.2960440247639939,-0.10512302385826565,-0.23228341365875424,-1.1987224203695184,0.11040741441612331,-0.6871340298154747,-0.7661612472166346,-1.0725345892142688,-1.5756370537637248,1.361324084673053,-0.09905741551522441,-0.10404662977851727,0.5871282326027573,0.7498618321263105,-0.32197615587852607,-0.7953659177199521,1.6562813739313431,-0.6032753927311029,-2.180373242783541,0.7178616534107456,-0.10347122531663465,0
-1.1347669472059594,-0.9320689992531607,0.3489316152441987,0.9830525037596802,0.15787375619601857,1.5827335478864255,-0.6216039610446269,-0.5825617603949215,-0.3236827697437205,0.08622428645962406,-0.14332236712641316,-0.3540006680431042,0.5446418214918882,0.35480314712868344,-1.3215476691549526,-0.21241400739741476,-0.004444090633096798,-0.560392357683762,-0.743939323626965,0.2368913310683338,0.5248948872054328,1.460977253796666,-0.16459272321832485,1.5376058522317542,0.18369864539336983,-0.8141139583641851,2.5187372124847753,2.0295839993342666,-1.688104148309868,-1.5945077584005278,0.5700729787626896,0.026010097039294282,-0.6706968178542109,0.41600721094138005,2.038969590039903,-0.4563782682914638,1.1106046440997248,0.7862267467278568,0.7397237236508865,1.0631017342161613,0.5001256379941552,-0.7027194732150633,0.4806940590065448,-1.189537512892399,1.5599944151413085,0.3274644123090956,1.1809971185615744,0.2833156661809048,-1.446663398741437,-0.465268645574511,-0.4698285337721626,-1.7018625453120921,0.24442582898389428,-1.938787699247905,-0.9415138649430185,1.7971578290270973,1.8725205894374612,0
0.9372389932462772,2.1467984114599714,1.962121118847813,-2.873978202120717,1.0372692294755939,0.36431384103808057,0.16369126293374647,-0.17422482426357982,0.03006003386646796,1.6801561125634275,0.6701108075833759,0.14075458065097074,0.4064719547716111,0.22135310021605298,-1.3174393771674844,0.4166565917181675,2.1147916126671835,-0.4199455296674332,-1.3215347691544785,0.08712148742491366,-1.2815221219006698,-0.7531317019246277,0.021037150027157503,0.699422007175488,-1.3837092470278385,-1.7270581912764482,0.005730655693231245,-0.8606992346718512,-0.4810457156113109,2.2104095404883153,-2.1487267366502363,0.1612543764272842,-2.1896046792572594,0.7647295257900322,-1.0970635470950734,-0.8715586139795019,1.1112080002006508,-0.3767182674511797,-0.3395533653971016,-1.980175107321834,0.8587212489940163,0.2934136410673379,0.3912394049960258,-0.8202647710978656,-0.16733618574694206,1.0963646007651147,-1.6097539948684396,-0.35478930213777204,1.6975503967506618,1.1524007738580124,0.18103297632237217,0.31730659806162426,2.1518216107421235,1.7621181460800759,-0.07331981613898199,0.20392349412821148,-0.587661579568757,1
-0.27228548258448576,-1.0558532833835885,-0.6648329025387907,0.10453246074620547,1.1299386378618104,0.5771558986458836,-0.016998710047865673,1.3034642867311612,0.946174288580086,-0.6227350797571709,0.35237865311205774,-0.27170212231254354,-0.33484406025557417,0.585722296819729,2.1081759708146315,0.6378141378485385,0.6866757156958591,-0.35454164477652805,1.6705738205083813,-2.2931369920887046,-0.6147642564871011,1.138668858153518,0.8089534433877498,-0.61533858586743,-0.6619799157505369,-0.9731298233291775,-0.2892142764201436,1.664670529466387,0.1202957591287004,-1.4032802885193114,0.2999834487291971,-0.17454981580598686,-0.304260428035008,2.0612195494868044,0.08576808478710614,0.9780609086106067,2.0061136313116137,-1.404598393707882,-0.09856341759278216,-0.7310360545585444,0.3564151628677271,-0.7793644339470038,0.09181720957443487,-0.5203549952583038,0.05891542678989859,-2.3265998877439533,1.0434050491996771,0.024324840143494997,1.4958430111282697,-0.09856235133941653,0.5651459370281585,1.4725498187282569,-0.5359453942913045,0.559196575869999,0.15475568010611265,0.18881797655191374,-0.3609481876101888,1
0.7275203674639281,1.3114850384703904,0.6967714242193289,-0.2988329131483196,-0.913354761428139,0.10846750134598637,-1.112282265633382,-0.24461622429196697,0.30160549429279276,1.0673924116614528,-0.5599537553008378,0.26719083737603877,1.4803155668707517,0.34252212197537557,0.06959357879027796,0.011826767409501622,1.2325421745017582,1.092133453637683,-2.123001369293101,-2.1766557251618597,-1.4549656991116322,-1.14975800444015,-0.08346712357025854,1.1000817943334769,0.4005530531444874,1.2197091266752509,-1.714405586471225,-0.3087550550880933,-0.8951887923989834,1.1622189946833748,-0.34165183031205615,1.1785044758219103,0.0259632685163854,-0.11580845093199107,-0.5687764761962819,-0.8635009452930869,0.764182549312672,-0.7033375402628401,-1.526298814941633,0.5442990167582875,0.17435926169624213,0.2067042994554259,-0.7483883905447819,1.397806222517184,-0.2691706987506583,-0.9600621379362332,-0.6475952022995162,-1.0806368822788028,0.5857232234693008,0.8792735930440578,-0.9580326792749408,-0.9856079927763339,-0.48634137520048276,1.5157847538911695,0.7696977032347547,1.1315840534057897,-1.142089167051569,0
-0.7491439830127528,-1.9692254930836495,-1.5170315343909984,-0.4661568661526121,-0.7641648941359318,0.9071528477409497,0.7700585147605438,1.0233750131830548,0.5784504452047228,0.6453333192003711,-0.5066034713278912,1.239430653639236,0.8910249018422017,0.9212657595666931,0.9334380351248301,-1.423312138286939,-0.08834351458311611,-1.6065342940798961,0.42269998364643535,0.13512600865274063,1.330942290013941,0.22900229259462326,-0.5630751365445138,-0.7235892822227529,0.45583189394362017,0.18600263922460686,0.92697020554437,-0.23513637304642612,1.120100843038387,-0.08998351225227959,-0.3639779840688726,-0.8258095338024474,-0.35195865621803896,-0.15302919816656596,1.0175739058389515,-0.377491696618253,-1.2461207539987833,0.4768146959604581,0.5261575823641177,0.4560294408089046,0.07722286246252048,-1.184222051996725,-0.22407008898985292,0.3611831257260848,0.14689457668937325,0.03331729734095958,-0.7122273443579303,-1.0104148817351082,0.5591382461336606,0.07073619013282088,1.7360893177555954,1.385160738531827,1.0843900604545336,-1.7555762388923386,-0.5651673853816782,-0.8643939825926752,0.5056531253674774,1
-1.955295144673439,-1.348262013552915,0.6689359937518986,0.4286388042694629,1.5602008514357084,-1.1379188824545103,0.5331005056414366,1.5702576573845117,-0.2959500016949753,-0.4042635060690301,-1.4985475550215426,0.49837635239763933,-0.8464076244139889,-1.6343729314060664,-0.5801417432485032,0.7973916786234868,0.79089983286962,-0.18205096271432541,-0.6568531672813513,0.026581509967569927,-0.5650424985525814,0.8940684030194249,1.2014000562775253,-0.7496703489349946,0.8014823875715492,1.6494655715892872,-0.880991969190199,1.9711060819600938,0.24187510199385992,-0.2561386717746921,1.3440159560646898,-0.0767216490960688,-0.31376183382624256,0.7694372919492213,-0.15317515268870643,-0.48665419694424283,0.07295026536472159,0.04193481082006341,-1.2495520305317855,-1.4699735016815665,0.1058694667247271,0.2815478529046832,0.12554876418178923,1.110203044898774,-0.2071757952866114,-0.9176545603988564,-0.4987923291161598,-1.018467307365567,2.345355339226893,-0.12919929578887396,-1.473074609256361,-0.6868385701042957,-1.4593644687822176,0.16263218995686246,2.46232353818461,0.5455560745955319,-1.267021802654913,0
1.5303236581076138,-0.567783892814597,-0.6354074530257322,-1.0440667507372992,-0.8732504239435659,0.23832330251316713,0.8688665161766835,0.5477923918018083,-0.6830557442707095,0.03307873609924209,-0.30245658038913065,-0.493461854624773,-1.93070957814706,0.5188216676125825,-1.8766820061469465,0.791558433566453,-1.4839932612617095,1.0969621183776779,1.273914460397231,0.4156256412258188,-0.696139805416598,0.072557713588123,-2.3848703939467715,-0.5600379356269568,0.19077768730375455,1.8025021902010747,-0.4442698486724974,-0.20857268445756957,-0.2170762484357066,-0.042402972790403365,-0.3774777042444985,1.0517841385584457,-0.34252731969331285,0.7012137078875061,-0.5261686636457427,-0.5309921360565758,-0.5829834426800922,-1.2158145053292029,0.28742357157574644,-0.21802285500574237,1.0092063838104592,1.5464310732785151,0.4120370255481923,0.89178129605745,1.3699774018105833,-1.130231787305123,-1.316940493916755,-0.15495143349534785,0.21782344337270643,-1.1734286634432909,0.6289764777575,0.735489360683046,1.7097590640973195,-0.19733808458618304,-0.4751112403817605,-0.6448943732039307,0.04435926535209007,0
1.1019825677060926,0.1737719314213293,-1.4639899972568773,1.232299685760465,0.5354523515563556,1.3078424632451717,1.001452256346361,-0.9801425022865262,-0.7745940925817231,0.573520866360418,-1.0534739198903664,0.5783216012564288,0.6253704507113333,-0.7172786538681394,-0.19782144421557007,-0.10285034836611764,-0.5253623976388527,0.4410979424178017,-0.8412579416309102,-0.4562040962297807,1.0090372553878908,-0.7230755818864826,1.383646525616729,0.505455384366983,1.4620127940491023,0.8932033141398283,-0.46882242720053796,-0.7611995155267275,-0.4423929870757532,-0.9939319032535565,-2.332412555665601,0.5323608019622218,-0.45565526395805733,-0.3943899095930675,-1.1603872926134564,-0.42543205191109024,1.5373789337779094,-0.7197372969942032,-0.3829009481425626,0.411513268374234,0.23183756655440524,0.24960277163486883,0.04858341777182619,-0.01362209313236595,0.20011563502995894,-0.43094450298294035,-0.1714007205312523,-1.7485150082559426,0.2643148456240727,-0.2990585464074541,0.2594617980741786,-1.3814484512509566,-0.3068619467335179,0.8659332331479276,0.6704382425457425,-0.4799809341759896,0.38464301597626277,0
2.453072271504793,1.4675858478718895,1.1588329192769666,0.02512933170978699,-0.5456509276493535,1.4228260542919076,-2.686997895084394,0.3481657483482014,0.33128715852648066,-0.2788133001624448,-1.1763755007353787,2.363618385259503,-0.48631397166343754,-1.490333858719829,-0.07117621888541698,-1.1719150811297034,1.6086663322747712,0.5355730627903856,-0.623871375625016,0.0008492286962245453,0.1159471304241347,-1.4509208642051443,-1.2784270655140622,0.27350746756196814,0.5410920992896806,-0.5980201274059948,-0.09923746139406737,-1.9875164726610792,0.8322278684250433,-0.01292133690820407,-0.12452613046519315,-0.5984069074394246,-0.7385840312710357,-0.655368038529079,0.2683005754166222,-0.9352741599299543,0.010661474092564769,0.5652697983864867,0.6757094825610377,-0.8196877811844383,0.7664666482488784,1.1565334170164618,-0.7451558084863301,0.5430141620785601,-0.5858472296249624,-0.6068296090230734,-0.6234802039085763,0.7066941952730722,-1.1106933560433003,1.4694707093506103,-1.6087423989542315,0.5330151521082562,-2.307308430443308,1.7787693185840685,1.0894997216471984,0.17649386254294622,-0.053990081479912806,0
-0.3674348417568881,-0.8373677103351667,0.4577924019471053,0.7523144171791447,-0.6273527728253874,-0.9878669719739341,-0.2791674255778707,1.2498140861489495,0.6657762716069405,-0.21685848214796624,1.0042127272008174,2.0524863528582618,-0.9668417584409251,-0.44114442593030406,-0.40430022856585024,-0.5765906820728162,-0.4797307987577553,1.1556732521057247,-0.3243416512562862,-0.2702545967860029,-0.5006084130549221,-0.3856906469270053,1.2276659869045377,-0.2622495696064007,0.0863376543607105,0.8954364721609054,0.2721763958189545,-0.163544092733969,-0.31184485349030455,1.145524946409726,1.463143819560699,-0.677181951575635,-0.8135236121934124,-0.35901138831217855,0.3473795304680882,-1.2311659681049305,0.021624744355767653,-1.6659941225723827,-0.7345129739636092,0.5724416181852957,0.11984362190047375,-0.622966147628447,-0.19636293708512392,1.365622891284669,-1.5393281688821159,0.0015325858431170566,0.010171770391511644,0.5091745520607782,1.4245411728485067,-0.7118935052339569,1.1388909071853044,1.5861781452409538,-2.1722712287879578,0.49439282280548213,1.802004363078193,-2.2347819971065896,-0.9583591591556346,0
0.4872379111346721,-2.168679746177686,-0.9642826081086585,1.914837185952454,0.8009838332121495,1.7994617682861767,-2.181406709939862,0.98459512042409,0.35359898046707294,0.46939997738365036,0.44895222438979926,-1.2754107576950415,0.7337573756410678,-1.7353560605424962,0.542550489555556,-1.0909192150875218,-1.7504053059705413,-1.8477594899721927,0.11201396172690191,-0.02536875682479964,0.4985594082648783,-0.44321673495351,-2.2871175631597103,-0.12713845935853466,1.1590430186966945,0.8812798316901718,0.6687146009565018,-1.3269937256717768,0.4361691210667973,-1.6539452585204837,-0.7003366005543536,-0.6542912998103341,1.2604020744652078,0.8957508225843013,-1.3320985303203514,1.2804304799530282,0.4483318837950102,0.4427817896707128,0.3664090130262777,1.0246071375089054,0.3093622384985107,-1.1951267579760654,-0.8702629666730421,0.13051756857483365,-0.28154905607186276,1.3368158524821245,-0.25611387206260733,0.06935066163028357,-0.7283756016771917,1.2041671404188254,1.0708824444062521,-1.1295916954982683,-0.4048751174395683,-1.073897284244924,-0.146769268582641,-0.5742873748822328,0.20804935092782298,0
-2.294229916612791,0.15070789640625298,-0.47252335695046305,1.029269521036688,1.3578526131814013,1.1232654458970066,-2.239313452510912,-1.910180828943241,-1.0558759165745295,0.6175302085180078,1.516526876650868,-0.38581090262091455,-0.23963050165065078,0.988055848699915,0.8160466300881442,-3.0444322287942307,0.7412745516777501,-0.07003608011403713,0.2866615573355841,0.8573714195201504,-0.4135606393209016,0.377875723550643,-1.7059594490457566,0.8788327307347742,0.7922641490128319,-0.3451736599995344,0.7432877156929852,0.9592542431762161,-0.8502776953017785,0.17332140285885594,-0.06457892545400483,0.39758775525492657,0.7909119572278788,-0.2950080461987156,1.2044521927080152,1.238042370146661,1.2470516694327083,0.10273371307262492,-1.097420282749896,1.9299191272507448,0.1462944614926244,0.1703662451960743,0.31178666986524034,-0.9799304618446869,0.8206525351350448,1.0482387850644161,-0.21089092996279152,0.11900730759969481,-0.7348208668926139,-0.9248162420859943,-0.44074486925932116,-0.7179712112758728,1.8180580195041849,-0.35953532262308807,0.9676194149480943,0.5352645915071358,1.116469682931493,0
-0.7401950934990852,0.8218458542139119,0.2817463872395772,-0.17468207758514656,0.9854565960859248,-0.23163915021125359,0.42055001422625166,-0.028247593839465075,0.8818960282943084,0.13672088559818507,-0.19438746589601696,0.17939749720062273,-0.7363762794230719,0.8724050721787234,1.4026973113691674,0.5373494250339341,1.5581301598925485,0.8610898972350841,-0.14956504399495402,-0.5346096381726849,2.086883423307725,-0.2753393786980613,1.7313802219494507,1.7485917091752188,0.40656431441615837,-0.36879088585304154,-0.7342059416810851,0.2932950663412303,-2.266863576446213,-0.7316000906597258,-2.05232391930049,-2.141547874738171,0.6437757415067318,-0.16213083973621809,0.9893296043779559,-0.3323070190162811,0.778542233521315,1.557323633860452,0.050177850843503964,0.9008644269866926,1.4381708653581868,-0.9361366333475845,-1.0070317257898698,-1.4163775441748665,-1.4499191915198897,-0.013337918199040929,1.065508204708747,-0.4304813842803984,1.5974219552191269,-0.06098353848588709,-0.04458463298126679,0.3875894014134267,0.03606353481258947,0.16904695984676346,-0.9550597552199903,-1.2187850214487443,0.9260451858268781,0
1.5452050927829406,0.13650103798273872,-0.9651654658856397,1.5500525536395702,-0.6018946888340913,0.3376967795490552,-1.1862290949308667,-0.31294162692552996,-2.0976799922266456,0.8004095270991999,0.3439659457977043,1.472361956339835,-0.12471618119173938,-0.35239983950712067,-0.6930543254625918,1.2169797722841467,2.0988256325138206,-0.15740888310122916,0.3753710178196766,-0.7338411871845465,0.2467470660816384,-1.2015513558835502,-1.7823414344205275,1.3422019307217592,1.33101632936855,1.3849913303138772,-1.2057940884909564,-0.40121432378773453,-1.0089151340370832,1.0232672669778347,0.005095393553956654,-0.5384525308910533,-0.22553541371905403,-1.5125095761641136,-0.392978610502826,0.09843891631456558,1.48297475291277,0.5796356832211385,1.0163268119802273,1.1320548551220921,0.7037841031565804,1.1799139979159263,-0.9652202974289784,0.2357022319388155,-0.003538005186608935,-3.5565747473874496,0.7502178063575891,-0.6522897087391232,0.27152681510197724,-0.20105793266392039,0.9886645767819088,-0.5965364058404022,0.18001692778501063,2.197739179128681,1.6576198639206188,-0.9135377183993102,0.615136827849606,0
0.19820382953733123,0.9810256247816536,1.3685900385979943,-1.1713846278810034,0.8305316797487226,-2.155315683293612,-1.267307909288273,0.8626860987326751,-0.17989968654716343,-0.8919989569165837,-0.626129447182526,0.4834426791502878,-0.9121165180096593,-0.3606460501244119,-1.9013096153623694,-0.8742645439311981,0.23526790679770893,0.5118450508234746,0.20983059134204307,1.0128027130662556,0.2615636604787346,1.731282837433981,-0.17068725419714917,-1.3043097652157962,-1.1814281891074006,0.025042366151838504,-0.8534163926464977,0.5695631721852431,0.3397405656179649,0.8815029247208641,0.4055641631090414,0.41761730691600957,-0.6366358486593275,0.19683899013242442,0.08152593701855697,-0.6216597390258665,0.4902486958029164,-1.6102572867956604,-1.275171467820783,-0.6681078109025229,-0.003768953961534228,1.0173777998572466,0.5065235615720635,1.6853058409834971,0.41225529426082125,-0.26618734160635743,-0.809431985509816,-1.021806035861389,1.5841026315293272,-0.7971671001594685,0.7675113861258075,0.22945609357128519,-1.6282398734304997,-0.5651883996330658,0.970617823259285,1.273621313069278,-2.966873425229258,0
0.27655152296306956,1.9106936802716619,-0.055778250744727344,-0.8607880329808192,1.0170875308939846,0.2863052486259448,-1.194148807855697,-0.789092012985513,-0.2461974471438175,0.8335883868123279,-0.31617475776041454,-0.9636665105929859,1.2354235710720987,0.5189486295741804,0.07431480017371493,-0.7665382743418727,-0.7988976876285111,2.1722176437345744,-2.2201592741884095,2.530593076479518,-0.10721520650552266,-1.566081282439754,1.623657532276516,-1.214394112902771,-0.36448506008888326,-0.9124385650984879,-0.2704721278891474,-2.136929555614991,0.3115073525247073,0.18589756016098688,-0.9191739443602192,0.09895716608499575,-0.8667798865119564,-0.2843881630890457,-1.3213669657794493,-0.6353111783780148,0.8912423103660179,-0.5467721645314768,-0.4601284903369567,-0.6607374800950095,-0.5152214314096144,1.0046615728272525,0.1403451715373266,1.0128442290675224,-1.0787485402056178,1.2085444906146918,-0.30394806216087233,0.4877723920199496,-1.1696735496826092,0.3488866367219015,-1.9683001489545762,-1.840806061047608,-1.3548583564212515,-0.8967359281204877,-1.4659387055322177,-2.119190863533127,-1.7402390327555186,1
0.3882752646787587,-0.9221115121767689,-0.24756521043144672,-1.3325718911782207,-0.8323404293554341,0.33892824527677345,-1.1380598499592298,1.2020108931510636,1.672783119364105,-0.364003965929137,-0.6266196853363997,-0.20191822146413982,-0.12304222566614882,1.1172449982222368,0.6266643606026101,-0.46731043121776217,0.06336253766601806,-2.064459439276465,-0.2366743538203015,-0.11487009489820212,0.3275816258843298,0.38199782165498497,-0.11489517388014063,0.773483225568478,-0.9646237582610047,1.723052792901641,0.7797776529122772,-0.694127264087189,0.4516770980290823,-0.15601702956065702,-2.0009746844439884,-0.16453206235503617,0.3446801211005093,-0.011471583599169336,1.6218233509998965,-1.0193003418250777,-0.6686478924066949,0.41865342762126073,1.1648604349840816,-0.17870771057605675,1.4257315762198968,-0.42168885611804363,-1.4567295357860135,1.3944771119108248,-0.8002506739981499,1.0617306857113258,-1.1717238746320309,-1.4784931113228756,-1.8019117294297782,0.05003162270233796,0.11063815559770439,0.28692103037365396,0.22356427115356678,-0.2548448235601844,-2.104256187586165,-1.2516950686734136,0.2800047478217348,1
1.8971483416553623,1.0883933384861324,0.03715641652648565,0.23896074920740887,-2.3734169000284124,0.0535825204366646,0.9551313995698603,0.6141654187161864,-0.8440593557109395,-0.6577805604465687,0.09132231855737152,1.5931355391724515,0.6247094896476802,-0.4258468236342669,0.5466044419631599,0.6553659872252807,1.387732362435465,-0.7725208313304129,0.018948203183447955,-1.4716576938562411,1.3168178466601828,-0.08064727624220848,0.34326455360484004,0.16045804770368668,0.22368620141853404,-0.4840006130367191,-0.11633002571023965,-1.5058548488397103,-0.7485091231143871,1.5991432035607056,-0.06439597047437881,-0.750085885504886,0.8662806182657344,0.7166348740235349,-0.060659873451827745,0.5887477355088273,-0.30181684527462016,1.1641857668334568,2.3828481850379712,-1.0695730059611057,-1.5362837035115902,0.6997650402896423,-0.22296170930334577,-0.6767653625500497,-0.7562861977931415,-1.8791748312760017,2.199435498593793,0.11400007258821676,-2.4245607921843684,1.2673344819229346,-0.5700896847443749,-0.17626620892356692,-0.5210735007891795,2.1682147557691045,-1.2036379912797306,0.2387699190887274,0.8887389863510033,0
-0.6016372476901315,0.04068983147903997,0.6271698148142795,-0.9218379101807659,0.08460337055903862,-0.44227515195268974,0.5041787922681262,-0.4767286172407022,0.212742730610134,0.5256577690234754,0.038373321175890394,-0.3911124082827248,0.1564472794741405,-0.3166170551308713,0.08974765262477127,0.728673874484372,0.8208751109072607,0.35383552909482563,-0.9537535630990819,0.6719238951283266,-1.3188735734326966,-0.190207661123558,1.3949024843597315,-1.0792179587868167,0.39254114828240205,1.3191689836312677,-0.020750515717182,-0.523862680092601,-0.7833032730183568,1.678554262209536,0.3998463972286534,-0.8607056258235141,0.28081847086017825,-0.3214622544556824,0.02628375387452751,-0.8538866986609582,-0.4646319902865588,1.6252163382346472,0.17239761389675368,-1.0443202389750013,-0.39534310763770075,-1.2810026578034233,1.1347684913642855,0.448954871761003,-0.8817625604362892,2.0193377147652782,-0.03342048376960011,0.30171588551574213,0.05934501378269012,0.6763925786183487,0.6382468087780123,0.18003880466877137,-1.2992608197720439,0.7606181412318372,-0.36680688939668954,-0.3890873870666253,0.18089094568182507,1
-0.025916746670574555,0.09451335121801174,0.025103326758399935,1.0593303061990584,-1.2848907582961218,1.4322437125599385,0.7492304164977962,-0.8754374059035287,-0.5382419958292742,0.912448797959757,1.1283145623004562,-0.6656056639550217,1.279550062652028,-0.9583014409540032,0.0014774167386948046,-0.3692497634494072,0.25307573444935116,0.521488502807271,-1.768312013477815,1.4616207470706422,-0.044981063464803316,0.10796502814702978,-0.1205913391360929,0.30127800171028285,0.9142118998913162,-0.5065593001240983,-2.5122569237726067,-1.5346700127784245,-0.6224838084047355,-0.8067245779748133,-0.5473687876206014,-1.0816336481586566,-0.8053950301387667,-0.9947036643155307,0.9230729505040656,-0.18752873400156214,1.071318528685588,-0.3923528716117384,-0.6375372890740695,-0.24646245130145641,-0.4406346485226273,-0.39506073741327175,0.5455358107112515,0.8151782076422056,-0.18410075526442488,0.5550205261869467,0.32593703851164385,1.1650030704814611,0.3636630652268524,0.5024087405143975,-1.1340232803438284,-0.43439627669832487,-1.5664607531183787,-2.384381079635019,-0.5491883316121341,-0.8012323511949198,-1.4958769075090321,1
0.5080649211103974,-0.9410652079180634,-0.21984787731314373,-2.0559141834420696,1.2962064940328677,1.8966046918554273,-0.23348425306243126,0.2579154992827117,-0.37287303393439547,2.2751105297125602,0.9908010018962242,0.4566065212269822,2.8927496728090323,-0.6541330759762212,-0.4456078554565022,-0.5075866724345233,2.140077720543568,1.253856844833376,0.3787971215537764,-0.8467212293691052,-0.4158062443494527,1.109814097244979,-2.0759970782006736,0.975196927238989,1.3452377956578503,-0.8440592223369405,0.6611526318512003,0.47072512773805353,-0.3976305945859358,-1.182538875677574,3.3740567304792126,-0.8846383548279346,-0.5443064109723111,-1.5015654914331695,-0.2778852546680469,1.458442017978368,1.0092767142086336,0.3925728755694282,0.6076326067952934,-0.20732416258063505,0.7690559969337836,0.410677345232103,-0.5337274973336225,0.41061055603431046,-1.7282432871686555,0.7692371541672129,-0.2917957097211646,-1.3694294879800935,0.8128851588280895,-1.0012726549260322,-0.6339507468365383,1.0506157629653954,1.1914780187063658,0.6302692108803474,-0.6213689609781975,-0.9609645277524068,-1.2772026478107945,0
-0.09588307913660263,-1.269935924929252,-0.7993580157375295,1.9671491389502902,-1.396176000418172,-0.18861290398487826,-1.7110827249024296,0.057632703276951136,-2.2507511806784506,0.14605979623638327,0.9690634222853172,1.4300619451332308,-0.006145130718416798,-1.6154990867531214,-0.054609022421215146,-0.15829807525723286,0.2850142267882505,1.2926858832956056,0.2743831249449689,0.24913020326344817,0.22967567077055587,0.12634710009614766,0.6043715204327336,-0.4311441814583398,-0.6812418093696038,0.2472257319111581,-0.899754905049381,-0.4031306648443509,0.7321428566671382,0.013287827176433162,1.9663980035065127,-0.684581137789715,0.5146719796830872,-0.5385707455327113,-1.5894335159998854,-0.4988710809932575,0.6618416321248086,0.532589503249414,0.5827768654377816,0.33216887130108785,0.4263591448114796,-0.4627676735278955,1.038433605773165,1.445916986716947,-0.9847765757176219,-0.6259817283619867,1.0124583058452337,-1.5107889954199976,-0.07264499667282186,-1.1920101001744268,0.20997617214979927,-0.5057901044344312,0.32915854892040675,0.2963452248280115,0.6522227545572877,-0.7070987736510593,0.4297773242012219,0
-1.706194092168838,0.8007401051478982,0.7694865429523567,0.49098614939555985,0.23498737604753225,0.9389307764412664,0.8352783625225069,1.3388047457454744,0.23767518482233094,-0.3129321186502231,-1.252163776255408,-2.4389449506668464,-1.667075806881761,0.7084791749715865,1.3176379279254367,0.4241147430897002,-0.7687044925365933,0.5879967072177282,0.08831334070059889,-0.5862192076265086,1.2818380896192545,-1.2115229852449108,0.2239747511731979,-0.14515099863654718,-0.7908086346837983,0.14778008856567101,0.18418819446939969,0.9634992280699628,-0.4776074545960908,1.3934031363133264,-0.006972986677495386,-2.3570419946815533,-0.5586242058065692,-0.29974663669017115,-1.428975614223623,0.32384475782729283,0.7297349657632083,-1.3829695813587144,-0.8850580218495314,0.1531511442523579,-0.4223216495111357,0.6007604976979115,-0.12857449880801985,-2.0561328847132843,1.232812022770518,-2.029150359985889,1.195686475280292,1.2157982786357773,0.798914552266664,-1.5344570597879517,1.314720251412271,-1.2287601322303627,0.12943992876903712,-0.45000233160299363,0.29360414864370965,0.17250487447295887,0.6171484444228789,1
0.6976456919298039,0.940015883035942,-1.00453914418261,1.729629413083732,-0.5875709823880736,0.40691312467026824,1.354837666212299,-1.3855375209176852,0.5827733910993417,2.2214032050143704,1.1145243882050468,1.541898766249163,0.5216494593089726,-0.03344414705637428,0.6305413816627173,-0.346338330003024,-1.6394084189111005,-0.29346334020068854,-2.2616040914591236,-0.6478066376512404,0.25125245618684255,0.015395903876239658,0.5321141949044174,1.5197837368178355,-0.7781949770378218,-0.4415834649045877,1.3502952382812243,-0.42528137566414775,-1.0423658628267736,0.6104965516108635,1.312652870854473,-0.1153443979116577,0.47228563870876905,0.3744991305467959,-0.6882118542417549,0.9360544682075551,-0.20889168206599526,-2.7611998229118604,0.14015946322038256,1.142555344948221,-0.4697705684301016,0.3395290716645838,-0.825010830526985,-0.1936423070948922,0.4081533846507133,-0.2155919444575677,1.0255760925248292,-0.9302492665949329,0.5675134189316948,0.4971224712018351,0.00885483730120939,-1.3314914134965132,-0.5988514959619325,0.25108210643668405,0.8905051333804581,-1.2042041531484957,-0.49256409635548287,0
-1.4789131224580945,-0.23263580921984303,-0.4783468395176455,-0.5362197845175715,0.10675249221094768,0.6409271189904834,0.12564467152721245,-0.06726604867626912,0.30672917529215116,0.6382197102728142,-1.0690018185024626,0.7601928197332326,1.2153169179547039,1.3320108066458256,1.5467418430573818,-0.29779507480901224,0.6349920619202476,0.5703691133152047,-0.7727187756701689,-0.20035919736394753,1.952401095789208,-0.10107741721658678,-0.38765362845628865,0.29971265582437645,0.5188488582320172,0.7787198974114724,-0.209598556885779,0.1590609523684395,-0.17197292859711194,-0.06830671201622618,-0.38314858834386495,0.3581013165527276,1.7673666891880468,-0.4829375554223003,0.4565290811295564,-1.1695663449610814,-1.2961121596774876,0.003809186696286382,-1.5352780590387327,0.9491742117528198,0.09844786870442965,1.0616550591078897,-1.5044336031914958,1.66607202546703,-0.08895789813468087,-0.21294004298367988,-0.6423473672945459,-0.5635618741960707,0.16485078852547727,-0.772939078072037,-0.06034648597474588,-0.28963374396857283,0.9245833752574067,-1.0446053163831777,0.46924426878854436,-0.1452776687286906,0.9884608261613559,1
0.16002979204140616,0.707994235482415,0.14732954149096308,0.3661062655389114,0.6051495833466691,0.6783771798369869,0.09945856978452977,-0.16804971728727766,0.74608587035868,0.23073990174537823,-0.5587881962353062,-0.26861732375864195,-0.7198415115510245,0.5976124425745514,2.1013296840893183,-1.195738545564579,-0.04751695423432403,-0.4684054214955972,-0.7035532427566318,2.920904693078953,0.5751022760005097,-0.4714304096058248,0.9914339173261902,0.5723739191584494,-0.9939424205155883,0.46337899223293727,-0.8902407544862531,-0.8399127021068802,0.06842935631887274,-0.24032018419981233,-1.1985191227497058,-0.46658803078965555,0.38266827690851973,-1.5216623417552435,0.16737065585449912,0.8396495026402668,1.4673687283681642,0.9038568608947771,0.2606687477405892,-0.2703258301782773,0.37355268209813125,-0.5384739228793469,1.0122912903912553,-0.07897500102079648,0.772164618564277,0.4639013102233619,0.7111867188490836,-0.46995965047325156,0.32482361107623675,1.5379421806854467,1.1847138321650301,-1.084951923126811,-0.3922724832161188,-0.19978824978845444,-0.652815973704747,0.34345858405880064,0.27700245361163417,0
-0.20190005962030086,0.22286730855662046,-0.8545806566241274,1.4424036955817183,-1.130201527982877,-1.8283403438199177,1.6326284780259959,-0.3443412033469362,-2.2819540218464374,-0.9278047229557612,0.2182093525775667,0.3299151908389624,2.1890599545514546,-0.9325198715425967,0.32153450941058354,0.6515716468692346,0.12960521524826008,-0.8660744048546863,1.4533250712547932,-0.1571139484736201,-0.0922768169932765,1.029664665261169,1.9069543293015583,-2.0548032775531206,-1.3928244743522675,0.024179038066906848,-0.6618215185072127,0.35347958115143224,0.4451271606851296,-2.3539879148805185,0.4794944554705761,-1.1554680446005858,-0.9422617316942097,-0.19562215401403724,-0.008516019044213178,0.12607236047981743,1.3204672735701775,-0.17379176765902205,0.60693326272758,-0.2603100447337606,0.28883909728495827,-1.3888346375670177,0.836189001017409,-0.4602288594521546,0.2986382769826526,0.13909347366811398,1.8595356289015692,-0.8048841349815091,0.47922421720679187,-1.0052024318359007,2.1632908180974217,0.12643125454705534,-0.5545577616884478,1.370001716970502,0.8199959756211984,0.7919560658918808,-1.2730548707084266,0
1.0887880505494232,-0.31842012554255295,-0.833865282331488,0.9066579645450221,-0.905847567315607,-1.9575005562313208,-1.1447275266185233,0.9413660906067322,1.586650390853719,-1.3439171038056246,-1.348049349759028,-0.28400138376211964,-0.728849472500329,0.027422732581614342,-0.7527465439092986,0.5364491504599306,1.6127428188338981,-0.5066309340327824,1.0988848108321467,0.7231660534718147,0.7012748501066991,-1.112411416203991,-0.1023106681989078,-0.6104965941490474,0.6500327342490235,-0.08326256855817525,0.0543015867188479,-0.7001948413453576,0.19261986665363687,-0.3775609212554204,-0.6232373384876025,-1.3771177867052788,0.7877385665682819,2.0464514803753615,0.9631220664879777,1.5583173134026707,-0.6906287379556306,-0.3117379590513786,1.6226712894886761,-1.1675604849901484,-1.5728840682797165,-1.081185150929399,0.08499131666705441,-0.36732039841554043,-0.5509160454230855,0.5405857489947923,1.295849385723164,-1.4300757811878468,0.47015473481495035,0.6512912720300846,-0.8140908399663404,-2.198713917304771,-1.138320239156542,-0.4128368478467762,-2.188772804599152,-1.7742549368874165,0.4575602403176916,0
-0.26269754308297505,-0.3949226175820197,-2.379026785448561,0.10361970321540187,0.16515315305235131,1.103459955437515,-0.5580892872723706,-1.1769240766837736,1.3111699789860367,0.6576061474508902,0.5457829478955157,-0.679787404135429,-0.6542339998526637,-0.5176557112971264,2.2317840233671116,0.16532604149945088,0.537207843180733,0.026409340351787873,-1.0276628225540425,-0.048981644832765764,-0.519390239230544,0.5634810386208027,0.6560537525340051,1.2660902014403501,0.5282974365755988,0.08372457770700358,0.8256405852001059,0.09829003697817812,2.2923183544218646,0.35754801894231886,-1.7103189865353614,0.6590917852608289,-1.879336774170899,-0.39677331480385625,-1.9899588310000154,-0.7144661801608579,-1.5713963540520255,0.6721648103881427,-0.948222041899072,0.3406258355473268,1.549334423654621,-0.35864850998717884,0.1303625179108513,-0.5932197609870542,-1.4816556616515566,0.16411831674749383,-2.416741585550221,0.5029486536626425,-1.0887738653141477,-0.9384279736483686,-2.0685490096630295,0.7416622897592818,-0.044796561994269755,-1.1225161969046025,0.7339824455381753,-0.6015206980249291,-0.04915802145654785,0
-0.04542152182197252,0.9335043227909473,-0.7425283535919269,-1.014727686531071,0.22584358564008378,-0.5225234848997015,-0.5740306377934858,0.0003338779540382124,0.9963702772961655,0.8178561619610628,-1.8634012205943018,0.6161184334647788,-1.1850683214014963,-0.4667085072599869,-0.9799070757852475,1.9310561640959047,0.1593867922119979,1.2191454433519286,-0.020568023704766757,0.25671243217696843,-0.8902903277423874,-0.16661963056979281,0.16933772613509573,0.5462835933297853,-2.5956213823582392,-0.25712181764499137,-1.211318707401207,1.218881023029182,0.7918926004275448,2.807515556424742,1.3611721239282966,-0.0939977360164887,1.124257717343042,0.880729718461682,-0.04365556683578637,-0.5590685387492914,1.359012077818047,-0.6387173633624781,-0.43869241619175253,0.05143555084725058,0.1386722315595378,1.1041677214261296,0.46208725932179257,1.7809277006681044,-1.4382055231582,0.1286710757901916,-0.4154194222414783,-0.49546275872305207,1.1765602846677647,-0.8583837979680283,-0.8462441143016199,2.0452980729249894,-0.4259182440070854,-0.46277927315173434,0.7937949057877932,0.30523728638175984,-1.0815797206006301,0
-0.45836583041500584,0.10116926536444103,-0.7169666820063051,0.6572502074521757,-0.6911558930641408,0.11819027680025009,0.33590781405213854,1.561451173146943,-0.14432506855834693,0.832189117081534,0.07737226222886447,1.3825998243747657,0.4514947000894375,-1.136089760495197,-1.1896656482665855,0.8025654073713099,0.6089599347875188,0.4066063544384346,-0.07554265521238684,0.7590402095158117,-0.29241253120111793,-0.3740889261877151,-0.9159902347385968,-0.28016202571177407,1.7311838022290742,1.2079279963279348,-1.2153541018065488,-0.6893437579999215,0.8083934260629754,0.5681817956325714,-0.29060332256659427,0.8105985694854142,-0.8627296073191488,-2.2538026974108023,1.1537616653743419,0.2686818174656104,-0.5210700620836377,1.0848910663384315,-0.24685364941540316,1.3781887520420433,0.7085958670035672,0.9628618678827952,-1.1018125088682549,0.42521444541355435,0.5290474958899486,-1.8023063560415615,-0.5711448738168855,0.3258646999392368,-2.100198747505996,0.36152367018416764,0.2495910164601655,-1.7043476628222152,1.0002573245179782,0.8627884931947962,2.065661714657018,-0.3276137855634518,-0.6083903251221698,0
-0.02128683738108602,-0.9612250126621653,-0.6636694551315868,-1.1509996083104266,1.3001446049674608,0.27561540454731953,0.06362579179892948,0.5417824172586115,2.207051340297513,1.4534143166917781,0.2311264177475441,-0.1696485755506019,0.6040563631592308,2.0147927551545215,0.6342905255234048,0.23347874427635368,-0.15965613845633084,0.10968909277755384,0.35179177973017656,-0.15537092994035936,2.7915931988918503,-0.4583764551188327,0.2922390164607847,0.10152333679029495,-1.7016976283418117,-0.2469582013470658,1.2625090468463256,0.006350855397208071,-0.09573950205037862,-0.1326821026641104,-0.2545246336074235,0.3084621404030552,1.56671147916428,-0.0791351535783802,1.1799203028241996,-1.5956954327214512,-0.634650210527301,0.2819253723824631,0.7920535358672055,-0.08892841495037963,0.6475006369484216,-0.7042503276266263,0.6743498325626754,2.3085636791439748,0.0957037735715089,-0.01841686517911681,-0.03051238592811696,-1.6678676264065515,-0.6673619986207954,-0.28454591097937754,1.9302531300200583,-0.8578060335190122,1.3836891735608288,-0.5518609936725987,1.233078031508003,-1.4722715688462384,2.020529236986204,1
-0.781499838485507,-0.09900938438498968,0.007029821113417803,-0.24765018233869465,-0.9802888394527097,0.17939197850510347,-0.2384705695268083,-0.0537061729649956,-0.08656613683341688,-0.3538612421381835,0.3178821246211467,-0.7943473511286041,-0.4069182193710247,-0.5536796491914812,0.0772700192516075,-0.017744847563257574,0.583959964073699,-1.0099841883683915,-0.1694205600985361,0.5673826326393768,-1.163992810556641,0.416898547166314,-0.5707231979146319,0.2562121545622181,-0.2915879921637085,-0.558965895784724,1.7351201836231975,1.0248348994350103,-2.265901982653501,1.367826570923979,0.20243740411418285,-0.8267455004735431,0.024854136452149303,1.9936889483658647e-05,1.1346910849725942,-0.3168236829375233,0.8481512649862516,-0.046028100922987,-1.0695914314195163,0.8792865111081929,2.028325665460224,-0.1797476179326058,-0.9549971229038325,1.125978758369587,-0.5276236393319975,0.683018929510213,-0.41064876121790184,0.7019736311135426,0.7444857944987449,-0.2761124068909744,0.06119626681592011,0.45374762879326863,0.7784111703440042,-0.1910669896287256,0.3815519738470014,-0.13076249829356548,-0.2092996376339368,0
-0.5089524895113919,-1.041806798204785,1.349494673174863,0.15908594143520244,-0.6684822146448796,1.074626498293812,1.4590889737046062,-1.1257412643151665,-1.0256443683840801,1.246218099141775,1.5537530116469076,-1.1820514722654247,-1.1370307042988756,0.8410922016819871,-0.43992666379784445,-0.05313113167106053,-0.1945938560201623,1.5936172667397825,0.4967723778107266,-0.8872422725551911,-0.22803861444136303,-0.19216066514843086,-0.8158721756381587,-0.26999515242198563,-0.3748192736449167,0.731873300333365,-0.005304333377695944,-0.9731312290458136,0.9939739245757366,-1.0315720394507986,-0.9044013182432434,1.7468484724253492,1.0779386422579125,0.6545383572428268,0.7186710739280661,0.2553669927762414,1.0508241729075023,-1.3527750155387046,-0.26271995920816077,-0.17159474130650407,-1.6051489243730215,-1.176729032992786,-0.8725378836922247,1.5134536974855035,1.7781220580312078,-0.06255615890697193,0.5915744464124542,0.616879499359553,0.41623314145260365,-0.9396886628003847,-0.030904360018739647,-0.18435269105388818,0.484737155461866,0.780252733792306,-0.33274137664105086,-0.21290304124957654,0.6316462790667762,1
-0.6983258191037343,-0.9385902053628921,0.9068814964676227,1.2819013391272587,-0.690925995591178,0.3400739858361868,2.0225944125876407,0.8724246170210725,-0.11775638656976115,0.1241696177433787,-0.011833773117911445,1.041276808846909,-1.2744276243020567,0.2346650505197146,0.20707190982081985,-0.3787936828886698,-1.1734924222751923,-0.06033160620067774,0.2599848118058777,-1.7199269598999818,0.07613431180410847,-0.022574315424100946,0.004196010968500844,0.8334170451006467,-0.9269471274032868,0.02758556831370031,1.0711901605271037,-0.021242711928724754,1.0361710234714543,-0.26268725442699614,-0.2124394081906168,0.36337254873306646,0.5825841649108644,-1.4125188866406806,-0.05824695037275867,0.6190874582240278,0.7276812151094197,-1.411959008358808,0.40281739183614007,-0.494485954607676,-0.7619499653666361,-0.6422791047012699,1.0699810136343502,-0.13323420910834796,0.5925829393748724,-0.5154597181830534,0.9036305150171817,-0.026136420899496995,-0.052657022405925735,0.07826993712813082,-0.48896345349051334,0.5449163633181795,0.6162748915560575,-0.17398395588794419,0.21749132887657024,-0.8408438109011991,1.23171540034624,1
0.999348881064738,-0.03973218106988855,1.4211625734689606,1.7347736825502704,0.0017424306181333022,0.9241035383053702,0.4453519120618597,-0.8068530840252732,0.5789205451677242,-0.35323875157849743,0.7759710422601679,-0.5574759597872396,1.0527357790465157,-0.9752484560065561,0.22718233728150367,-0.5918967501531783,0.08670114994966363,-0.8751407118698731,0.6088016225267444,0.5816560023450652,1.032268029827893,-0.9432464330062644,0.036975399158288354,0.0546328881753076,2.618063231025056,0.8763754411547058,-0.7204888434738524,-1.1390537101523837,0.6470828010217681,-0.06641411603130551,1.249931242266388,-0.48675136247077017,0.9911965854932223,-0.5136543702316921,0.18313508541482135,0.9079862281326392,1.3411706454202592,-0.6564268360481238,-0.4758328272125811,0.7776812958701032,0.3916251096002261,1.6339862368850397,-0.40086024634373946,-1.460909757203601,0.5394625991873025,0.25939127247845006,-0.9213457758693325,1.7370186141229862,-0.6289428093595987,2.0659063838403924,1.4689873757917118,-0.11859567593780716,-0.16985631679222035,-0.7303117102767409,2.877851696737846,0.28077623956698483,0.4661551319841258,0
1.3152744404983345,-1.1448163633353892,0.16350837798549553,0.3301277126747481,0.7609944898222424,0.9795406153177426,-2.146469880419028,1.658560456424539,0.35881460989496583,2.2741504659370206,1.557227891374877,0.1802533668114465,0.1826507182213969,-1.518959026047244,-0.8499899295885615,1.071893385171867,0.6744719658093912,0.3493971427212532,-1.2176476272976475,-1.9204200196345438,-0.737917363436854,-0.8791009162680585,1.395895281311767,-0.045767204965506944,0.4621382434501042,1.1866226171237264,-2.16043432215528,-1.1273461014317387,0.7060482882736809,-0.7236856276850889,-0.5198167768867407,-0.29244400957829786,-2.255411086915869,0.30261746732694744,-0.6495236903214392,-0.46673254053007507,0.5462364924263271,1.3381504800284558,1.0790204156154355,0.9496448643548745,0.728958907266505,-0.15788059874226473,-0.39689313485323297,0.959297535163009,-0.4565326992975977,-0.22009754456532563,-1.1593771883086301,-1.4794572617405874,0.9783055197882574,1.5709896036582298,0.5372151654059026,-0.13815877137356355,-1.3479199994691948,0.8123390021023118,1.3315144403485104,-1.4483313385287138,0.6564234433366459,0
-0.2543122333429082,1.5850553349625787,0.7681094052042053,-0.2974919845100882,-0.08196587497910529,-0.6475543274163944,-0.0834702548389734,-2.2707970359117966,0.1724752184885459,-0.41859688183392174,-0.2518206754299351,1.9374499756780366,-1.9598171160853983,-0.41275258662603903,-0.514524060365917,-0.7064047991584141,0.16453441102649333,-0.4225103775200981,-1.2021780269045614,-1.215225523488104,-0.9322438707699279,-1.0622921366741087,-0.5559154371134614,-0.44799139507615315,-2.245950419969549,-0.6221800300037923,0.3416678404666221,0.03367588711208273,-1.5952648217099614,0.6432077824821408,-2.5395308667254652,0.11510087353824086,-0.9738970084046555,-0.8274067734943625,-1.6485029124071724,-0.4612206015172255,-0.7253335644332143,0.26871631859498646,0.28363375546819436,-1.2457513150641106,-0.8718331506190177,0.777905219012145,-0.3500431200983362,-1.1078347211393296,1.4368891109682076,-1.0698601391140983,-0.7226245539891267,1.8830252166714885,1.701334726026236,1.2999422373709126,0.42877886160652373,1.035658087633965,1.6000909828742047,-0.9803859573126941,0.9635853423727717,0.7692717942532219,-1.3952694413985955,1
0.608362931532924,-1.1403366461890643,0.38337603668669706,-1.0455508862622431,0.5544350811634351,-0.47371570347890035,-0.5563004503894204,1.351096619997686,0.6524075072991993,1.4502508410995738,-0.2994454461508275,0.16835550748404526,0.6913927156567437,-0.16650557661941062,-0.2429751286562949,0.3473875114965809,1.0457731712308698,-3.120108454563425,0.49940197958041255,0.4908456739632173,-0.4111434282149477,0.541528125122376,1.762410776571286,-0.7139311286750701,-0.2499980078597237,0.38679353025169205,-0.14857897796407105,0.4552533621650295,-0.3564273830758475,-1.3079996150704778,-0.09696748029165692,2.159324079788843,0.004557432203938066,-1.2784689585032156,0.7796827072539959,-0.8216273421655921,-2.4696045912323865,0.7034652338589358,1.2470781217102918,-0.48355850488732505,1.4854129912262655,-1.0206087007765674,0.47473297432672745,-0.18901090300219833,0.7780694934199344,0.13970182743373397,-3.1343514805002957,-0.5178825314158166,-0.7955464171897562,0.9561345152521309,0.7586109880085395,2.4299007740595604,0.08713288573897926,-0.19324177952838917,1.3813117985991978,1.317024684482055,-1.0539606285993401,1
-1.2302357183180093,-1.563954111228747,-0.9741853261605838,0.571831751171472,0.42560313050047904,-0.561667657559044,0.8285922923117378,-0.3527068320242083,0.0005417022610857937,-0.3412018692096126,2.106303116678743,2.700009979091511,0.16578094173036415,-0.06100351216411221,-0.4386108483684644,0.4645869795580659,0.7444973786270137,1.974305032728153,-2.7788700657779644,-0.482106915240404,1.181487614970695,-0.39183317377096627,-0.009000353736045507,-0.6496411889410094,-0.47586624834636404,2.848653423875953,2.0566432888176394,0.4629717117421447,-0.8966469023251706,-0.25165279171956795,0.03345200178162803,1.1991911119300798,-0.37016807488035647,0.4614120757845378,0.5865955553275285,-2.6332810547215812,0.2867162218219457,0.6913156388063301,1.4195363348407242,1.607642007357656,0.8415889492306654,0.5701645016762159,1.0554885035744348,1.7121392096504777,-0.4003641719313052,-1.2023765106894335,1.20488720277296,0.2376611478061283,2.635695911540067,0.6270869954902247,-0.19226457635520539,0.29233046975430205,-1.6254828282704799,0.5003834514785119,-1.1996550356117128,-1.5184882501299442,1.285827689993501,0
0.04092180593869502,0.514913550479618,-0.23147210390792217,0.0380536165028979,0.8845373011838046,-1.3836416170495949,0.6412534068575281,0.40136063773391445,1.1969346532031935,0.9720585709648337,-0.5495679755046585,1.41252152300876,0.04021635164681362,0.7687550229078073,0.19789833165845305,-0.05886660303705403,-0.4269708191041882,-0.9281052342080083,0.0825141428836984,0.6773928995994377,1.3408883642348608,-0.8787882367445093,-0.01595554273321602,0.30772687696930284,-0.12487289759647413,0.05947333272770183,0.6852916443732635,0.29437000308913364,0.4297974387519891,0.47774224462914355,-0.9603056463928785,-0.15080011864877715,-0.22219958495534328,0.8410138981381148,2.174595857397933,-0.11556779290716737,-1.982818560252631,-0.572493683509287,-0.4830550626340543,1.0887472063182546,-0.7206838918416355,-0.8386645657442988,0.11894454284753847,1.0818076074829874,1.016537310359144,-0.39729768451168807,-0.0779526928231836,-0.40445174231866904,-0.2310188467081641,-1.7662237914398529,0.6535325285449967,-0.36429377554482995,1.7759469522943903,-1.1023282064812188,-0.6235965198370048,0.2580860782717087,0.7512347007756373,1
-2.0317158555480144,-1.0216886034919743,-0.9297826193103068,-0.6030620268631709,-0.528237887777739,1.6712083905301554,0.3339036202717164,-0.09314246703539593,1.0851697357881167,3.1685012027278554,0.5667779393764032,-0.8690166615321249,2.1672049650680596,-0.30667203311138436,-0.3062143657998654,-1.0275942996428826,1.045548218060077,0.01805942812873907,-2.4813230661221235,-1.1699118828266843,0.3117638724391282,-0.22582451543480503,0.3685770757844338,1.296624841694142,0.600007072391685,0.9130392094777969,0.5624265550285359,-0.552269273083397,-0.5370685835360538,-1.7438956591112218,0.7745045744559471,-0.05309738844499065,-0.6205581713770042,-0.4893209354118882,-0.1657036228135676,1.16064343996892,-0.4049259105903686,1.9150705466688627,1.9249183243763954,0.08278631013083594,0.2833654252407498,1.5668690875524054,-1.0359245238727135,0.8122385116505557,-0.24211538711273284,-0.08923207384984562,0.3066721458597493,1.0846113234828336,-0.07773628227703112,0.6298999131182951,-1.335369656582296,-0.1443739424083472,-1.4533944715285616,-1.1009675457626367,-0.23534341669577133,-1.0773719670864041,-0.9487980565493532,0
1.5473039283093948,0.08331477981061612,-1.8137300755240549,-0.22361156352772993,0.45986172799254876,0.2274804510683712,-1.414246118133727,-1.5823286927464162,0.8318281849832277,0.5272386679856889,0.8095666320967935,-0.6750087374963679,-1.4475539699523303,-0.06068364359108288,1.1568474371491035,0.3339805011226332,-2.213179717782792,0.5348883918034195,0.4759028612398812,0.22827109347160637,0.753280004298228,-0.6890909257604152,1.52504748080387,-0.7538701167774253,0.06254134999316596,-0.375184343892074,0.7228705516428144,-1.067990907465535,-0.1820426655809598,0.016486475684350615,-0.9257471215732401,0.6133414457858041,-0.013517843606972479,0.9277669951312185,-1.1882813755571007,-0.3311188797112475,1.5501291127012697,-0.5940770172731135,1.2438643390345423,0.49080257860472243,-0.6041004680537614,1.2059097459608983,0.4743421981830069,-0.14900087853858235,-0.24319349094195333,0.26609469870169733,-0.6385847852578709,0.6695506914436425,-1.7000629726228131,-0.2027717661298491,0.5241980173854993,0.786984872170209,0.9241775928981437,-0.35625185287113864,-0.9620647716104341,-0.4320508517242414,-0.8570663315688506,0
0.7837332321392816,3.437224721569059,-0.16218459720307601,-1.5375505138293728,0.5707215730945832,-0.5376873138785524,0.29912483076317814,-2.5754758253111754,-0.9568153508669762,1.2075168576480426,-1.8532347890873302,-1.8786652681786713,0.3383537480566396,0.5902655204623288,0.9450771085291826,-1.5355441286895655,-1.0045192113913968,1.4758815126186549,-1.1012418307221987,-0.695632743894315,-0.8981165651376866,0.5847489949080201,0.13323357493097357,0.14486142174233088,-1.025010843513549,-1.2005493977804966,-0.9177335480694704,0.2289101387177475,-0.7427634691527395,0.9338758863028265,0.14785391821720914,-0.9306161668709682,-0.21533599731863698,0.1524844437514946,-0.3897540855694151,0.01329985992814535,1.7513395750734455,0.5443969838619227,-0.7555474841395471,-0.43673473556476994,1.5053270406062838,1.6528675631800553,-1.0099977355148793,-0.4272764291420133,-0.7389064484852641,0.3302869422917637,0.8231432503255594,1.7180288166940645,0.08856824547820248,-0.18652898668355652,-0.6500058110822502,0.7570682304556406,-1.3082791348590426,-0.7869348184217414,-1.253271899370414,-0.5814889387988091,-1.2745082825507705,1
0.42524804785407855,-0.7748996590921791,-0.07296033847046532,-1.3422077137335091,-0.9022680264198928,0.18164941304579563,0.7876976474439108,-0.33123440331451,1.2954775898870061,0.6056156712011511,2.3897916932265724,-0.39116089031132006,-0.6173012922605328,0.999733099200655,0.09698853374634615,1.6635737666951755,-1.0674830040919001,0.7669908628627468,-0.4047503785543494,0.7123638463135731,0.935638261403416,0.034329767113680985,-0.9771324472771334,-0.5700365952348078,-1.842743989918638,0.02028015792726888,1.5610967336004211,-1.1837234563415087,-0.8167735671758074,-0.055550086946770084,-0.8404028616695028,0.4245036962469927,1.212700890602231,0.12785184496448918,-1.570771584731484,1.0651473911999594,-0.5368180444670773,-0.04129619181770739,1.4877220604783208,-1.0641858348211037,-1.257580844512205,0.4224131852869855,-0.5428731373856915,2.3726618931565753,0.9498625693607561,-1.1943052791022395,1.2704855723678126,-0.03686629746999615,0.6249393193356149,1.0782240248024064,1.0140560455247645,0.161061023660182,0.7530676387917576,-0.7185521403974355,-1.0121068418093675,0.9419290586944322,-0.6385169702467793,1
0.25143961348612,-0.45538115605027324,0.9578947279309967,-1.691693537782135,-0.09141750867297416,1.3419335643939363,0.017155501601737316,0.6346597847533891,0.39619949393143444,0.5177607364406646,1.9265299339122068,-1.3346701158029428,2.3164339177650755,1.6165931953240469,0.976837214715287,1.0935057075797674,0.75498460248212,-0.010444114627094908,-0.0743103747443982,-1.1284604052015645,-0.06482060371092878,0.15433090230932664,0.6504929836056315,0.6340669994613916,0.1965690984809108,-0.7314559463850122,-0.8134947741938833,-0.07408807216265792,-1.516834320163199,-0.9899334517945253,0.2576882301809285,0.5008354689943583,-0.4640962762111041,0.6127178969002374,1.0887991301766788,-2.8678799059301965,1.290587144327515,0.25720417553333685,-0.6095618320766117,0.17090364328691526,1.9459949293802192,0.42892931719037564,-0.06858411887827956,0.16768079359361854,-0.12523149089899413,-0.05682559942577412,-0.713375800474935,1.4155041436205122,-1.15605944715631,-0.16794000855947286,1.3962394205717883,-0.5170241226969259,2.644248956917986,-0.046222214847828375,-0.5689356341142859,0.23641200562130968,0.11446908758077935,0
-0.9293280583263036,0.1461150579337966,0.9837116129664527,-0.025913186290970957,-0.06889892749999074,-0.09614521254068237,-0.16451180511375066,0.24046744208096557,-0.16956623417503905,-1.687375768948384,-0.014236845689949724,-1.1149636655235515,-0.8769331464963789,0.001290054450138835,0.898885706762935,-0.5306579965696023,1.2400562059263955,-0.05276368403497352,0.35015772501495235,1.1392283916387644,0.3361761100587853,-0.2677765744028752,1.0126781823107143,1.4517633066198228,0.6040188369514669,-1.350562849708552,-0.7686507409432962,0.7616942352461504,-1.0355484465762639,0.8200277479184334,-0.9094549391356713,-0.4596833195216537,1.4427428986242001,-1.3880064929192728,2.0124765441811903,-1.0921934882621265,0.5031728012545248,1.3964045035820012,-0.7277332391701155,-0.4598788544984048,-0.16665549841832583,-0.27539602896725845,1.660274359278587,-0.436058622481495,-0.8148954762057352,0.7555426751601312,0.6705684432217688,0.09431593408499285,-0.3507279687114937,-0.04191710124752013,-1.5213686596039095,-0.5688452282413399,0.7941577868955019,0.36146525596331136,-0.5164338200029223,0.4913553531317826,1.8723911656498708,0
-0.7445144785323395,-0.2483039879069363,0.2073531794910534,-0.31861527540468415,-0.8770406062200864,0.0866900751874965,-0.08981554848172842,-0.2677806277205526,0.5361952324714999,-0.36499264942498116,-1.5117923900000483,-2.0875386840150343,-0.9805556640232248,0.027586454335818057,0.047677483921979597,-0.0032813461650260003,1.1503917277910525,-0.09299590854348894,1.1352372216479687,1.035163117767371,-0.09188633633277848,0.3166953554053776,-1.032928133079234,-0.15222787553038292,0.043557275843554524,0.8507863447829859,0.8786927315896331,1.5575617841236924,-0.53487443199897,0.22149108633705156,0.8982252575272287,-0.5067459592456162,1.7817611400474127,-1.3296094295909076,0.16145371975825798,-0.1067593759014924,-1.2275417244713271,2.0481527155952546,0.19357639300398696,-1.024559443246839,1.2327699092461306,0.5113700997777632,-0.020846287256066423,-0.6489812055443444,1.407253429129416,-2.0446072651873584,0.8666571151083244,2.149087697596913,-0.3828808221482478,-1.203940606053524,-0.5052872969639381,-1.7510658535579298,2.4642163667056196,-0.6105218184269345,-0.16333943742581714,0.9267223114588338,1.5594447013040504,0
0.531290707061962,0.2954123246880123,0.5425076217009922,0.5482484277774022,0.3446030187269049,-0.8546330732103397,0.7862667266164742,0.20089760329490458,1.2353439283629517,-0.02528209284306272,0.8211435523900479,0.07382955782824142,0.9839237687405974,-0.6823803753781362,0.029807356222493978,2.266840616831686,-0.5248533307949097,-0.5840766470199605,-0.36308992505634097,-1.1382487754517618,1.334131516348388,0.08118789097059015,0.6146694440378119,1.0552745497493734,0.45064908411503535,-2.2167512144448582,0.9811593985588251,0.16817202757656896,0.385400442956639,0.019134819975316818,1.2448016378075255,-0.4614885261201268,0.41492758856101786,1.3671215753039911,-0.004035324739781134,0.04387373474996357,0.44398121105905447,0.4330957733700462,0.43466438974814814,0.42710841460119486,0.3773973371400363,0.8416767034271003,-1.0190409294282894,-0.9513113555689564,-1.6814819301950972,-0.3523400497222242,0.8178896520203993,-0.35599245256964424,-0.7288619523070338,-0.2696672818660147,-0.33902793029018397,-0.5564119700829084,-1.1690910454205767,-0.2803793156023231,1.0700738507669565,0.048807721205352435,-0.9302030557166004,0
0.5704850930074078,0.5746691578851724,1.141940671886012,2.1310307309353185,1.3965960948533753,0.46987189805813334,0.5771239272752959,-0.16304399178952733,-1.0853713214361234,-0.5919823585263863,2.4606172048126975,1.0772638531092313,1.1466761852589966,-0.38503661060289407,0.9850869001135149,0.1741881697318203,-0.49867489261632364,-1.8434537894611696,-0.8700860277048001,-0.19088223347557795,0.5416012840338373,0.3415618212474036,0.4593732143351158,1.0809875634562007,0.013537749713234383,-0.2842132154453221,-0.265138973070176,-0.48021255117121137,1.7736895122398115,-2.0046223017873173,0.0446719878650985,0.11523084562277072,0.4202407513718654,-1.0821351808891362,1.14956585794487,0.9427145971671651,-0.5821917135243964,0.7998755556675352,0.7670704480181912,-0.44752801209580334,0.7182606125917185,0.2658667514770086,0.6968303181396012,-1.8692102196286189,-0.04466293997134554,-0.9651572108574784,0.9963400432115819,0.44870760611476745,-0.6397226693598153,1.1456970283276413,-2.29393657934037,0.4950921577028756,-2.480030169561476,0.09827463674721729,2.367330805680369,0.8663473744765834,-0.3685318498553017,0
0.9054986581607086,-0.1738372333980362,-0.5446760101678754,0.6534664859308481,-0.768810642587202,-0.6668034255510886,-0.6479514039206183,0.8760419029081676,-0.1897897338255555,-0.26552302474235995,0.1358111968277038,1.0173138679492817,0.22952970844872067,-0.45986959293956936,0.5155147352036552,-2.384526118608004,2.98014358641125,0.006861690310346541,-0.14367428422309791,-0.1794130556032831,0.9192351978139247,-2.3318878003000183,0.4688666254128316,-0.9520738133519686,-0.6652932439245226,0.8573661222232707,0.43225067671763523,-0.21524251686730192,0.2363844628551323,-0.32821055525000487,-0.4790411304172478,0.5917564066533495,-0.3457935198072421,1.0250851162759547,-0.3927207507450931,-0.2752628617428732,-0.6497538607508633,0.4533205432100204,0.613716799497008,1.0730008447129034,0.7168142675152421,0.21187589035698792,-1.591428910193883,0.3019511872508753,-0.4639835472771648,0.6023032951510034,-1.3028029696106884,-1.1656899241471823,0.9479933889982158,0.5502722302248064,0.14436484594083607,0.17290614594367065,-0.2531981791698636,0.3325008355003551,1.2298469738764732,1.524309399501587,0.28967034367368816,0
-0.40497420634922254,-0.9190445366830908,-0.2851219770933312,1.0127363112709626,-0.2444302135809396,-1.4842696687460277,0.3837451345796038,0.4903993126699361,-1.4855441010974104,-1.0207967148783874,1.2539655612738316,0.6003238788391634,0.18872682748351613,-1.349398335204742,-0.2622978716278484,0.09255496029403015,-0.5344811199295032,-0.1426527624674201,-0.2481799687380909,0.479835223261506,-0.2541932915158878,0.16042469553167388,0.09455101555647266,0.5688519089423083,-0.46108228468842793,0.5363947700553515,-0.24036705751427687,0.7204824122482509,0.8423758372787096,0.09849746489893799,0.08970203995423169,-0.9016962504241104,-0.6660167649199192,0.3097469334825559,-0.6056683479939952,-0.1505037092686352,-0.3692403568261254,-0.1297586660241863,-0.47789004852487627,0.9781931162477094,-0.36076660521231346,0.3513839294072691,0.1367917550479055,0.8014308181803786,-0.15245452027972095,-0.4328285386801915,0.17017821695496294,-1.1239508234006905,0.9388224289900272,-0.06101233459184937,0.8014776104697859,-0.4427757576692549,1.1700635102274164,-1.2378247448762003,0.24312075931708663,0.35680206299249123,-0.6137207626732682,0
-0.05047835420681076,-0.6445031411166677,-0.22790474859501367,-0.5000255817563498,0.40207853966326645,-1.2174571307332858,-0.5880373753594387,-1.1757755975689863,1.0664301141502628,0.5151599044468326,0.2646119609582547,0.27298742987652874,0.015866125990489227,0.06783555745962569,-0.519205658984308,0.8849241817950753,0.628375489126928,0.6251587591102621,0.1643886653951489,0.31512465308232285,0.37625308211667874,-0.41226813220597375,1.5275153651288798,-0.3508050488259232,-1.3509445984501756,1.8537045123420612,-0.6084641919695494,0.5752647182598961,1.3788931160409879,0.4480311574212693,2.03697601193769,-0.35061789896619366,-1.5166249075517262,0.1450583352844491,0.14389989713993984,-0.22870726228062133,2.035199391411551,0.8667509919920888,0.5952233652528028,-1.0205096410845431,-0.12139690526668835,-0.4315052692172461,-0.6761511190789042,1.8030238022839689,-1.684564983237977,0.992066105260449,-0.30884637831321116,-0.05983221402760384,0.7036913076514154,-1.027754063257847,0.09624618756770602,0.9830002057269346,-0.3088791190161313,-0.19336904550514036,2.2980454585753085,0.0325259094727392,-1.67262622565114,0
1.8552927595030104,-1.177112229747338,-0.65652330031171,0.7824233350103019,-0.16123166461519375,1.024992370010724,0.7207585887869763,-0.9684028006705747,-0.18009614018899442,0.2007234467250539,2.3283516758062808,-0.5545993888537227,0.7927904907380361,-0.8735641422767401,-0.3682465693934112,-2.0003960397352594,-1.1143615103660853,-0.1913741487655838,-0.6166895226572495,-0.6974284116995316,-0.018578856566844774,-0.04179449594776894,-0.7034011685341318,0.37693551023274074,-0.8877762398068559,-0.26559108938077924,0.37944421656196076,-0.08589231550711109,-0.3271242482858947,-0.7780735591370534,0.17330911712298783,1.287258270426382,-0.01030699867100523,-0.4239774678948549,-0.3374276741217658,1.1749145624017707,1.5624222535862802,0.6954449251255567,2.164648882801175,-0.349770761686692,-1.0739950340221744,0.4244813549358461,-1.5811096259159374,-0.03907318390163352,-1.2997762613788464,-0.37858557696153644,1.1980626126452354,0.61721941767235,-1.1614510786601464,0.31035191652033195,-0.36049162581843436,0.5176561224692342,-0.9444276365341766,-0.8763285768162574,0.15744668725172095,-1.2807494027044892,-0.32950245789184074,0
-0.9924580465015727,1.1500759115738797,-0.5362599247061849,0.11570968872570044,0.36589535087059416,0.43157958211750136,-0.3913976416192076,-1.2408735396281596,-0.5040579952131664,-1.3929087100434763,0.5166153818789211,0.14645591053178952,2.152282820526292,2.137640631130382,-0.587758579172041,-0.6542072842958436,0.44981282621052815,-2.103734960428689,-0.08060237155702607,-0.19979409476748652,0.2895444395896152,-0.3454757270066037,-1.1545769488863495,2.1172932452367403,-1.2694355885121276,-1.5747626553059566,0.2443849467928337,0.09975203371434596,-1.92135704594814,-0.8910820527322018,0.30859709869406116,-0.033623582278427815,-0.19215435431847888,0.45822925373866086,0.9696661742440699,1.45518744630268,-0.05155063888917684,-0.13348175786118685,1.1450687407685929,0.2535059159336482,-0.13095538717186783,0.2834092322615006,1.1736920657306549,-0.7002357147175508,1.2386138777798708,0.18117340729544212,1.6414126934831699,-0.07467532459908642,-0.8008433632299106,0.879384277716549,1.2005680609399512,-0.9114235218504247,-0.213696769643012,0.737539556958525,-1.8706123482813406,1.0207886827491652,0.67462131608155,0
-0.4575985844488656,0.39154156454622974,0.816960808670913,-0.14025079433841964,0.8947716020016091,-1.7384868086064111,0.8414809943458745,-0.42080230239526845,-0.8728801240355543,0.04800268700684439,-0.28707440869778716,1.4055510782996634,-0.48089578598276117,0.9328106802716516,1.0163814142824752,2.451207719714376,-0.9587060350482411,0.6248450161311279,0.5762177722533111,-0.7055940718415277,0.9782021605388196,-0.8121492434185995,0.0442504037111252,-0.38688252076129226,2.499691413345673,-0.22609129150908386,-0.20276301137036545,-0.4637949965173143,-0.4673885314321379,0.5002749121262496,0.14454002832206592,0.9769857546953976,0.12888206400559368,1.3814920433812359,0.8850454839270309,-0.36534164517469414,-0.8975233106891792,1.7187690495990942,-1.8267015121701269,0.9225442084087013,-1.7783074312557843,0.22755045766875218,0.16861508916190932,0.8527271714447812,-0.10982582872137084,0.9317799989541938,0.21801906102378085,1.5137478552996952,0.035052634587639374,-2.0436044181000605,1.091516457624354,0.044781303165693315,1.0163146742093603,0.12807106629542436,0.18991100251365162,0.2907964777463182,0.7084400688131751,1
-2.0985233808378654,0.17295616106432524,-1.701708018874861,0.2461432908418124,0.5380086321323773,2.6151476280683217,-0.41998209926470187,-1.7492742740185272,0.7944494459473952,1.0204778026989112,-0.9512820606596706,-0.7419487682122278,-0.8347223587887233,2.288823069716786,2.36994145586562,1.5887802679036833,-0.2972530653345908,-0.6401244479132028,0.3201254643896432,-0.8976011264007641,0.7457522794079448,0.554394124347254,0.16696367227505035,0.7902162747864114,0.6139184338890177,0.8601270076823053,2.1643292232416664,-0.030273642022408443,-1.1976380207606112,-0.7603215031643298,0.5740509474441209,-0.7918099985203201,-0.15868873668146635,-0.12956457792770534,-0.1676562057775451,1.3270214028758287,-0.5759114306200271,0.8286528461684456,-0.6839155513602321,2.2680765691376052,0.059557776295923064,-0.20852220370259836,0.2156653418696285,-1.6549179614914504,1.8599057878352476,0.4571753684398213,-0.13321174863812893,3.310245840889421,0.7228167551934077,-0.40224292131199774,0.9221633052529157,-1.0131047352964284,1.576304166299664,-0.290391866891987,-0.09407890922345817,-2.6239777521229155,1.1390293626206711,0
1.221776464073651,-1.3990942484644169,-2.0074093420609733,-1.0551573119825062,-0.12664115312189278,-0.44401237110220837,1.8822487886253159,1.355001717135492,1.9293174137813303,-1.2286929832786124,-1.3181770329505595,-0.8205334506230799,-1.0378389661952037,-1.7122434674858371,0.2158101722139986,-0.46452262253087234,0.8055665195163426,1.1868106994521677,0.8469732912725502,-1.1551529664007614,0.7999868994777468,-1.9365030927025524,-0.7840293726458567,-1.6121845202854996,-1.1679888641749574,1.3173943014609188,1.4955998292934953,0.4255289073794228,1.33734516812037,0.2393100742090318,1.08293067672478,-0.05885777484242439,1.0159253136457271,0.5249131144632414,0.255801323607246,-0.1681841644653487,-0.07532562960126868,0.9113688563739613,2.7854328652959173,-0.4335949965297824,0.28767220880495287,1.158472489902237,-1.9626122996779933,0.775188633356538,-1.2530863481058694,0.8348385829784206,-0.01602954090009764,-0.7894337733108364,-0.8760278096234873,1.7915348493021597,0.7802728947133343,-0.05294500643447172,-0.7047379147386118,0.8743285994912272,-0.9997239780904115,-0.33763116435295637,0.8903326325489315,0
-0.48182320606508733,2.393976868139055,-1.4748970028031754,1.4602384831861148,-1.0187733883039234,1.15937823008259,1.196323164423772,-1.745082899027512,-0.1615628274600866,-0.7127002513373286,-1.4955869321062747,-0.47036096312040954,-0.48825428332853527,1.7930689932281378,0.6571246781003255,0.009719806728844173,0.1431243471289739,-0.5377743628767742,0.12969285970549102,-1.2240006561209973,0.5400173395991237,-0.026623193461322334,-0.6113350690983341,1.7401542325227206,-1.3534303942031818,-1.038760651398431,-0.05957218357183296,-0.6374403619622506,-1.372750772203091,-0.08825675634816708,-1.3279975303122749,-1.7093564318970143,0.30080186852424207,0.4804479366720813,0.4072215636726758,1.9834598457355246,-0.24636463370768705,0.5150082775547972,-0.21017882241922548,1.2014449869328832,0.7067664381777873,-1.3506773638546126,3.03685916553761,-0.5030984587589094,1.986671925708308,-0.43047611423990806,1.5101429129948305,0.6000837908554034,-0.4427065371446303,0.03732586328989737,-0.04028526515679133,-1.2637431050241805,-0.5114693280374515,-1.7002383591848922,-1.5242962402615337,0.8472772167392206,0.3709528221019591,0
1.8071256426094895,0.29356822215535805,-0.473890042633236,-0.41535359488006124,-0.844344840414106,0.5610498168284992,0.13652822459978745,-0.10971221069044777,-0.3360260746072394,1.733681836338026,-0.7111746436825184,-0.1625363077012843,-0.12339440329866098,0.3500418185648909,0.37343322698609377,-1.2104629325749447,0.6957313080207467,1.0289606223069814,-0.4182836307087996,-0.6897762858736883,0.016254930127748587,0.1458412369392064,-1.05647071562475,0.6155251797733732,1.4379167242783786,0.018504942793983677,-0.33563923236417237,-0.8895235934207422,0.2185497064854574,0.2522779320101575,0.10113117353537267,1.1102355222501945,-0.7536423652205747,-0.8582754734663631,-0.16004971150473615,-0.09680610881000479,0.09392824304752141,-0.5458076985981821,-0.5397247814175699,0.8415092391047168,-0.4963614946106342,-0.3370636488492822,0.8326537068735357,1.1132149040610433,-0.2345264157042763,0.16952624077957695,-1.0751842020813416,-1.559149568713289,0.4930344693761143,-0.9603560622630207,-1.4685236002811615,-0.35597759955908315,-0.43872958595991296,0.9150817972438137,-0.5986702520416559,-1.3613642521336269,-0.10398865917968239,0
1.2868594456420444,-0.7906765616726996,0.9196714898844484,0.9610766906259901,-1.6051802773706396,0.022514099728857446,1.4783973665168846,-0.1583149681212206,-1.6034670150527526,-0.16207663309447834,0.529469297149195,0.17352746227465907,-2.752670624378416,-0.4962773805376594,-1.7294512138476894,0.3873603493496688,0.37365662992530224,1.1820428107281473,0.5708940658586787,0.33348955922019713,0.8688955878309316,0.29786934083525407,0.970370383152024,-1.668892774643378,-0.6580353872991092,0.554893397859904,-1.1610840101795297,-1.339096920655073,0.23422692862134978,0.11879926199744384,0.7065282322891285,1.3942806650804627,0.007012853663425764,-0.22089421677671045,-3.1044610311933014,-0.2718072595188882,0.6676907097900743,0.3964044947358295,0.45076050116413624,-0.14219795071630015,-1.050699124276633,0.7961988848914365,1.0353895882057746,1.0779126861511799,0.416824084630732,-0.14091445612841205,-0.7166216883544497,-1.2296263838538433,1.7039554117718676,-2.30455496721987,-0.056799691614788324,-0.504444686426869,-1.2342197229248109,0.1143678924309095,1.0319515060748272,0.4383623447717284,-0.6148126468976335,0
1.18684372452753,-0.265573326255028,0.4884041201414047,1.4928084198249627,-1.239395805133055,0.31851610239407985,-2.2599808741275815,1.2075224108464742,0.530611232953906,-0.5310387137589128,0.0774222850737029,1.5590211089973136,1.1656826886059233,-0.1491345122343461,1.2126912130171361,0.45618994095254917,0.7353280528082607,-0.7230301865959403,-0.38734056351142293,-0.5908042262699428,-0.3241341675637759,-2.7280385296316623,-0.499313605167923,-0.04358313302110766,0.6848947922105438,-0.1882859999858235,0.512804259433901,-1.444781849692663,0.08407421121434135,-1.2327004281406069,-0.031235423348244237,0.4642097096491297,0.6041032997180235,1.0385035871206902,0.6170140963219702,-0.6287546500275885,-0.5890681612387474,0.4092168423843295,0.9466696621449708,0.34105496545211855,0.35202688312658525,0.6604253962846383,0.004208633174979849,0.12604564204259458,-0.19612367291021363,-0.14273388077695437,0.051424737387872475,-0.1765356670439474,-1.3400412483246205,1.0478191754427215,0.6482557533459115,-0.5347942378551791,-1.3282558865778198,0.8328469672137462,1.0260523043966625,-0.30355747141941036,0.957749434004741,0
-1.2426967244242058,-0.5660659265786532,1.6312580143752888,0.16616293384620223,0.24091064186498007,-1.5007782226155997,-0.5084025055552875,-0.7859142429217185,-1.301746332976749,-2.133121610765242,2.168462267256621,0.2811665391962989,-1.2768493882175291,0.4185235741796045,-1.5277695991474625,-0.09069817629461308,1.6104955770933522,1.5264081390382025,0.1962561919294428,0.6960002321758275,0.38823572442329635,2.0953675840283217,0.3299191065866655,-0.1577556430861086,0.06317576364542864,0.7890697049373827,0.09989776035883238,1.116266198607244,-0.626097701681357,-1.1864006739479713,0.14124580698451616,-0.1106924716003062,-0.7890388997309061,0.05475062368220943,-1.195614984447876,-0.9386421591316249,0.6733273292700042,0.5962965788810164,0.7578898981811707,1.1458727528127421,-0.07442831420614705,0.7505777214516298,0.3658131491248369,-1.4865998886029244,0.4267342613609863,-1.3683255006151427,0.1213434143769864,-0.688563938317925,1.0526113846564953,0.3054837180144798,-0.8982836386470419,-0.3316350270391239,-0.05132089885558155,0.07806014927916602,-1.0148351856295144,0.8728892887926253,-0.23583859702497334,1
-1.3386451936035728,-0.3059091334810558,1.381342929822761,-0.14645691772232108,-0.09139436238018435,-0.5804395505796853,0.6338685483002447,0.1773742944392636,0.7775555036808809,-0.244274655631375,2.112424409533298,0.14171577049647027,0.29498815893275726,-0.6551813729346562,-0.3119558218844464,-1.3093914469516903,-1.418400485961955,-0.2114070214997431,0.09920864056221097,-0.7553972447160098,1.027291275531072,-0.2509256312222693,1.0565875152028876,-0.7971117044287351,0.9694649721081803,-0.7476557674404688,0.12897174106206757,-1.7405158357764936,1.3097198838061246,-0.7621736645802673,-0.766408234955477,-1.9201839186048186,0.24488430393671085,1.5894749917923157,-0.50794239803353,1.2063176973225622,0.3234294705568844,-0.41663551271976323,0.5931281729867649,-0.03595934973389643,-1.6306099625160109,0.12180721869215588,0.14623221852150162,0.3580320470866473,0.06913825916794983,0.1063224484288621,1.1157203917841578,-1.550657669937728,1.346755354190241,0.9730864650233048,-0.8586812789378326,0.4275803814392427,0.08536060340963388,1.6905519253324077,-0.965649674497478,0.5943822989620162,-0.37088550763357875,1
-0.16440943018217458,0.6648491688026845,0.9019742305200014,-0.8062407136546823,-0.7775167071231487,0.7149633941996619,0.36663025050162884,0.6210533672371849,-0.1554640431555962,0.15430858707169123,0.00626057612064147,-0.2884242261549408,-0.033834501795822244,0.4775809188302576,0.877752791036717,1.3533724015366282,-1.0286576311179867,0.8463442539756911,-0.03206512106385935,0.7515186019359738,-0.8276632090937261,-0.38349553701155853,-2.1998253280017805,-0.15229843734079937,-2.0818574619947037,-1.42958784903182,1.029040958360382,-0.4863885341727953,0.3927506391359523,0.6402693500495481,-0.8664486755458451,-1.438343866481271,0.018799681945919147,0.8131253687906739,-0.6129086271378834,-0.23160616744479506,0.6028569018586624,-2.0644286919196375,-0.7272473381860475,-1.363870413127918,-2.1465138007720777,-0.31575669485032226,0.301380854280691,1.4938998125263967,0.5824783953947653,-0.3052047348497532,1.0769162691623018,-0.2857974439431827,-0.5886457406018999,0.04382810778055214,-0.4249132312142201,-0.7350829319659092,1.6504960771277646,0.40033210607362474,-0.1367419530290407,-0.17503092069874657,-0.08311245723717069,1
-1.7001227852593024,-0.8524236710768112,-0.5827167669419219,-0.07801001673463134,-0.45840751484118036,1.2558085356296635,0.053002199551809334,-1.5029386731454846,-0.3547642408007372,0.7882981670307884,0.0005708140096709591,-0.2677475505129501,2.606496646569613,-1.0394485843958292,0.7904037825041933,-0.362798499531922,0.811839513083906,-0.3082785923323675,-1.208984188242177,-1.0238162642495368,0.6069624210850285,0.7313957021755094,0.8000276860074134,0.5809539662242875,0.4793657846804185,1.7630368512092718,-0.2970830710485624,0.19765437251780346,-0.22730810387752626,-0.8363428447598603,0.3796213480952893,0.5663904251189104,1.1367469876545555,0.5369508008987531,-0.5145851056399513,1.8025541320790264,-0.22045729204643535,1.2875039066810245,-0.050407960091729466,-1.7155850202040817,2.3577581373253813,-0.44918875772677763,-1.2893566473655655,-0.20990990096843123,-1.0579247834730154,0.8963390610904451,0.50259456193289,1.0649526132801632,1.1461473111499187,0.6119117393558493,-0.22946842676712437,1.3314901358423463,0.651305927305445,-0.600910993314173,-0.07702786809280383,-0.7388566495136778,0.5558701207232662,0
-0.7403881091083675,0.3049669991502168,-0.6696059230261627,-0.2723147098199679,-0.48429624667852594,-1.1568009585604684,0.17998832232517045,-1.3423243036931416,-0.9553586548414864,-2.5438957509062345,-0.7250425949866494,-1.9511152499751863,-0.07031552827251691,-0.3173131993792281,-0.6942530851524723,1.03160212754478,0.425911522465764,-0.9190513111709581,0.8999051869079617,0.7289805416685429,0.15080436110840237,0.7814776707916733,1.1168778695130823,0.4038397706122179,0.85161576908364,-0.12478857644666615,1.1475871676009244,1.8444224559045406,-1.1543306720192572,1.909708787686347,0.29153815428067387,-1.1048595438747322,0.7686711331088036,0.6316653788420582,1.540389706397944,1.6878184577067223,-1.033945274909873,0.8220682207983256,-0.27403738989948895,-1.3674373615647635,-1.0900450618002757,0.3546495971021248,0.9830149962794826,0.3072889628116372,0.15206676552207413,0.3956687826510375,1.436278700037609,-0.11158909125237974,0.225585450733746,0.7204439328988511,-0.5700291561697957,-0.1377188106740838,-0.4121546920673169,-0.08650335287425645,0.6235680708576297,0.7111454185674175,1.9582031439724175,0
-1.379142602509513,-0.8419838931320911,0.9196382121052502,-1.1742249933503681,-0.12333542740782574,1.1720986712908175,0.39465282189708195,-0.5954289663930132,0.24819930214425368,-0.328988356415239,-0.6310336466983635,-1.8788974879434646,0.15634519691613133,0.06653622292157707,-0.7276120886368037,-1.1134912882918455,-1.4298932280964374,-0.484430877569895,-0.09240050409304415,-0.014538742108221146,-1.1263001577417584,-0.060016770791355575,-0.043648464583799645,0.3909011823368962,-0.6996586219824316,0.2592298561366375,0.5908837139456157,0.6477825459654438,0.6180909571060781,0.1800228407190465,0.16076588110213297,0.27839444102156446,0.09435214299032303,1.3100288311857822,0.7645833433627848,0.2928013093555609,2.311960767822551,-0.6960235537750771,1.2157879215847929,-2.155585931138205,-1.1861153273703868,0.44292557167188756,-1.1379345992813532,-0.7931601937005597,-0.5547598401211672,-0.338569918529018,0.031450504336599155,0.14056574299228086,-1.812165157593749,0.6997843641628534,-1.5120691883363664,0.21914570768770722,0.9915879215169906,0.6489260856105539,0.38273897654784145,-2.3425920507118834,-1.4124822230724727,1
0.6111336407360628,1.609520760204039,0.1520652556105285,0.37657002132237105,0.6590998608922658,0.47995825230213685,0.8734299984371294,-1.1157858390800985,-0.5658964163844418,1.8126348677038728,-0.08244914140869837,-0.27650765740636457,-0.3933138662202397,-0.36985901481974204,-0.11847982196261049,-0.1544787576886879,-0.7778383166547104,0.2890227295581719,-0.10649102022350888,0.6206559465832405,1.3614764260452716,0.6549077856260992,-0.8544008005103974,-0.9364304650161142,-0.2642869579776004,0.3152791224272524,-2.9956538631881426,-0.6167866645807469,-0.2492973938219591,0.1379120343758345,1.2424048676136445,-0.010946278939633899,-1.1663447642716116,0.10326503433036409,0.7539450662453576,1.5520775446654027,-0.9365673220665659,0.3121091776075016,-0.3735257908843515,-0.2895862492058271,-0.27911770930199264,0.30707778367475147,-0.22642397233479658,0.8906103357948718,1.421849140955312,-0.21979399725042723,0.15675403347483433,0.980644025307487,-1.0738501689124202,-2.0084373166635627,-0.1614564604352568,-1.0068094669261423,0.44084091141094445,-0.6967228036581296,0.47846856595102055,-0.3061869627956311,0.6416390413188535,1
0.5231541323831832,1.3272437724122874,-1.7864839169932945,-1.2788775918791775,-0.15609050342491068,1.0201071606007053,0.21799177458568542,-0.979834554888827,-0.5215867056529648,0.42855873225631663,-1.2693133181811684,1.2211721364915904,0.5743179778325397,0.2011609441948374,0.5447698979281377,-0.06803396192574301,0.6238744839312582,1.976625179344726,0.4542931300989819,-1.4575345909104487,0.08360771906443716,0.6442050969192679,0.06789583097780924,-0.5839952178050543,-0.5028965481649671,-0.08954117756774652,0.2179380691516807,-1.1257317863668592,0.3592531582066267,0.6103376211863327,-0.6403384285774052,-1.8613471283560372,0.13448250268359319,0.49090811995909056,-1.4711346224594148,0.22610490291870866,1.3985203831819735,-0.2621546487383656,0.32558744513320365,0.0721420730406061,-0.2452628182874072,-0.5569230413291201,-1.2725736020332603,-0.07862684290396357,-2.019366771822408,0.6378701049901377,0.02968065878701862,-0.6753170053405307,-1.3058824351055438,-0.14097679519117506,-0.7553297590023853,1.4919218285723927,-0.2855433927689163,0.5491381671761232,-1.47528230327361,-0.5781559614446736,-2.2904235599444003,1
-0.07182094244017728,1.7801840040691905,0.4208876256066445,-2.0549947867397758,-0.35372775595645445,-0.2696707885775613,-0.3179115614161725,2.6407616294412004,0.6916095372454755,-0.8058144349616008,-0.6644558863819543,-1.1231248880225206,2.9069191514366937,0.437048592985894,-0.22322324294610513,0.8446269439630848,-0.24908860488996293,1.5335647919839601,-1.5770620263243658,1.3193551577017886,0.5528620575181482,-0.8518913506702902,-0.8011196763992083,-0.03809275175921855,-0.1303800083330923,-0.2373071175980232,1.2331404300136906,0.7034977683732665,-1.111891827833779,2.7359294525904567,0.6751130074996388,1.4084080600678897,-0.359725981647969,-0.27700173154553176,1.4688713155160462,-0.527266870050258,0.6837663994973819,0.5807127624878553,-0.7754645317633138,0.6117547803927446,0.21222559604242094,0.9645270547966345,-0.8795300207404863,0.22830392026599872,-0.7963706263178465,-1.6382487711843223,2.3280257984406516,2.0026633989945397,-1.6510433793939223,0.24506901384538976,0.7096667098127382,-2.3375762866449596,0.27814287664854653,1.7938407568450336,-1.7630324282618985,0.20186292594784452,-0.28741452742971385,0
-1.189303390640258,0.3222005679022417,0.2170055074652614,-0.2874064672426452,-1.9361958135014457,1.3440808799477046,0.02228414075079105,0.03263848099328318,1.9090905531583835,0.5496546782255771,0.6114498350518713,0.35959005949134093,0.8552727293811662,-1.3041258966755227,-1.3124395252687011,-0.6107019402960023,-0.2384523112946307,1.6119157927470826,-0.781465718536916,-0.7565997639696842,-0.7435445536094175,2.0266720586046723,-0.5211483282288079,-0.7055694323953536,0.7684884073454705,0.27175855085158446,-0.520932263936789,-0.7806990838733203,0.551135965502471,-0.2313764749258336,-1.1452640427869054,-0.2795728480473196,0.18625363132312409,0.6448503569789211,1.7603121690519772,0.5172884572047005,-0.3467619189201044,-0.5305650775611589,-1.048770386378446,-0.22619185053498614,0.7298666678927428,-1.6688126131644125,-0.8479352901198968,0.11526256130883611,0.09194525168918385,0.2492509899341329,1.0862276271324507,1.2702421060008813,0.11910084314985173,-0.008659406740165205,-1.5304110392743961,0.06075492400498003,-0.4398288534057106,0.18930203816991037,-1.126878920407804,-0.24277668925374493,-0.4895111463300447,1
0.6391424197634329,-0.1703591271015801,0.3166783631529155,-0.36381626955123925,-1.053695706686079,-0.9102109139321781,-0.1341247948013057,-2.66931677406103,1.4586170128781117,0.08638595292883694,1.193828753408972,0.9520708590360089,-0.48508837064209925,-0.6765591979578596,0.7289486763054522,-0.5760354259952445,-0.5165472920957704,0.9007890043763105,-0.09501556483575829,0.6327237482066767,-1.3187769338011037,0.18757683659662036,-1.4392571457215342,0.4376432704948163,1.9669526538187365,-1.3110796423446185,-1.0175296016083906,-0.44674798899744267,1.2902556527040554,0.034908238760036035,1.0850211657499993,1.967933856611098,-0.5268311845643094,-0.3005546825242154,0.4155429222439425,0.9585775687464836,-1.283514115058876,1.2373033782771032,0.0075582964505057455,1.0418995671639444,0.4236223698278302,0.2177951814444416,-1.084301820629873,-1.1574185425838552,-0.9330224263812283,1.2111242803442204,-1.7674095800971334,-1.115540866846695,-0.2125960474936702,0.47819080441059547,0.3541654792834431,1.4364298060659582,0.6523724986981083,-0.04895765229390424,-0.36435909831768093,-1.8062525494202573,0.0062305144660301385,0
1.445183452529556,0.037442948060635625,-0.8905012912496583,-0.6793570269458413,0.8709252337616709,0.3572646389329531,-0.30858978769493656,-0.5528184437732376,1.1956716505231129,0.14077858997405587,-0.8570940864796175,1.3266415343672688,-0.68632075423404,-1.3401768330772739,0.7203773020682498,-0.5928479794897764,-0.35398448096109186,0.454588836459684,-0.9494410958030269,-1.4603654078552444,1.4836482221996181,-1.2076164583881834,0.27253385202343033,-0.38137830693033775,-0.9845748953224237,0.419711374246854,0.09878647181666579,-0.5174478482411948,0.862997827693602,0.5471119915663607,-0.19602516109172893,0.21165518370970052,-1.3483135487515807,-0.8071113731383178,-2.4567875446879053,-0.06605054619334763,1.4061020280238035,-0.31540122346642313,1.7684994384250259,-2.758420120778794,0.33616239820477983,1.062567971624305,-1.2342707450007384,-0.7387935188456647,-2.091753761920115,0.22285305671007627,-0.5259197235800214,-0.7330166233316971,-0.5609166378839514,-0.039944697095368346,-0.7167317583585737,0.618868555515163,0.7134921400328343,0.4678243766061338,-0.5285870117546235,-0.8504423783449805,-0.64195886384514,1
-0.809473934296247,-0.6506319310886752,0.5567949456014143,0.1917013001730842,0.9021007381947913,2.0547037288864436,1.6526552871160103,-0.27321712609301624,0.3245107670519377,-0.7420864301049772,-1.7444498778403044,-0.7602986535005596,-0.2371611276829269,-0.25027664751878975,-1.3754504999310466,0.40348601642424814,0.418278563201891,0.28664849697675326,-0.3009938674818108,-1.8104950617881395,0.8396183128664034,0.7615584596069306,-0.469749514362228,1.374698187813743,0.544356442427197,-1.322396268761242,2.0641358450173444,1.6551365764252333,-2.087520043140815,-0.9355380353975712,0.15721501205239602,-1.1601984190123507,0.2717183443456389,-1.3949788706129458,1.237647446230807,-0.45560289158932193,0.46493193731379806,-0.5037659794320271,0.3226428772411946,0.5624560767334119,-0.3589592303599907,-1.0695305922870424,0.28722155482791345,-1.5893901805905926,1.1866564216330908,0.10405378434585956,0.19072019558898837,-0.16215018080403637,-0.6615349928220786,1.251630687576391,-0.5769835140119343,-1.4796693386457858,0.05151098422579087,-1.8278135685685952,-1.2693029299421845,0.07780177232384028,1.062389618947986,0
0.5153134617251548,0.8461598165953407,0.4138911399637927,-1.414072696528531,-1.1158007538184542,0.488912961145334,-1.5358851426925144,-0.6743612662239585,-2.1381216381736072,1.4204183264869041,-0.002721147977882814,-0.9416232273178343,0.549263902270104,0.8721427487951086,0.706994856317141,1.8564938653957381,-1.061055957024734,1.0044807304509349,0.10027549463464473,-2.9990021934014104,0.5966521640648605,0.2552069018822396,-2.0374984808093513,0.35338366590286063,0.2594735549562215,-1.2008781391984034,0.0826889112877808,-0.9842804976911873,0.18917541272650157,0.6721878134328264,1.0459480867941504,0.24635152821832598,0.09204024625701568,-1.6586159126245046,-0.49209283934277553,0.23185328857730517,-1.3728191747096594,-1.5756020865679115,0.15341075574320726,-1.7861931065367307,-0.8084729266506856,-0.06304795435154588,0.06151439621918401,-0.6015862255404066,0.6325924734014129,0.07449921873878589,0.2817123731614957,-0.20141247875376886,-1.8913886528539994,-1.069558989552324,1.1289493036219698,0.7169501855690674,0.2918461847712938,0.19988212266450125,-1.0462584960447958,0.11200655398174555,-0.8958678359645093,1
1.6319241555452917,2.257673988009852,0.2437244791384073,-1.395512586613123,-1.6695782387713214,-0.2458211182584864,0.7510730229696262,-0.1094005368922018,-2.4559604629917966,1.1806735919335691,-0.531830261365002,-1.3029977741337861,0.960309974474194,2.1582494729752772,1.2398121667103161,-0.06804802859852763,-0.2184969362229694,1.0959741513423926,-0.1625924495482777,0.6270085828072121,0.3376110928249289,0.8304352790685483,-1.3570160712054293,-0.4294922709868001,-0.21352808422618955,-1.1230438427216998,-0.1110404588692634,-0.7794789978860021,-1.6389399746417228,1.636282239837039,0.6529903222522457,0.6761183874144318,1.7596517593636725,0.6913467185043314,-1.590133115340086,0.7957744829352592,-0.5064307589417203,-0.506482369880148,-0.17043815825214625,-0.9634000860620114,1.8634921642879139,0.11858016692526278,-0.5154787602386833,-1.2737424121234184,-0.8334716831777473,-0.9164451285681475,0.6090495496200341,-1.059511226231763,-0.28065335038152633,-0.03778826829293252,0.32964871377574895,1.307902598871594,-1.3280624141586388,0.5351919607807863,-0.3889350273373287,-0.4570290879431348,-1.2255296213235236,1
1.128278901966062,0.0586885441682797,1.0429194245783866,0.14759985451804516,-0.33050388123037894,-1.1473848112550509,0.9447590365644751,0.5864532765799162,-0.28136210211298296,0.3200155531469891,-1.4883786828468144,-0.884578359233215,2.429466371276388,-1.702331789248076,1.009250200335841,-1.1681936253705243,0.05525059570377532,-1.2051940970176631,-0.54876278362979,-0.9800897371990374,1.423579634580528,0.34328574913709625,0.21109414209535307,2.7461807472333595,1.8971911875567462,-0.9635621999470235,-0.43514305307589757,0.2790493094456378,0.6858847090130293,-0.26249913398557223,2.3479521060615185,-0.8261600356891506,0.22694142542749218,-0.09492654379801352,0.07383611295319725,0.462340831913416,1.3115397073694082,0.3789844445206927,-0.5751895661382642,-0.28868060739682677,-1.4178382891030572,-0.12501318770251624,-3.1966777910470174,-0.9789928882035814,-1.4895754387393483,0.6644555838278097,1.4858407869665662,1.9728281780972576,0.2943186111584858,3.2992207984166613,0.4847780882560579,-0.6520657306926817,-1.1152692417200194,0.8695848800236409,0.2651135205006108,1.4654966829859684,-1.2696438701041028,0
-0.4416706969864289,-0.40417983492496956,0.8111420230587295,-0.21959184078861724,0.8755987407760054,-1.5591338684187102,-0.05032647770698517,0.8477028720383867,-0.2315658265262188,-1.1625735371908419,-0.35762357289397056,-1.5667994366733937,-0.35276537230157395,0.24165331558155848,-0.2781246692372626,0.6478361934360941,-0.36407763243088676,-0.3977171503953911,-0.09120268124983477,-0.40069243782333375,-1.7786431677432586,-0.9660480073631036,-0.4149945707943621,1.302965605487627,-0.9310999812910993,0.5601014776550884,0.03449020413551524,1.966005930836021,0.25800604103775865,1.052853923273213,-0.024627014703428617,0.45043425172728546,-1.6519645442760322,0.014532525529877301,-0.3253443254293035,0.5589259606229489,0.9444655354787864,0.12994702347038417,-0.9145692697179673,-0.4558095627984245,-0.038851746026962446,-0.6731677225397444,1.5151232303407212,1.0541722290794395,-0.7187931703577779,0.267631067085012,-0.567336998793503,-1.3144420118725457,0.5922189251184617,-0.15956303848142211,-1.0606392235929265,-0.06369202426619999,1.099362302053368,-0.26307886858353674,0.5487109992456952,0.36418291879427833,0.4485023002562526,0
0.4932006758639715,-0.1706883842347462,-0.1088100841233076,1.6750220956979438,0.49054441517952846,0.24991584403310488,0.571744937086524,-1.088443467766482,-0.6282031163983092,-1.497747291863312,0.02813872484206369,-0.9959784765117725,1.3767594995409078,-1.5633255299194364,2.502896338705245,0.7875517581418588,1.1642483374205717,-1.532197994358371,0.12900042898695163,0.7715456292680607,0.5734320145763613,0.6323455153764848,-1.1116178291063936,1.8907200116695444,0.10395245718392704,-0.2529117445642274,-0.6951347809114067,1.6339663702725764,0.5595567357869454,-0.4839151526497963,1.364492799373692,0.3057434602201061,0.48097332743711785,0.6247917703380811,-0.44264547531150533,0.5619438245930894,1.4487926473109287,-0.03153337459875428,-1.527023379499097,-0.653352318734552,1.6947648810810776,-0.8360090329883908,-0.3079623037454846,-2.1274879380932203,-1.4792072480755984,1.1596932189596711,0.11948056835298707,0.17382710770160612,1.3296272196088952,0.5350280547461168,-0.20431205971386956,-0.6686345975397812,0.9004161008449291,0.843218028378479,1.994641683885797,0.2561896189489669,0.7866964774421313,0
-1.5731949086673096,0.9867876304678677,-0.6022870048795876,0.1128092003713314,-1.0261251557327433,0.2692842217238396,1.1181542294659632,0.5328577911991482,0.07532714726057621,-0.6881384498741413,-1.9897440594701943,-0.1376016098106749,-0.33991803658215675,-0.6123672116504354,0.10049804986256122,0.5909995110036895,-1.2293753317938076,1.0572212447032416,-0.732680495250825,0.17612898869635846,-0.6768835435320478,-0.30216602671318216,-1.7664528701019109,0.18285975556531756,-1.947884378416388,-0.19236523190605181,-0.18680904694495767,0.9087239828755925,0.2875580125213576,2.008710129978724,1.190034087667557,-0.8957554931649633,-1.587795673860733,-0.7044026187214859,-1.2072559466240589,-0.8588930498771892,1.3047918184877376,-0.5626472200132538,-1.3301789405696074,1.1579079940849424,0.5287792636645653,-0.38469780802636533,0.13282234112428715,0.077880769602537,-1.5942216137881742,0.3089655048373388,-0.33554168023481795,1.1020706234467543,-0.5340206145725924,-1.175094688147115,-1.2245208791982973,0.6427896686688123,0.11645919360507251,-0.16160865236985728,0.04354397192448384,-0.5321867071279065,-1.3782563576149212,0
-0.26195122924556835,-0.6365804889542928,-0.8626037440756497,0.37731836569431265,-0.4833741478605459,-0.06079970762522025,-0.7956005389205254,-1.4105932822421654,1.560645799266123,0.3747135021787791,-0.5895650093729313,-0.6898823709507819,-1.4861960765909887,-0.8677470040043228,0.41723550843893664,-1.305970795946135,2.041377496286895,0.29262466132743337,-1.8862149004407458,1.2580463716720038,0.7788202112329748,1.284665499368527,-2.262327552760984,0.49668968797108604,-1.5297135253384886,1.3004662653653298,-1.158883875313987,1.3235593312112834,1.651358323036785,1.7317282274580523,0.28371587305047213,0.5842040850344694,0.41522943507662563,0.9224046534765152,-0.20471745592132348,-1.1255980194718402,0.960328373459027,1.8590417194911304,0.23526556804169896,-1.1078551344284575,-0.5312663227285346,0.7564511712914229,1.7600044046840435,1.407991929547337,-0.17040394706410364,-1.2202504079132646,0.34015856029337055,-0.9900368881146157,2.520542820568742,-0.16085184102293631,-1.4393419014792657,-1.3945067557457478,-1.8587690678783368,-1.4007413763662384,1.692478071484284,0.3288678596980552,0.16977264722141439,0
0.4300287336232918,0.9615936684023925,0.48366654332613296,1.0059540310540787,-0.11717196730720071,-0.8693111465929515,-0.249501430964472,-0.5725887297400746,-2.502277931343383,1.6946096145498735,-0.4422302589298405,-0.4024136066072092,-0.6274728325272744,1.6191058731317105,-0.5649685554135936,0.8502887311335552,0.051504944743700196,0.007062068234224733,0.7632344524311387,-1.1009451083687685,-0.6236554906073354,-0.7114882071260576,-0.7059212122616324,-0.45273120523669647,1.1411157343270975,-0.8850911807475585,-1.34369026612976,-1.1047596572963734,1.645108797529677,0.5151771255292075,0.8036054168382678,0.04565684398169976,-1.220205702357721,1.3587475013131738,2.196431272298059,1.465165161922818,0.2897671729020813,0.08802057319940836,-0.9216611186145177,0.12511782805096805,-0.19365183026111096,-0.4539184932897395,0.32480030983525426,1.925748200495902,2.091071526846982,-1.1996598113346566,1.2759761554478328,1.7595153414025033,0.13765546570798268,-1.4540949472299083,-0.022958550563521272,-0.8756949331289469,-0.7842674036827726,-1.3923058190287418,-1.122560445082067,-0.20270267445033696,1.0699319827453535,1
-0.23855690130971022,1.1493781506403922,-0.18507738289174652,-0.6170517697489057,1.6744040438570924,-2.191028475954371,-1.3952485025049182,-0.7560912468106107,-0.4135752502776732,-0.8806994729459661,-0.38414075232282524,-1.112100846103763,0.5937134696710918,0.678183358302557,0.7524435189696156,0.6896110036234568,-0.010067121150534845,-0.5726570869315725,0.9920066216866114,-0.5378968745169003,1.2805474610877907,0.4350682334842863,-0.5358521390892985,0.9977223324899919,1.5002679354924104,-0.9759109981669722,1.801059201495316,0.9332629932598108,0.3538994421950747,-0.3001255200056835,1.1682082903440327,-0.14853403563324813,0.3667631955496001,0.3086950212229819,0.24845678451497072,1.3041146106331964,1.8443971942042339,1.3116743780544367,-0.11941099043709798,-0.003222838799831375,0.14418814138481711,0.8913696748302351,-0.9199639543467588,-1.142208198895065,-1.9846222572536367,1.1586216494522439,0.6858960175518819,0.16051728770642007,-1.206880595565663,-0.4399787232732107,-2.61902902066003,-0.2990593401167131,0.13497269107491755,1.0317160900135822,0.096867211335542,2.2534528491581627,-1.854905374177408,0
-0.9488501916039789,-1.6804472765856653,-0.48401992448267384,-0.6355031325021897,-0.5651956628757396,0.2520087591122777,-0.32524032482020393,1.3022723762758304,0.8909906404431884,1.40302709789439,-0.22705028638835317,-1.1394795820733712,0.6665370595048804,0.7176394768972287,0.550416057574986,-0.5108982330001152,0.5538989789688676,-0.9406388811670543,-2.0742414141537635,1.048728626874441,1.0614392122654277,-1.3356851004854784,2.9148278909910537,-0.08296664512671915,-0.3660902317080979,0.7916984841341617,1.0190282221918394,0.3301732675320782,-1.5543312679731818,0.5433903593791283,0.2999829193938273,1.1200092975552296,0.3167633804834721,-1.4289692901864381,0.17769550239313223,-1.303119984918128,-0.41859307535663687,1.1920613964981779,1.3992456593034068,-0.7306094885709814,-0.947604710585255,-0.5220049148847475,0.7429131910767457,-0.13333633793841107,-0.6985413744948381,1.2677481558844093,0.17657345488577827,-0.8377463532892887,0.9906805528202082,-0.9216182208504217,0.7263854372643334,-1.0382285673149159,-0.8583782049827522,-0.5873860150278019,-0.9412839670756443,-0.5582257663906431,-0.15847475739878786,1
0.11303605408547951,-0.07996644415055311,-0.0014280235958856354,2.2928889052217847,-0.7938772752829126,0.484479756778715,-0.9233457654119875,1.2049732588920894,-1.5644286104235263,-0.6931919420699618,-0.5490162666207656,0.40353174559708366,0.002167180764175055,-0.24693476665329292,-0.3296474801372135,2.09493611098954,-0.3526039781916902,-1.012193329952927,0.13014799581768768,-0.13359684502407468,-0.9845260327842147,0.16937105173284406,1.7425606270600207,-0.9602293650311975,1.1050163441581542,-0.16256772709655468,-1.5277819302267681,-0.40389499274042345,1.0320400515167052,-0.04119468534905407,0.15693795298336546,-0.15401366137288308,0.7935347438623608,-0.2802348994027161,-0.39023119239706205,0.005563560362369869,0.25684305947366354,-2.0166690686441417,-1.8427865662341125,0.8458767753094788,0.5677269552869108,-0.1864064700117326,1.4068786891846763,-0.2798485747849271,0.21810348201209262,-0.6306848506744808,-0.37570134787257725,-2.318460136907486,2.3059246977748113,-1.6247099478876703,-1.299988445477898,-0.3052474561805208,-2.466789597132869,0.26928846696122766,1.0218200358522078,0.17886904080786767,-0.8004052378583021,1
-1.2394517856042633,0.8292035244630716,-0.5866780414072112,0.45550882038361445,0.11465695490391563,-0.2810611790657087,0.3184139856322037,1.1868361286533808,-1.1738739392706603,-0.6783762949699363,-0.4805140381898219,-0.6044967182861287,0.4919278984801308,-0.9441590732982087,-0.5976605338136779,-1.6503006498601622,-0.5303724361325439,-0.019843388138944876,0.3138581375643074,1.9155346295880493,-0.18980760450930007,1.2118786305997262,1.3586507745834242,-1.719066394273897,-0.46161315013261406,-0.835782264732018,-0.8265048103725662,1.1921785611298086,-0.2346251656818385,0.49947500278068424,0.28269161720244457,-0.8293049710879715,-0.08068173407514778,0.660806268416102,0.5962566805997632,0.12016825198957366,0.8852227923538935,-1.6872755876862908,-1.1874198059265098,1.0187733571645792,1.0248475135675728,0.43397179597457797,1.3467683775121708,-0.7792625763173687,-0.01985491385945429,0.5210253029530901,0.04419464181828321,-1.8417175165556958,1.2876801285814699,-1.2235158473278578,-0.3511856798304949,0.4491318904309054,-0.9207589121602203,0.15210052333712384,0.3473090610216083,0.39767169718802053,-0.5599856118193699,0
-1.4435129622755307,0.21949033680617594,0.7294786156538471,-0.18730028542805305,-1.3085951746211588,0.22978054168824635,-0.8307862552245734,2.4043983609617148,-0.13915157777767853,-2.218898594297774,-1.9871565981202242,-1.9182203244207747,-1.2078525094603785,-0.7786119205161676,0.15744857079398758,1.8272092733107674,-0.7425013538926869,-1.8560680354179389,0.29356656958241845,0.9480151437685401,-1.464027084997613,0.22599383960007885,-0.5477289092205051,1.64056292164224,-1.2668470628705308,-1.332612035327312,-0.687740167424406,1.468493939044693,1.4067693712849247,2.284734006635972,-0.5415869483040463,1.6493138752824448,-0.3647412113532077,0.7117587045655777,-0.008317623340962955,1.5031868889396536,0.2754262832679408,-1.770162333720413,-2.8269990636366065,0.1887720197134981,-0.2085115200760817,0.31304980785595143,1.4050269779531723,-0.2144098998098238,-0.0621167760734826,0.12111242714243337,-1.6671993486876338,-0.052411771447032955,1.2920129973444563,-0.9378346340457567,-0.8047561638268549,1.2399281565991815,-0.045745448562829055,-1.0228992478859942,0.7264411077871284,0.9558022241187883,-2.4163485238954165,0
0.029717234779832593,-2.266281455976939,0.41374312019152687,1.357039825843431,-1.0402624418488922,1.1104286906375012,-1.414312501988967,0.5358572637373982,-0.7205321932893745,1.0281959421119449,2.10373922073658,-0.1799978850768514,1.4264130973503077,-1.5752857826222788,0.21507358758165396,-0.34026718036057924,-1.1852299391368004,-2.2981315616698863,-1.5598283217696611,-0.37855789379162663,-0.1514553997358404,0.978063122506166,2.181151992123592,-0.256811469691244,0.08293821126350474,-0.7886781980934742,0.34320949987010596,-0.8416619013174729,-0.7054025824465691,-1.2841863890796195,0.46563539346879357,1.1198017703609333,0.9872293537269287,1.7490425274101953,-1.654729352902493,0.4879490479678558,-0.9632776025243773,0.1723656774482276,1.1755533214450768,-0.5494288177284985,-0.5357043223491039,-0.7022065505816291,-1.0726354831544613,-1.087769141782232,-0.7047397697127236,0.3120655474049771,0.08961182304819174,1.1284823030910929,1.246593293395059,2.7793684219173205,-0.5087987369143506,0.8441469370026858,-0.9978727850788561,-0.5648958265648668,0.5381694893986422,-2.396232746791599,0.10972653435932546,0
-1.7822754746634593,0.18897214224674358,-0.794634641634036,-0.47034761026380717,-0.0336844792497453,0.006147360138436195,-0.04437289666400677,-2.6654230482408514,0.9580179022553884,0.29686262106771605,1.2904397369074494,-2.081332789579346,0.6381222732890903,-0.84122546378984,-0.8690273147029423,0.07638562619763208,0.46803343229915123,0.9234607408690437,-0.855124694456363,0.24325219857022154,-1.17744082368354,0.8172767192152401,-0.01585671760380796,0.22499600817697363,-0.16498016330378362,0.7881410111042308,1.8220000083959595,1.3586669631304442,-1.0909694592961932,-1.110230537341684,-1.217724029160012,0.013221953842431923,0.49245662400854057,-0.09205877857932396,1.5618610566093132,1.4224445035596518,0.6038835702204693,-1.42633383020849,0.9351849361104476,-0.8918342840872993,-1.3141158473604642,1.1417938552322364,-1.929608087209228,0.13095205596647255,1.0993653336057965,-0.3532300126609867,1.5021062047840616,0.1718036782129218,-0.5555177824986085,0.6410800340012225,-0.8364200838144467,-0.9374463636684958,-0.8826969446875311,0.8321821517202551,0.5997419765632249,-0.22636994711151426,-0.7155371262864093,1
0.10542690456031152,-1.0755637282922728,-0.040753511997134645,0.6381754040553163,0.29063267719057134,1.9007609808035648,0.489365027505667,-0.42514770233781674,1.1151004970963165,0.3067523424293704,-0.7930770288906674,-1.439885664679622,-1.1710293997224672,0.785494982881096,1.999518096837797,1.0129072211679189,1.034919430913346,-1.228662577422156,-0.28798225431588564,-0.5735982431800662,-0.16087420870884592,0.2082782336196922,0.5577189885186636,-0.5283134181740616,-0.38731362960665583,1.8557983506661038,-0.42525860584396513,0.3484819957253866,0.6455538661736406,-0.8124624405664924,-1.2728685097807289,-2.4633082547276386,-0.058159421272627465,1.1209753304089412,1.9158933768827133,-1.6929010647329787,2.3804245261944423,1.1720077153901398,1.4493649397757262,0.3768870597490713,0.15783524999467638,-1.8856449148684944,1.2098215405362511,-1.3190483953145333,0.9917334204539517,0.711466961485519,-0.2404043741708401,-0.4823201483032682,0.2435865625366138,2.5136550860626024,-0.7771106423743974,-0.21536917795675886,-0.3912897945584344,-0.9924975336913626,-1.2329325392258181,0.16679722063323565,2.2008335549763443,0
0.4720500738499497,-0.8388689432145946,-0.3414145567819114,0.00934051827326018,1.5350226159845586,0.40836086445888486,-1.0960072193454022,0.296948466308264,-0.26221335873859775,0.3350798258820878,0.702750327149856,0.23521000953697713,1.1597713746080218,0.7873834030662764,1.484395977804602,0.19655196669190622,-0.39936914167400256,-0.903825317755787,-0.15556669320750305,-1.1185950143387235,0.040195022142005966,-0.08778566572584011,0.37795306387260597,0.4000433724569226,1.7229456015167866,-0.00892906666098232,1.4050715409815493,-0.03245131052455135,0.48152224050500464,-1.8708475779003102,-0.02480482180098344,0.9398804677317985,-0.37986073935033565,0.7549629734276722,-0.3781866990730828,1.0789088237957707,0.16579571423165615,0.9361474648958268,0.25231696256319114,1.5713114869186688,0.18194751114789787,-0.1533812646444916,-0.23181452839917963,-0.25648742996648577,-0.8610801927379071,0.3271147486820871,-0.9804526962767776,-1.7563028683168522,0.06738495842983079,0.33760249689768895,-1.5929360315261838,0.8819636420039159,-0.5998639088184922,0.5152250018378527,-0.2052157203904391,0.07285479098142758,-0.4252842142961234,0
0.5948373473966001,0.4996496545560947,2.600298850547261,-1.5101514276022843,1.5659295681574492,0.7749592861719696,0.21086600064566735,-1.3543235058504632,-0.28617935124626087,1.1176664121754236,0.25924871467013455,-0.23843658398594506,-1.8043376358420185,0.15977227312347758,-0.28529515529653476,0.9450199770321576,-0.40251996520262057,0.645445999678154,0.48629319583762426,1.031871120245215,-0.4604028718095227,-0.6394569250844061,0.8156024103429366,-1.2566132015207214,2.3479160353941366,-0.4403957545398617,0.03341270716477844,-1.891728890910097,1.883593429893736,2.0595576720643844,1.3735889867481068,1.8282759897450445,0.5177272397367728,-0.7439635331783656,0.9835265200009723,0.29608189754279707,0.06042522851497761,0.5825582980617219,-0.7800287965064673,-1.0120984523499261,1.518664953444391,-2.1852527977729386,-0.47851758502439895,-0.988258254105876,0.8462620236238367,0.39528834839734106,-1.1016399567047936,1.8902479899338511,0.6984065350798309,1.018210472489988,1.3271746296226812,1.6920503020844495,-1.1196791525609242,2.3055189320963585,-0.7076168606257375,0.5100466633308774,-0.6619759258073932,1
0.9258527473530067,0.5364622271498919,-0.802123436257731,0.11358628113974198,-0.4200950671506198,-0.11670575044793684,0.8444522177863991,1.0071342409044506,-0.005079668849917545,0.021998382554135307,-1.4512620212633156,1.3140948087701279,0.2212195077725897,-0.3382736544901337,1.1358075650379706,0.17805002035205364,0.8070676175905293,0.46696011160919193,-0.4710977875380809,0.9181792752778447,-0.21464990355228686,-1.7816026147631916,0.840661767718124,-0.524014771888761,-0.3027226131718624,1.6507879296139536,-1.0692360202695912,-0.24394624438795667,-0.1478421886633899,0.2842176577424219,0.6551272317727669,-0.3016429675059839,-0.4366626441241053,-1.3685271860136579,0.5475759319764439,-1.069603426768123,-0.6556641913782044,0.07198332777707951,-0.21911865644662346,-0.0669715292829098,-0.569614023534424,1.065164360964793,-0.7570188942513678,1.1291835975596363,0.37954384018042675,0.6216941324455367,-0.2980533141013215,0.3626925195110565,-0.36635169761139524,1.3072397693256268,1.5161694440797473,-0.733283134162784,-0.5680592767468465,0.8687707924647217,1.6890371556143424,0.9039317887255767,0.5001080277289662,0
0.009017238243069757,-0.5576173424571125,0.0428119083322472,-0.8843666008161558,0.3081842464917478,-1.3219884537120674,-0.6099186994697351,0.9802279445892647,0.5852874138250255,0.3454445718928243,-0.5460172713398745,1.2686499186707032,0.8720282261037628,0.8471465413815494,-0.5569503830767297,0.9033901641508936,-0.17578048894443188,-1.9119215760138946,-0.03868126432438354,-0.20182106188041143,0.15420473504148746,0.6937340365610268,0.33962735192851734,-0.46935727629117646,0.40569652940928247,0.9461594809229548,1.6372853165737098,-0.3156474591791156,2.710291528959839,1.6681894329671936,-0.46954852559551247,-0.40964285482643464,-0.16750846725473825,-0.4213680398399033,1.1736194205888957,-1.7252529294920735,1.1634373529819662,0.6202669596167288,-0.06813015184237291,0.41066479449593785,-0.4210623114292663,0.3226168182585952,0.5765805490787456,0.8972462373129414,-0.34969614194091214,1.4163463925212,-0.11833511490961804,-0.8485630167189507,0.8402099483433477,1.2499181553136058,0.1730457185093337,-0.5952789432503175,1.3343704668502003,1.01841211645543,-0.4271241496784343,-0.13754231294901545,1.650804260151236,1
0.3729605036582704,0.034850351425247804,-0.20173042051576037,-0.6367997255569261,-1.2347425000873469,0.8677010788120301,-0.2882293212226142,0.5137211960523506,1.7812933724314994,0.7331316351715711,1.447777570374472,-0.12949703771221083,-0.5125586618799881,0.937770751599666,0.5837349269828117,-2.270098683500448,-0.05459087756650098,0.4422236665655523,0.442633278492661,1.6947904755633652,0.42056341902882155,0.519020888646586,-0.27534099012706,-0.393419800325565,-0.6676995374280452,0.8489252035427769,-0.8555047038905487,-2.076199484353331,0.04802547154005349,-0.11121370172680217,-0.5803966195073018,0.708299735759397,1.0590598245541079,0.061170101289553226,-0.3183777464779307,0.8616270865914484,-0.5956260162470107,-0.6779743119790562,-0.18055745191808512,-1.027371620262931,0.88545266558132,-1.3532294615765645,-0.039845658082997205,2.1385043987647565,0.7751185029805041,-0.5778019158709675,0.5514199136847926,1.1300194201350016,-0.16612164737553917,0.3474661232981488,0.8888722550811603,0.5168778292097808,-0.7178717560296625,1.009791330899402,-0.45653780943671385,1.6641542066864097,-0.9864311188987107,1
-0.20740930099555327,-0.36137855124732354,1.7022740894592525,-2.041562907303808,-0.8828043629186059,-0.8954344814581155,1.0553835364751871,0.17312916533361142,1.842133471010101,-0.22093181307748314,0.9949199217424157,-0.04892611781341506,-0.3489843400648606,0.03258115669137672,0.49684630630830484,-0.9406988556663828,-1.260991885684167,0.8419291118781957,0.11246611786500198,0.628028134118537,-0.21144836542062562,1.7979505163628275,0.03629566095720503,-1.8642337109746039,-0.7533080597580263,1.4562155224048103,1.137826163332664,-0.04266359741371794,2.0959012611670107,1.0627346917892924,-2.354248621346198,0.3697920166480635,-0.04631568113827224,-1.0176840682524173,-0.609740264661201,1.1510198123880149,1.078082551107544,-0.775814531658617,0.22283281095692745,0.44182180869960613,-0.6428598982095978,-0.32734479248418963,-2.0491033359904636,0.4625136934238032,-0.22723835613152474,-1.1445364680437038,0.04570984559229739,-0.9336385438062278,0.5403601287202087,0.3221509129838252,-0.3250936651224974,2.4459108666786267,2.2522974276030308,0.08076064664254663,-3.3257838005924905,-0.4289460431317726,0.1351653643963096,1
0.3947314724201679,0.437352786229009,0.43433529495862055,-0.024469904293368257,0.2383162726129021,-1.2478802407330978,0.07256973159493603,-0.8679302651359593,-0.3543699473798506,0.29560910711216976,1.3120612897105857,0.017965455790876956,1.2246176873852455,-1.0799691169895986,1.3781114142150936,0.7329967954512164,-0.40543549814912616,0.35591577007501146,-0.13479491929965415,-1.6343114969596813,0.47895033718669894,0.5865658652304884,-1.3149542617315901,1.998535584526572,0.015268098648560543,-3.742534304073748,0.7805070833959616,1.250001742507786,0.08169779840312119,-0.33121523295662303,1.021412584545898,0.3152371650495693,-0.6348289755523714,-0.4237823573182269,0.1393728810997095,0.20298301466297117,1.8251422646880298,0.028045836056680793,0.8168026663729919,-0.04557678546535882,-1.7611639758004278,0.7893086444428778,-1.4480779484683972,-2.6037501911291576,-2.3398881807572507,-0.0027930420570733724,2.423749614785858,-0.006676780203048067,-0.24974542145950213,-1.611723926090103,1.1383152967660164,0.7390331194835245,-0.8577029353465788,1.4659613819147432,-0.2296456599412175,-1.4220780014297438,-0.6442465748426129,0
0.10938842624761273,0.8456390849759511,-0.1342512726935561,0.737667249355311,-0.005026086920995501,0.553064463310719,-0.7430526770594167,0.6680044574722733,0.5412234499962203,0.23193666212784594,-1.241220745107232,-0.5504169821813562,-1.3907852859008376,-0.7364390399262531,0.6699128843852655,-1.8032253450304454,-0.6556427305748476,-1.239265608807617,0.5969847963544869,-1.4618817824946406,0.3109478001818148,-2.3702396706202546,-0.04745711112536153,0.31874368715388574,0.5723659286344243,-0.8347904799675478,-1.057277198486459,-1.3178857937107145,0.7026387179431537,-0.15653065192662838,0.26969472758731033,-0.9306686906580475,-0.1732745160540453,2.6368410593503984,0.435932931091235,1.8915077896102193,-2.5153191712085694,-2.441327361665107,-0.03741923633952869,-0.5559841698919605,1.1458601512566604,1.303563509570258,0.04645306137012771,-0.4670442712451962,1.6220637647559097,0.1418158452259987,-1.7925533693630453,-0.15855323409033859,-1.10749001994791,0.020363909010940647,0.3412187834897456,-0.16039742525023032,0.5227644259393326,-1.039648791613004,-0.28969516430734243,-0.8629398873720007,0.1628685078562828,1
-1.915775931473117,-1.4572093034213898,0.6260986033255316,1.8602115575481453,2.3032327457468296,-0.8399480153546122,-1.9385387137853471,0.4914281346193876,-0.13255767938251486,0.22928570648627444,1.3376159865258948,0.7597049233901062,0.8028663406521466,-0.6117744534122957,0.26364706120521775,-0.36240827299508444,-1.1632266826911588,-0.4736663078325617,0.8153468089977856,-0.1241617477584544,0.06587826837015265,-0.6319353508427302,1.7637629879507428,-1.4539919040433407,1.1729439388458047,1.183203515966063,0.9126089028822603,0.6235385916807402,1.1790820443308077,-0.8187967268600703,0.8669214731933719,-0.8029654153633038,2.093242158432192,-0.047069683122942366,-0.3392108137772127,0.4435867219776956,-1.124783519481074,-0.38988963244737795,-0.3015954843639183,1.6423591059114193,-0.9055624886201238,-1.3790555172286698,-0.012618993210439404,-0.04944491244723867,1.2730424464465027,-2.2265928296851802,1.2288609016446341,-0.47189085156257105,0.21000891973312338,-0.9699142150080359,1.2390755934005684,-0.5591402042437602,0.5117288838852684,0.7308779695902206,0.3060212335695966,1.530813368898248,0.4720782411090537,1
-0.8807297276700414,0.6782339638336573,1.142353240550916,-1.4668574565105732,-1.4080013452152718,1.2745329698442815,0.9487222290862308,-0.6349482472147434,-0.19726407989240421,0.7419860689502416,-0.1643957537075311,0.0961217156243465,1.4468913387208224,0.2663588012721398,-0.28355488460505235,-1.0047285198902094,-1.267718055178021,1.264160696507112,-0.8373964245951535,-1.1471483242082847,-1.0754186236324863,0.5821395450841776,1.0122372875780048,-0.7961139222504654,0.5177460944320695,-1.7915415686128038,1.153016080355094,-1.2433313736058518,0.4224927389828472,0.5460631859626347,-1.1599727383149128,0.7921546813341518,0.5451329137136404,-1.6765131642215598,0.22492461964714514,0.14060842813437743,-1.2392351645184008,0.02749540852978498,-1.0587618394233858,-0.18811765828345506,-0.1600907484560244,-1.101811872320954,0.26479653446904133,-1.2150824575746157,0.05085598867344159,0.9533086791550702,-1.3654415762348906,0.7498867334062159,-1.4171054504243918,1.3327134824774143,-0.31655662554243963,1.188318253976595,1.2893335095236154,-2.2546029797137757,0.015054025865542421,-1.6199404973114455,-2.1444397937906863,1
0.5347103426012764,-0.6744606674844422,0.5911275055044268,1.4196778585559644,-0.27708823473859717,-0.3360554877452787,2.0612731195777,1.6322269910931677,-0.5882226963636553,0.5518993341156551,0.10348838020906258,1.2633883401839434,0.14120860027653656,-1.5766806780826246,1.3201336986708756,1.385570171897275,-0.005804216037618272,0.9145223261812452,-1.3089737012461427,-0.6644032859691107,-0.35291377294437637,-0.17807951233810465,-0.8520540859704059,0.9366848992774656,0.818191353109107,2.0862315821633457,-0.7942857265367201,0.1228880801609012,0.5854700889672333,-0.854909601311184,-0.5100682476543521,0.6833441509273344,1.0873462331399637,0.6102589952278161,-1.3159622305344727,-0.29163551697779094,0.14941179210120714,-0.8524418278184289,-0.7134567466067335,0.9062944531385815,-0.13150598405467276,0.6915820971709126,-0.7712143114090574,-0.7395718226813345,-0.5922641170495523,-0.24074675687736474,0.03379631441401231,-0.847097303492019,1.478909427432146,0.821857827817082,-0.5411321573587771,-0.2548142996890053,0.09384355487505917,0.5858175324099681,0.23112890885223292,-0.12228396550523517,0.2580320075666264,0
-0.22792030776557032,1.1382536035696589,1.8741486454338734,-0.37151957209255787,1.2592409894783574,-0.23642252765021748,1.946333387790857,0.6271534820720532,0.06728269354593924,-2.0134900072854713,0.4294991969110558,0.605308293499487,-0.5973261312842534,-0.8939447727819542,-1.1037577102294043,-1.0768789723259256,0.2044343790211124,0.0666328738734387,0.8684789404306746,-0.495400068659085,-1.1647916340714657,0.3333777209026753,-0.4052119146128359,-1.3308236863315028,-1.8581379765654413,-0.7649349032356336,0.43332962678588466,1.0838431325529656,1.1960542539974603,-0.3812992019005373,0.7342835541237032,1.2719306349085688,0.17992620883589416,0.18542454254090926,0.7969375726616167,1.1560484639186557,-1.5027798444511784,0.8124848313585533,-0.4965984467564334,0.09915565979369935,1.6097143145383606,0.00551098946973966,0.838513759033714,-0.5922634694741221,0.9317936300902164,-1.0782653256685646,-0.697296942092333,0.7167306672602834,0.2345207672545965,-0.4582313523675195,-1.7133573017543078,0.8908452038295793,0.5632874471556136,0.18499838008154154,1.0147807535359081,1.5107918546053618,-0.9235235544866248,1
-2.1182014377276737,-1.445795365587508,-1.3555664071158673,1.6575877656162568,-0.06600740802767417,0.6214407890535014,-0.6315560264339792,0.6937231483599225,-2.8833075084942283,-1.5929667522644548,-1.3943100094036134,-0.4964370705683364,0.56198995069463,-0.8603340360157271,-1.9214689603715362,-0.3181842280336527,-0.5813029760485888,-1.1998202987268485,1.6092759458634824,1.1576469613320433,-1.2480819472749651,0.4244501710489869,0.3828574883843937,-1.1479728754596796,-0.23390735945318117,0.5639289395046553,-0.21751770778430563,0.652308184874318,-1.3320896138188805,-0.8590483968307921,0.46530677018320965,0.30025917380050104,0.491179521838971,-1.0528342345918302,-2.2531580230749686,-0.06453227099892223,-0.2619639148768281,-0.42259447025231994,0.029562142198401073,0.49058767723202956,0.2672370296649201,-1.4464263854189991,2.4166645403633567,-0.14980038039974247,0.9264482016378064,-1.782797558204281,0.17128011841355778,0.12049135049116401,-0.2794809630446577,-1.391624655607725,1.135443646535264,-0.39111158214802627,-0.00321782322526501,1.4036109909677645,-0.12411773870671079,-1.003242108652394,-0.49764830149749023,0
-0.6876240398188636,-1.2740640921329134,-0.7542716363778739,0.9855541423150675,0.3238718425819942,1.5096389771462144,1.4157184582426257,-0.8562923444743554,0.9992080834020953,1.043395031080163,0.9479675141600659,-0.7603971460217838,0.07803474128427636,-0.6708418440722256,0.27886488349375366,-1.1092923437091389,-0.3572383527218323,-1.8960997478757262,-0.348054141894713,-1.229400327289163,-1.2184710562282965,0.7295456471638876,0.14133750205783355,0.2591469944954927,-0.43319526507128703,-0.18410205933624824,-0.3377030156160855,-0.21643045848387893,0.807088086245242,-1.4386871194267774,-0.1035239352165939,0.8834628840331726,0.4154667612161604,0.4112460994973777,-0.8109859506325191,0.8863282474968026,-0.4700039882955759,-0.27778950143819525,0.25326297377200696,0.41660995613380014,1.7655087535084952,-1.111412541976461,0.1084695518106896,-0.22627724772611504,0.522251551326523,0.047305105426655586,-1.1604173764106087,-0.2613091849979074,1.0588584727625951,0.4217949439357292,-0.1988046749236502,0.8890730745598925,-0.9756682353824101,-0.23965042991704683,0.1292181138665146,-0.5236615548425128,-0.2744642050023402,0
-0.9820602715108205,-0.6460658194913083,-0.7577272807807252,-0.025579200087772657,-1.376650570753066,-0.5656904970566676,0.9401354097346782,-1.3257386710147996,0.10818382943101597,0.9957162621115891,2.1830755619037716,-1.8278946548498853,-0.37761077529577364,0.6997435136963408,-0.9011750188290991,-0.7650424583105545,-0.5054090687275151,0.9750893374994702,0.19834186911311696,-3.315312683876218,0.8547334532397578,1.0642416597944309,-0.1705482863086386,-0.07110149005016418,-1.2230366016688585,-0.001973166058732876,0.39781429243131194,-0.46458221551951867,-0.7182987251488234,-0.49753725247164343,-2.1710945754557236,0.8160069201657157,0.18877457938749997,-0.6194086031785502,-1.6146887151033835,1.0794218567072928,1.3390036039813062,-1.4249648743053949,0.41181972800994365,-0.7596871757057068,-1.503065515319523,0.3850402471171833,-1.898691985041143,2.2020150494084167,0.8016879782385299,-2.0298395548949135,1.337228569632913,0.7697741820219743,-0.25819014610423435,0.4496831214217078,-0.177381837551949,-0.8861532521875282,1.2745113617933657,-0.26305450214255827,0.780080923675548,-0.5856192251397606,-0.48274164029083855,1
-0.9904607559308608,-0.4832542037924974,1.1857158454504337,-1.2179979682987316,0.8321939490321012,-0.43622465750250494,0.7196856379925071,-0.8852992452204056,-0.2970597500071052,1.701910352832271,-0.4424197332706221,-0.24157273192624298,1.3601743064399274,0.5957983377470576,0.7760942924365579,-0.6211108358059213,0.6400804367111566,-0.23885812693709127,-0.5558833121462277,-0.5722238198272845,0.6736459692699697,0.7463021281449264,-1.0066295445906708,-0.13725640867392327,1.82894984345178,-0.12648880204561902,0.048526231539271304,-0.49670028050695036,0.4642666947173288,-1.6590175925909374,1.5825186090922778,0.32938031220070024,1.9283518501347248,-0.30685099276413286,0.7417779917524115,-0.3436171733440787,-0.7966392268386333,1.021644024922826,0.8555100394442219,-2.025538116503947,1.1533569596734783,1.06493270458441,-0.007179207943689654,0.1828129460928077,-0.05925613986604216,-0.7622152681891071,0.21172388369334003,0.5131006635771597,1.0328967464007475,1.135402814612933,-0.4128008518664684,1.6753147183981107,-2.4101701588770035,0.041518847106904275,0.3533148529532114,-0.9320647802214366,-0.8594959247589504,0
0.6399472089116047,-0.9936883759204285,-2.612550116268302,1.0979758366239012,0.30196204379146746,-0.39939741066018053,-1.147200061727566,-0.20037399410890896,-0.6804357742749577,1.1577437665566521,0.04566297810454048,1.9440507907339213,0.021497987693757423,-0.1253688260019623,-1.7741294109418073,0.3821594697851386,1.1074316539898337,-1.2054261976040264,1.5960787349593282,-0.9880890276596814,-0.5277599770012524,0.3938784371542608,0.5731592834080862,1.07116648390778,-0.08314447868142608,-1.6348214808427237,1.8964120246136404,0.13349609353431138,0.14192860306582297,-2.4693561243113544,0.7712353814769023,-0.71226499559825,-1.2642435902021236,1.1863001315058659,-0.06732399146017803,-1.2439838122011024,0.8371273464870487,-0.34345770880534826,1.2936262503671914,1.4504168038199285,0.5464732352076223,-0.9834445551011501,-0.06331160620693635,0.11620369321019622,0.2846610372536739,0.6766108308793173,-0.45467976090239914,0.209923309513033,-0.7975130485937283,-0.09739009886126482,-0.38937238498155663,-0.5283120318316105,1.0074074479110953,0.2537723675304823,-0.0840741598435927,1.882367939304761,-1.2506340300981587,1
-0.2093251262880334,0.30345651437598437,0.12829167893290425,-0.915626311766992,-0.3175264248762602,1.0992834156406592,-0.01020348105828018,1.321941176434983,0.6571027185695182,-0.7119924956829,-0.4390709692244416,0.7659302714965992,0.4543548657749432,0.02172184247640607,1.2564640923987296,-0.539962168499499,1.3253137053460398,1.2768035609050419,-1.2765513137960336,-0.3047412325670988,-1.1956635617335702,-1.011201021201098,0.3941114591611413,0.24638549285944053,0.26823479335687495,0.09168455585077247,0.18759813013569485,-0.38633794779762554,-0.5551052550053501,0.5440330304764309,-1.9477052892322566,-0.9050093263471629,-0.3598318435401018,-1.221414080941113,0.06391536776234867,-1.2062383629173041,1.0671092250276581,-0.7269087210125786,-0.37367523506070005,-1.0579734079735426,0.3589563842067848,0.000536027779607673,-0.6609752494430187,0.5318974478426094,-1.353122887464305,0.08904979249075602,0.2755034352144836,-1.103590636812631,-0.09842798827029405,2.1751185674110767,-1.3102009670268064,0.10224387615097816,-0.7783594678346777,2.0120063132437096,-0.810290313216877,-0.37233944110439093,1.0554654730184088,0
-1.4658223624017184,-0.09278619554620135,0.7355497508159681,-0.33239981644328137,-0.7159576786364795,-2.344761487736933,1.5858303515699184,1.1949076657884148,0.20625467859485624,0.683774714577935,0.509838864416686,0.26405804244370373,-1.487070007379856,-0.8085143081995738,1.202210924250224,0.49502919909387044,0.9330394146104505,0.8913703342641867,0.6564812723825992,-0.906135416940523,-1.568169355856104,0.41080303276174573,0.5648348087106442,-1.8664050987798593,-0.9995866247244655,-0.8018969315191595,0.7283993824199237,1.2177034590475178,0.5103361169838762,-1.3009026113005517,-1.088371043573959,0.6970073298372611,-0.769608264983941,-0.24158073266947616,0.40206685851096097,-0.041807409019506886,-0.27184710817266977,0.6303332227838437,0.5738190903690372,-0.04500501829937686,0.648398044622079,0.1382941142155199,0.3570090846760708,0.3369898817347875,0.5187393292767079,-0.6520071634696716,-0.08672709006798314,0.04711050857219771,-0.39758909563676154,-0.8209852886743886,-0.7739760171864911,2.2971115620434213,0.17964453258590693,-0.15678103481671316,-0.16574368984256074,2.219353949190913,-0.08404925496116832,1
0.47712687508322077,-0.32260670428958166,-0.8888630119184525,0.9363822865943398,-0.45825206059403395,-0.18382725139771286,-0.6470448518562087,0.6883003654950289,-0.729322117304956,1.0628666226758587,0.7201196706724595,2.002446976517198,0.492122856241062,-0.36224890303609353,0.7668820197591816,-1.1530861696216292,1.2170257125967563,0.6399566291475295,-0.005867454598393545,-0.19424706724898452,-0.9215717202674746,-0.8262491270075591,0.12102267500914315,0.3495028554614119,0.3543602088864891,2.7380950420907975,-0.970025510208933,-0.759241561788102,1.559049955446711,-0.09565601219919535,0.06287701588721278,-1.4137661341813927,0.1471254031841118,1.941079795181423,0.679045054117411,-7.471863976953697e-05,1.4358548884351954,-0.39066961590052657,0.5632223276921701,0.5552438530161767,1.4792527212160547,0.9406660668036241,-0.6043652956633988,0.6956547275422598,-0.09592610046098946,-0.42209975319872295,0.0012414046386278687,-1.4076556179596453,-0.3064283610908241,1.114472261327437,1.682383666798186,0.2078118093047458,0.23159057278310527,0.12303245515506131,1.3206472940680516,0.33217923950321543,-0.678121111919798,0
-1.3695200848462752,1.1540964910288056,-3.105833841375288,0.7642659088763323,0.07507916490900247,-0.40690907933791176,-1.1250712740477111,-0.9308935668519949,-0.26557809365783547,1.2117884404852193,-0.9958674501895368,-1.3241678322870414,0.9690840476711868,0.16330336607584325,-0.08621380195524489,-0.6431686181462413,0.5879245276079251,-0.5538070990035066,3.145846959337637,0.8952028844807558,0.8528780789996747,-0.27503690316949525,-0.053465130668931986,-0.5921112129782986,0.23914847483902252,-1.4605165148673938,-0.24378514601012513,-0.3511262262440761,-0.0915859030506524,-1.051702034654976,0.6778934886043676,-2.262201924130102,1.9809669767118216,-0.6571510314609779,0.36251673763845704,2.711834552194997,-0.11986846115465681,-1.8319123195001954,0.19330708348767134,1.0449155653056847,1.541701264264175,0.17338701530956402,1.2691466612685542,-0.37232530591164115,1.4358823966292025,-0.5370778391667083,0.3539312697149674,1.0321165093467273,-0.42377947095335594,-0.22809162980234773,0.498145644512242,0.5917316592239612,2.19390726425498,-0.9252881433869173,-0.38003608473991773,0.27662843279150934,-0.9119188308022268,0
0.7739436133812325,1.0456977529856615,-0.17077089487334202,-1.7869332855253484,-1.319285210344535,2.0226017745133658,-0.7282189463414913,0.05649834750675612,-0.5504101518254996,0.6127760917288477,-0.7275326551418915,-1.4792124113129845,0.8271774524663662,0.7296259552013014,0.42047255091155794,1.3314427888567175,-1.2296381427647658,1.4027365372952556,0.41896695122930516,-1.0570443697392204,0.26378180380142086,0.8185847752538681,0.9106884883266136,-0.5949907417875194,0.11042804898022161,-0.3979113393460666,-0.05821553342053802,-0.954641249287088,0.2201240361279183,0.2058346501218539,1.3557961562390246,-0.9505350418397991,0.4824539250818282,0.8762341355669624,-1.8619222090225616,0.23915956095199106,0.022106496249593516,-1.6799906414171484,-0.10465563097997105,-1.5026387252134459,1.7188570013669546,0.8887292115115252,-0.7783435899078424,-1.2581827339037022,-0.24296755347940768,-0.880501970871903,0.37087586492828384,0.007703229181881551,0.1876046260799475,-0.7905190359057626,0.236564208636826,1.2124572357843701,-0.627893990176912,1.3539190071413458,-0.7394900830499163,-0.5790116848753385,-1.2753603087361218,1
0.4166303136128879,0.30594610453916815,0.710507480868424,0.23379125909956042,-0.7684225716522124,-0.5757033003511665,-0.05902119794952427,-0.729751742528804,0.9797604652386369,-1.4198871848917576,-1.1589380381801289,0.060465201212065604,-1.0408659489473786,-0.858868791254582,-0.6411412076996014,0.8534636986390447,1.4866743156555415,1.8798729179201483,0.42870565491086504,1.039834552905806,1.3773844802704907,-1.600925822533752,-1.9460059756321224,-0.7012897857178989,0.049370148141507815,0.8227421811427745,0.6113869673302256,-0.35530196175036594,0.2532073232022141,0.3081081301151583,-0.9348342718399102,-0.0696002281384546,-1.1578825286025543,1.268129270720215,0.04067354851258722,0.18845033128551505,0.5314185684856703,1.0368349522519849,-0.014476176676015327,0.7669096701727958,-1.6562838672530507,-0.6916848595470179,-1.7049281891617063,1.6014866280512103,-0.33410280747311555,-0.083571031744712,-0.17341349540670412,1.0335817836660812,-0.9806916324596121,0.03390633333466846,-0.4406207368728402,-0.47438508326769624,-0.47947228918631973,0.04921994630634064,0.5714464594523022,0.39360174726587616,0.3808292725109961,0
0.2891195905117349,1.2193011492988022,1.5458821983762416,-2.5148672844426563,1.7538424026646702,-0.7747764066894341,0.7662173948381904,-0.3440946791221985,-0.7766265345843612,0.05342395483955796,0.1332168301983462,-0.4969004127833548,0.9628837574226256,0.582975564574106,-2.043089391521317,1.2965930105911256,1.6151291397594163,-0.912539158199327,-0.34012350390455665,0.2552147170346924,0.3512639929826948,1.227351071599855,-0.43806642775523896,0.8131115201226052,-0.6057387460532945,-0.8418272470628092,-1.4943531413196447,0.9195728599113836,-1.518681078497,0.46212207139038597,-1.798460351255236,2.178692802415411,-1.996513013335741,0.04505956279323385,0.2828038747621858,-1.137532457857574,-1.055419643871594,0.05360761466891348,-1.445232685021946,0.8018213846794618,-1.0180197517574823,-0.7262268394761697,-0.09437968993948448,-0.415598850910016,0.9157040588269326,0.8292278625087033,-2.938517652863769,-0.12505749704177713,1.0318450203810632,1.1143376781570855,0.8074651390025376,0.739699081534826,1.4370974245547818,0.20396099162832404,0.6404265735446903,1.5574870336667066,-1.5867661551966088,1
1.4513991589563924,-0.8515038157233843,-0.8262373894798288,1.1581963899894046,0.07124456270372023,-0.8541055578377416,1.3677896181377749,0.7865871347835318,0.3241262966087612,-1.0300574089547103,1.0936542928939643,-0.1574057740680752,-0.8042212058554123,-0.04419822170926755,-0.4411007715905122,0.8103983068511473,-0.04014364580949444,-0.22744218155868307,1.5651746041767558,0.20930450645141893,1.9005364803227665,0.11784049839929465,-0.8929755759688792,0.33339894902903816,1.1869573258285502,0.9059499435696542,0.16954320133883685,0.0024109677846221615,-0.4663406242467506,0.12497795775518031,-0.022150213433076087,1.9512533000971073,1.5684023223510415,0.9103085771168853,1.3962005037731928,2.4935979292014103,1.1329749089926553,0.7074378701687495,0.523686315395044,0.5888366892916531,1.3156000030679118,-1.148358369143053,-0.6504031657571243,-0.2919025854839359,-1.5545159417726435,-0.03893623545295011,0.8624326723514256,-0.6658152307662948,-0.15783544807752245,-1.4757676320803985,-0.2751782756559808,-0.25218544864302334,0.2812882432647231,0.15218055381662668,-0.20090146973111644,-0.712280713840019,-0.35174590518583504,0
1.0712924470007035,0.3771518541508831,0.871719152835797,-0.7305328703647372,-2.233421572375978,0.8198553984163057,-0.4476765131294151,-0.7330064351905184,0.14022279410872535,-1.4470536008250394,-0.5725873192947484,-1.4322429398344323,0.7360236886788707,-1.1140055943510927,-0.7140885516914078,-1.1466465323542727,0.2082679156300578,0.5445621531554311,0.4073357459832207,-0.800851695146324,0.05697227810516804,1.2027650426778453,-1.938003666369116,-0.15870233127069533,0.5829243232204928,-0.726470438578209,0.8553330101503651,0.6251846538386895,-0.804879352123223,-0.7249614250857392,0.1705799280958258,0.22156616106267016,1.3767869340224923,0.9867564454776647,1.6310156425928115,0.5689327327729359,-0.5183770709039104,0.0261780138443468,-0.6612118013930363,-0.8140651827325288,1.0323050430229757,0.34875321517270713,-0.15730753266231695,-0.7750113479027695,1.7910957266789767,-0.05711170968486857,1.2294942251889274,1.444949312119989,0.9415398601701329,-0.26461422333278545,0.5537331639205637,-0.8810160090483018,1.532281344652909,-1.498587118416583,-2.2284727519985235,2.00785098088428,0.21269891936504073,0
-0.4165828769932492,2.1019399521153765,-0.2820168772741789,1.2910335393328323,1.5315103592281891,-0.7889391217812639,0.5484480823129886,0.5018556302518318,2.8794873118043505,-0.7474639194618861,0.21426850985487964,-0.24337059124570995,-1.5993964615971183,0.6836211600597577,0.26321032820943757,0.7649753444774887,0.1739689130617883,-0.986859688176485,1.1684742370216799,0.45348642796396793,-0.23059209505431424,0.23573999770768433,0.009667725990106962,-0.4478657911909175,-0.45666282118116347,-1.180397589662657,-0.006061253769152661,0.3234744474815719,-0.08243825775315528,0.6687472460959638,0.025118729168148658,-0.32926380993260057,0.991194570036112,0.2690204042051027,1.1246629639506283,3.462353204005426,0.8159778175783517,-0.9097221026329488,-0.06320785385973063,0.03373579906580887,0.8041287355070239,0.9045088960369547,-0.2848879949449611,-1.4812044743968962,1.1756708726989673,-2.0981741725549905,2.0239087809909124,1.8139383440890877,-0.3219468760466001,0.45260186278381137,-0.39093722676025855,-1.8032271789231407,-1.117349186824877,0.4597448565139742,0.43358965934237664,0.5413522538332027,-0.12048756775929506,1
0.42261614187952823,-1.1892208962598925,0.5306771231862379,2.1703355466868137,0.30337124579410996,0.1676102498196954,0.5775115431416115,0.05278588094910707,-0.8052529214765638,-1.1662445639174308,2.1250260663753253,-0.06982762915552758,-1.6654148496029348,-0.16824374719668014,0.4995510445675492,-0.16243829078537209,-0.5745225598161993,-1.4186419060885378,0.19890869504263514,-0.31305424077477306,-1.0158078732573317,1.4650972939273028,0.824647853530549,1.8540840055305967,-0.32204187020844816,0.5032618570290182,-1.182421742407275,0.819586180432574,-1.733327553177554,-2.291180344391427,0.12512316419446778,0.8352744465434981,-1.7080149901666453,0.27271698788902166,0.47496065609702026,-0.5974678382924173,0.003813523656581404,-0.7572999723216693,-0.20980410906688193,2.315242652592309,-1.1846241453429849,-0.14423729569295157,1.155768923346383,-0.5373222028709381,0.5070042238670727,2.613798254251512,-1.7255685417938194,-0.1498492190333797,-1.2845539629958198,-0.022865592302144085,-0.03566864895776263,-0.20271392586295722,-0.5257894930239327,-0.5635321743379625,0.9854122958052937,-0.26128903546511406,1.2777471670497011,1
-1.0165523697987424,1.0567352747619305,-0.20132674257396357,-0.24772979281052585,-0.26539987975817514,0.1743125153901029,-1.004431660719752,-1.5811855333718927,-0.46645447980554017,-1.0265624571706247,0.6340970547498817,-1.1288570423013429,-0.2718127820126196,1.3536697670445756,-0.09450489012465009,-0.019985813535394484,0.06302410034714176,-0.0666131554916262,0.7875936137644888,0.06170935305943345,1.606853438107123,-0.841839624516438,-0.14123727007782672,1.7820571317117564,0.6540459085678014,-1.9376658160194047,-0.6157282537216862,-0.9841979527600299,-1.4644195686373727,-0.012759773038095381,-0.8152862275922669,0.5333158798190576,0.8777787774555429,0.8450874547758807,1.1149228333127006,2.004107052356141,0.4838540672565909,0.22915903895666223,0.027060444697035297,0.64224986246109,0.5684414670211316,0.1228499728720352,0.9830780114256737,-0.6715654784430475,0.47547421724370426,0.9775373648553605,0.4784968916011524,-0.10449848633343367,-0.00334037721617625,0.3385726040247138,0.763508933899619,0.14767128253191844,0.6799314391637467,0.13386891975215667,-1.675145294793647,0.13447554965101494,0.07250421573871974,0
1.3988153933620606,-0.16240225823186838,1.4735588423090256,-0.5353280088422494,-1.1343221445851706,0.21832480038731847,-1.1230760324930833,0.9188414158650439,-0.5329242681652011,-1.2452520103722753,-0.6763895978782046,0.13718914410787647,0.607564364320967,0.7795420730330362,0.7214957136181487,1.4988505550424711,-1.2745781633712945,-0.07198987430437201,1.4878542216215702,0.6105284085264168,-0.3362334063844177,0.3479263156401737,0.0016796113705183286,0.3134485581818296,-0.9602367262558522,1.0355229537150084,0.14522149976094686,-0.6062388363709699,0.3097412177806174,0.09304341765292355,-2.2471849218610744,-1.442014820061872,0.9941136337763843,-0.6520192744343805,-1.348050605121788,-0.39154538274949646,1.0173025913150295,-2.018645420185783,-1.9066154396322914,-0.5946417434383813,-0.9219503538977913,-1.6620469046509887,0.0934891255706959,2.5860434576736826,-0.6383621768429487,-0.4153874291083206,0.5377233967286823,-1.2145351456348807,1.0408752013374398,-1.6051085877872913,0.5725465037968421,1.77805880814033,1.4217679480168288,0.8574047228036871,-0.5709472844667407,0.14130160236505823,0.35698187135198844,1
0.6575403867035258,-1.943063111321014,0.04662245754912247,1.0662332081048238,-0.12944963440198418,-0.22129601021446166,-1.5228100120504828,1.5681484775224412,0.8557803668379839,1.3710455899458236,0.4908403725767029,2.1349608971388196,0.8145854548797726,0.28970254596200284,-0.9682774834178781,-1.4763178763615157,-1.0725223945322717,-1.6894145814909345,-0.7880576804572977,0.9599931270520285,0.3278485992990927,-1.0932286468486265,0.22310151970884032,-0.6166135456653622,0.5572346152455384,-0.25858980339491006,1.8254608034969595,-0.565397604297611,-0.007254184092938453,-0.5390891537553882,0.8768009060190354,1.3250640445797714,0.8531677864774848,0.07102107407231328,0.2030452872697548,0.37631517326202485,-1.4476509258662618,1.6413203063689148,0.8831790055089165,0.8136363158940912,0.15576293971560767,1.2852905440709703,-0.253170430436716,1.2826970346455773,-0.3750435742543324,0.8340705638866995,-0.18135420315756323,-0.08176797282860551,0.7514327414051923,-1.2722369792306742,1.089880390563395,0.11369206920594033,-0.5692663601802085,-3.2523785689401725,0.6279614138733685,-0.8765786848783486,1.0324386643556034,1
-0.4730309126967191,1.2255704314993916,1.3243500826521497,-0.4833899850615528,-0.7034857163400581,0.060256940394106964,-0.9226444954310742,-0.21201660702240707,0.1107092467391027,-0.22988693404664715,-0.6794494224180537,-0.6907872460640944,-0.6174464971492942,0.6201685531434996,-0.8004909293291554,-0.14435492978926517,-0.6509902994110262,0.5807092001560075,0.9298908302209783,0.06736868025597487,-0.23939112637235682,0.48828720028185363,0.2063249617501573,0.8463507813289871,0.05903483552842098,-0.7156685980630266,-0.12663970524097684,-1.4009980697007964,0.8310019603681641,0.14902579477043237,-2.0409600524859437,-0.6370921280629712,0.15834735396746857,-0.12322741397656096,-0.7168802663345768,0.051692926907298355,-0.8807380929653469,-0.8070215433611292,-1.4049984851054669,-0.7458629804578425,0.7277944109689729,-1.4326019344723195,1.3105360195110862,0.33564292059352313,0.8780801664947273,-0.1289465285575207,-0.3231873636071547,-0.104178560827198,-0.7327977490728623,-0.14262674942782536,0.5231973211915235,0.07686785451452141,0.007146474662283933,0.7365494924195606,0.5398624316131801,0.06161334390037794,-0.18196233813388601,1
1.7123662515347948,-1.0042997956747013,-0.40876949149843445,1.4143223427453218,0.20357847952926858,2.5781729424007493,0.8421172199583596,1.3561875978474798,-0.639247793427938,1.1154259257984855,0.11391441883408929,2.361031333570294,0.5747841375384998,-1.0440972036411353,1.2440477372479826,-0.49451678787488146,0.485809490022023,-1.0866587204621851,-0.09062758081077465,1.452624657037251,-1.1667592301455625,-1.974915714131363,1.1595562314860886,-0.8371397045288317,0.872964494352028,1.9921913447957085,-0.7599001138971446,-2.7591245739041654,2.0847633480650316,-1.2505483632474792,0.44446883415002214,-2.3076824027827745,1.0450190943763684,0.3418379537169732,-0.47923051072807044,-0.22963108823747239,0.04252918970575047,0.4804536870143083,1.2946749316194692,0.4830297952892342,2.5655829006090785,0.9028685280840653,0.16714734487684682,0.8406999076405882,0.24801228085368082,0.7914160632738991,-1.6054785827961264,-1.584822600969339,-0.48830119017633555,2.9143595095350587,1.0271711771431498,1.1421328780561923,-1.3229114800006696,-0.10250623947421,1.0113019478378193,0.4207653574082944,0.8466985947956462,0
-1.4729462228334205,-0.2671484428497518,-0.43254356617527384,0.8410131433732269,-1.5541966048469837,0.25182848380112616,-0.12521363401177465,0.43344968152070373,0.6627366823533171,-0.2556113201376495,-1.4391687562289939,-0.7219710168076844,0.885354610191594,0.5213989720849116,1.249234746442235,0.35308332802287923,0.8252361484913225,-0.3415007302321359,-1.383563541780688,-0.1559625418800648,-1.3051074385522459,-2.135267813879498,-0.16550310647576094,-0.6170503376802298,0.05806703450883406,0.2023408900657609,-0.9797794166049724,0.19383996175195428,0.7757829856513218,-0.18104725039419212,-0.7591188437359578,0.898932661018375,-0.7269837461998049,-0.40617773255667844,-1.6585915936523037,-1.262288194981766,-1.115843569120948,0.08053823747721414,-1.7976583345423285,0.921878502250385,0.5422664957416452,0.7142186058597441,0.3709442225827089,0.4675301499261344,0.5234037991352607,0.12285363609312103,-1.740963210872638,-0.6756172744829777,1.783228805242941,0.6394687168167873,-1.158593841820065,-1.202950040958287,0.47659592556326813,-0.20401626340593548,1.0328401849807094,0.3194129358801701,1.8892699548327985,0
-0.2595543343045723,-0.7171410190783057,-0.4480675498047201,-0.6580166702003962,2.1599101556547144,-0.4232982757459823,-0.09520488484449628,1.0583716810078876,-0.005030925524051784,-0.5095723875693816,-0.6080039510027667,-0.18906848747092359,-1.8540519264285715,-0.12458688365478399,-1.1327229240973349,1.0270434297149134,-0.45433155238481077,0.27437599519340294,0.5304002915188389,-0.26662587977129276,-0.3781010094010901,1.4263853508748843,0.6166492463694658,0.8864980715745474,-0.6907528978631727,2.6032857525016766,-2.1696317830936587,1.2443858526441745,0.23522483184270523,-0.3198448484238305,0.7834236119961651,1.4666089474650772,-0.8608361353610497,0.5528569493384277,-0.5586382999846803,0.11684399563668618,-1.567794727566408,0.6435350261391163,-0.10011451332472741,0.6756786578722783,-0.7266104394516941,0.2087970169770533,1.481138592268875,0.7416150299149691,0.006133858895790533,-0.7579159570973856,-1.9436195456622025,0.6234120931977547,-0.016244085431076593,-0.46083368447526607,-1.8141600988086344,0.430161314865786,0.6559961087308835,-0.07838401331939371,0.16758761029796712,-1.6741479023340786,-0.8082097665013447,0
2.0256336899466136,1.9480364323941421,0.9559519475064221,-1.2204367096002582,0.5606636980977331,0.4511383814319293,-0.5573283225495259,-1.2329863965482053,1.0619080574612774,0.3238870795296299,-0.3317325398782206,-1.0145665767133858,0.2582926968506056,-1.3348860588950155,1.790340435267642,0.18095087047253122,-0.6100981271141148,-0.055735066113161466,-1.9113306765230826,1.2081761130868045,1.3410778650004505,0.5673484196405403,0.17981753059407513,0.10362935428748922,-2.2040048402685994,0.8942428145751872,-0.6383380734200901,1.0466678611659783,-0.6713317374720894,0.47358778169248805,1.8284233589592631,-0.28658946269018254,-0.6612514097679445,2.178340385149824,0.20827890325266735,0.8386249559355583,-0.5517142897891709,-0.49455071658783945,1.054136249148923,-1.799268321020274,0.5457806195591685,2.305750389428933,-0.7220673395863906,-0.3264347110016132,0.02775972391742264,-0.4612767677712467,0.3202056967220832,-0.3655406927995683,-0.13050491719868446,-1.2001187354144438,-0.29735764454649777,0.21734199140255167,-0.6780620829088561,-0.31285418256255365,-0.23671075094576738,-0.3380909935491981,-0.41978729588675784,1
-1.1650455137926632,-0.06126834599270454,-1.1159683205646547,-0.4150809292335512,1.3727568888300907,0.001760146031148563,1.1037598753247517,0.439489331268881,-0.2997898149232949,1.0930003185076487,0.5858418548746325,-0.4753762636609985,-0.41360769140870624,-0.1670298164739733,1.0085730959253736,0.33922346063736986,0.7808496093968395,0.23681146938638056,-0.016727441408948624,-0.3111168881764351,0.5857004119008102,0.6740751983795025,1.0394762510119935,0.9081225667955831,-0.6720886374146281,-1.0272495748858899,-1.5129888742690913,1.4619472389648405,0.13021204096414732,-0.1652411519220105,0.7904824498034935,-0.7882339782860315,-1.325127877038385,-2.4799324671819654,1.463627425983142,0.1626599463440139,-1.3883400045755516,0.4139344742988668,0.09632180670743995,-0.12878294399084464,-0.4909048018549463,0.13766270820375204,0.9620201900047858,0.9014149103389626,1.2757243142177253,-2.058631103054333,0.5312666593494367,0.8412430938784233,-0.3470639222124119,-0.23663629278171486,0.3664741179393672,0.43357749717286,-0.10731368727269329,-1.5462804312051697,0.19153446411125064,1.3358767437716454,-0.13593624041364688,1
-0.3247318786514671,0.4012167608391673,1.554741977738971,0.764835425416674,1.699431653385553,-0.47819016964315636,-0.6511312671344472,-0.7354476620105576,-1.5959544597484994,-1.5701223084060987,0.10908919125929661,0.24741881845050298,-0.1714839345180643,0.18410698936993902,-2.367590387993426,-0.3572728944381594,0.054002188052646276,-0.9150693708562654,-0.8796439890942424,-0.6903414056365124,0.9319063740854228,0.26160664230115216,-0.7859870639769514,-0.9743207340417223,0.43855067489467653,0.7703373255761546,-0.2128311377887972,-0.07150106798624319,-1.6190562999743936,-0.4656806815160971,-1.0301233834728138,1.353208232517461,1.1219702229834319,-2.9826017260335114,0.10508169688442749,-1.1334192269259225,-1.3580860956786067,0.5446679597036465,-0.8442764545898598,1.9824709507102338,0.6779149365394971,-0.0498070558087379,-0.4787774381478319,-0.21681546077049899,0.828424104368888,0.5801951855065396,-1.7840725236708919,0.06627746254739096,1.3580488474220371,2.0243552813847203,-1.6954754051762826,-0.5389888664196841,-0.9538609185016007,-0.2359292273392052,0.5110475975592106,0.06386776512070541,0.8040843029192395,1
-0.6164793521835313,1.0037926105183976,-1.1191714506251842,1.3237146627163767,-2.417693031787583,-0.3678461418526232,0.18253734619484566,0.23384927287011362,-1.427230249133931,-1.2059169774720129,0.3373259063149666,-2.2661323034790177,-0.26185788986760233,0.4349795354554813,1.8742287706728722,1.4154377962947675,1.2854530957781716,-2.009580269968735,-0.25515126300160407,1.2611729876705635,-1.2488984321214986,-0.5550754060574776,-0.1834916131751972,0.7430718960889079,-1.4100751698386171,0.6025736703696639,0.3183647891939747,0.36355041327096776,0.37630504649535207,1.8614189012619882,-2.304552856121617,-0.8785793397932997,0.9448149537126641,0.3976358120268244,0.23841151801097277,0.8550713896513025,-0.06488521274714544,1.3940590775968533,-1.5641481217891342,0.5385092587262016,0.7111163322012486,-0.04567287849591588,2.0144045435624056,0.1432713607786437,0.3770794197352047,1.1634737167552296,1.0282068408986007,0.12251915366331177,1.6491538833126158,-1.1375560016593684,-0.44202493175297936,-0.9584212543218341,0.13642931935170893,-0.8281556734183526,0.40847551738226934,2.637221558105432,0.9799463046252852,0
1.2044437427488888,1.4256203383438695,0.1403911293867207,-0.7586143860436868,2.434657324305288,0.6499323838191352,-0.2289854029414575,-0.4983775466831974,0.893785406086631,-0.1271265678994497,-0.3282360979460878,1.315818647548913,-1.743332801993377,0.6493619542860103,1.389130609468732,-0.48697269830029805,-0.3998689819292576,-0.8106337149949003,0.5769733205350759,-0.47280308811717037,1.0209787908874624,0.34582018422031563,0.6711864666824348,-0.7160378708899421,-0.41489137818881894,-0.7473118082765287,-2.098402263207319,-1.4842912296140625,-1.5622216483179698,-0.16299017421311762,-2.0113244987486922,-0.6398072113103203,0.2970654833448879,-0.382411032692574,1.0548333315832432,0.7591656050976923,1.0858198542018744,1.7958329027703728,0.10200316043675592,-0.7274363956786329,0.746786071972251,-0.45743736050272754,1.3523036497967775,0.4049124508896761,-0.23214207621760455,1.4792834269162807,-0.4124917630425144,-0.5308343423106996,0.33574925643487086,0.8366603611055876,0.4597087653075094,0.4462018419746047,0.5932163846706426,0.1837078125145119,-0.5950185477531997,-1.3450076399282616,0.5628430035241508,0
1.0387530825844864,1.9059329404738365,0.5333037159858854,-0.8724741646228582,1.3198512146931591,-0.32501269514938613,-0.18397168584965584,0.37139535134216395,-0.5039709416728713,1.1623295825620976,-0.7077541875171468,-1.2005263234091226,1.1238821707045554,0.3273286436642765,1.7669261887744847,0.5043129183608543,-0.008031155232922228,-0.4954881814855859,-0.3183651106157849,-1.134132256910919,-0.4323752361684991,0.2636863517307688,-0.9500218595201393,-0.1500774370085244,0.22351004552388026,-0.17413502680825318,-1.4882645250091942,0.8475918380653348,-1.1952404968065293,0.7037326773299605,0.32280912606672735,-0.4276230219045368,-0.47604910363641856,0.3830662873982668,0.5516905752690487,0.9182122225184935,0.5149472759859722,0.977382156175507,-0.7825118771134717,0.48885311343856686,1.3035658806785264,0.8160756965013531,-0.814752787860819,-0.18681921449935232,-0.6754114158693763,-0.6962047855264432,-0.011305723798362418,-0.39805426028161167,-0.5515990784696795,-1.3119941153897776,-0.06857243612815059,0.35070369648966243,0.04085700572028274,0.08606807575661687,-0.13973696045122813,-0.18336835753408673,-0.09584324033460247,1
-0.9574213728077422,-0.24396698425493138,0.2874106549355645,-0.7425853164036071,1.371328922833988,-1.568703948105318,-0.6808674239692565,3.1197872132117035,-1.799188203045254,-0.9466982373142744,-1.860061191845897,0.7301885552381403,-0.14495523800894686,-0.8216132928360538,-0.8115649634744716,-0.13558135364997076,-0.49044767791332045,-0.7537968209516709,0.20155395505576681,0.8134963914736324,-1.960959625287527,1.7933700080269523,1.198079336406615,-1.4409595682335734,0.9941850690766939,1.0281498076215552,-1.580894101806289,1.4317104030247672,-0.5509148402468559,-1.7809811345304258,-0.8542145694198451,2.767040682181245,-1.301453421705534,0.14994624531489348,0.36380105364577175,0.48162770177245257,-0.1753286548962958,-1.0827565540837505,-1.4588415938287038,-1.7913344872684756,1.9776407643384748,0.5135130743110842,0.4701690066766932,-1.1118349620553352,0.5136408526298638,0.3326959635356648,-1.7128179190555146,-0.5237546764917966,0.5754528921385108,0.09879272998606442,-0.5385156722238456,0.4106549159644401,0.3570424140455039,-0.09154273523377188,-0.3249188522387932,0.7676804443893558,-2.675324128085549,0
-0.706667358176069,0.3821316622900467,0.23622278875540345,-0.9420761293251053,0.07580628593907146,0.5163446520229731,-1.4731604356020225,0.22057843402823327,0.9804375525195991,0.06382895605607368,-0.5849985483444761,-0.8222197056145701,-1.4935886119366495,1.0530120648873238,-1.766424315970303,0.1442773835216904,-0.27669291976114574,0.6931293761438345,-0.8796683705786498,0.8380164798033723,-1.1929370312342908,-0.10804809845555931,1.680989232256065,0.5346260841782738,-0.6613445781555909,0.0611695896097102,-1.3075979719916033,0.6971644212992789,-0.412729348615936,2.264825540026769,-0.45027337582687804,1.272048371342632,0.7165647911806259,-0.5539435215480563,-0.6059670940670383,-1.300214797771141,-0.8661520277324514,0.19692176727505822,-1.9022126843054574,-0.15970958948155878,1.4046723425808179,0.19265838192265108,1.0495172719477925,0.8976520126562457,0.4882213421373591,-2.385367489599091,-1.0265387478136403,-0.737566983918314,2.2112716202215985,-1.9860537529633662,0.02455301181197045,-0.6017587942823153,-0.7871558027133624,-0.7640849865789513,1.5774309622658975,0.5016991055748935,-2.166995878712112,0
0.9880305189888414,-0.2652092014187446,-1.4313473087221211,0.6836428269551109,0.12591470615407557,0.6738845479821625,-0.6679996436802078,-0.9757210550109989,0.481836605482876,1.2078074289149041,0.45171616300518125,0.06215300773047085,-0.27498060582856454,-0.5540270041695428,0.4921670126548853,2.16168324656498,-1.390552961069807,-0.8319281941322589,-1.4207827917444154,-0.1844405121426323,-0.6376292451477783,0.49112589287424563,-0.4529347554469635,0.376865611300245,0.38051418408983073,0.10082167559685556,-0.36632316020089606,-0.7198314382109259,2.147694410834042,1.679332786012905,-0.7503410199807411,1.2609443659413502,0.4767592196242036,1.0652889717340206,-1.5843425828702506,-0.7084857439574299,-1.032083923511667,0.8517611844583699,-0.5835946292981914,0.4847863838022895,0.927538617719269,-1.0192238333027623,-0.3219239001093932,-0.3735241750445758,-1.0228077106433577,-0.6355441882392052,-1.3201786506438393,0.7745325497297709,0.06654051758527225,1.7224745467603864,-1.744398881073419,0.912942675783429,-0.8541820860072786,-0.8123747184920227,0.8664402811119962,-0.17443782414524467,-0.3117068573400759,0
0.5738528175308508,-0.8545029570241525,0.12104803018717583,-0.2339277891537205,0.1674467624019816,1.5312029694861489,2.4507518932056844,-0.5068560722732822,-1.6053033289978669,0.7434874826340292,1.0135178829367522,-1.2961650633240467,1.1079447984170123,-0.6330305261019528,0.2217278478535761,0.5429718345102801,0.09490213659425221,-0.4273944963169103,-0.45357705243501584,1.8363050552356979,0.9699523570968552,0.039368423321185564,0.7892411035156296,-0.32683264925434335,0.9715706807682037,1.3762025506746876,0.4168884642471637,-0.5298088911472089,0.3159666395961945,-0.867695207194049,0.08451686493942102,0.7493021728663424,0.023261524454726394,-0.9706209159191129,-0.1370978040499059,1.1934767045695427,0.8901666739827204,0.6866890652164873,0.6143283161716662,-0.9197510153602121,-0.7492303288365985,0.7142953426224569,-0.8643395056822837,-0.2779400458433418,0.4660465778862314,0.2758227405380708,-0.07150819104203608,1.482341607516036,0.31515602124980774,1.4013763756454123,-0.9777502794359133,0.08582548863496295,0.883179755133121,-0.37912802692674225,0.6252418499282718,0.279442157706936,-0.3472656920338906,0
0.1231780816933986,1.0530216406213635,0.18808228766750607,0.9693893705514747,-0.2670680441574766,1.1939805075947767,0.6794549102848584,0.6783013873090757,1.5532729709416426,1.4982746495869876,0.10512415755182165,-0.6274028657093598,0.5979982512669165,-0.28567738505097956,0.31308230346805355,-0.05499136625035937,-0.5866662323367628,-1.1910933654241334,-0.670599273959839,-1.079003611144739,0.7538466558728035,-0.6660152563449354,-0.4402522348435173,1.2383908902848189,-0.7748490649081502,-0.11865176661871116,1.6415520818841542,-0.3597211101662245,-1.6009828261359644,-0.8073036538818216,-1.1990316253551192,-0.4849489926493909,0.7098011844195669,0.43060470907890847,0.3154065967870344,2.073881027307198,-0.5073773082443314,-1.5311778406712262,0.2658753767924991,1.97846749404679,-0.5025882838488327,1.012332918409349,0.0950423520164358,0.31030592944829366,0.8781219213585103,0.09654698919321282,0.227909662665972,-0.632682311608331,-0.855441355048359,-2.5860669618113543,0.404146402055415,-0.30468793208133127,-1.0874500342654179,-0.8242359306156507,0.386685488412821,-0.0606135608802982,-0.6897876593130386,0
-0.28851355384693805,-0.6591662240201736,1.5265609581354218,-0.8190803958958591,0.011114101497743783,0.9137864108231711,1.923370376428656,-1.6451039952581934,1.2674008259299034,0.8923684073185065,-0.5748067740505511,-1.350901754175196,-0.9352159813983819,1.1460968464362666,0.5790228353080548,0.2681288121497656,-0.1317045768228833,-0.6368219792390816,0.14204821588543476,-0.6170185168436291,-0.5221294644629598,-0.39809521585179286,-1.3094462041508226,-0.7033896888960133,1.3197435561180033,0.6017003748506005,0.7707111616399609,-0.40302518713818186,0.22840665035367702,1.1503826422558399,0.129181411062938,0.9391103251764655,2.2206615793482665,-0.8295863873111312,-0.0015156937417379946,-0.703269414343576,0.28135253258690285,-0.09704027327038638,-0.6828793199756205,-1.360173883828294,0.0938367003697071,0.42177258868895806,0.48745620717745625,-0.7239746087956694,0.21661630833426082,0.43479495789148553,-2.185598757323652,0.9753719035039029,-0.14284873978789767,-1.1334968634217097,0.15732741197271505,0.9771152170274721,0.6156860006018963,-2.282422979909334,1.3078661656596857,-0.4983957906601908,-1.5730311564503294,0
0.7019262702806087,-1.1067205414974042,-1.07242362987315,0.8897180763179094,0.13581449291386427,0.5416924141234457,1.5652192686042583,-0.9726369398807507,-0.18415340033243974,-0.012648592138096089,1.216640634272388,-0.9848216475499186,-0.24261142671175048,-1.0110076465286868,0.775339221039902,-0.3593104651546807,-0.2199373546778632,-0.9435468952566564,-0.09190198477378388,0.6229183855367602,0.44317482695715466,-0.5146379118271126,-1.2962320714737894,0.7829887791573503,1.4737283644471195,0.6345341016237318,-0.0947905464337931,-0.8213288351192641,0.9427917866300771,0.23530899173751973,0.33107490809826545,0.8175540285949773,-0.1288330256974538,-1.5014992822751576,-1.464523712305814,-0.40342273546956353,0.3093499989685533,-0.25863997432402647,-0.12874769878497394,0.7053996826313241,0.14075194605380792,0.3868067512269375,0.6497689089790641,-0.22799277835343518,-0.5197985865129335,1.2306497033521955,-1.5417474656697643,0.9644772639949108,0.3604427851037071,1.452196416766676,-0.06875406414472457,0.6969612194875323,-0.2693325880623923,0.542365302510784,0.645812056060801,0.3344046968102637,0.5501561199612551,0
-1.5780564940820558,-1.11979382607174,0.7595943930610253,-0.0596950708616645,-2.3785691300879814,-0.3470459786139775,0.5400740444490397,0.0825210054429375,0.1884786320148149,0.28448451626177235,0.3479594425645937,-0.473500813871316,0.28611965360376057,1.0593599782297614,-0.5245203711255553,-0.28993923964866297,-0.0481897970977301,-0.9430287594508904,0.9482335625404932,1.2835409680520933,-0.4328349742274443,0.7073135145868457,0.28313126407058176,-0.5738725026522408,-0.756956053534851,-0.5057591064665887,-0.5660187047625205,-0.9886601539556883,2.0434100587659443,-0.5989518122310976,-0.7109043686382089,-0.0612075806480128,0.13348005026397397,-0.10207390273134168,0.5545036399226947,-0.40172435236094206,0.29624379194718875,-1.0946129911255778,-0.26045634920336214,-0.10888385487873282,-1.3215759184128204,-2.206278784702022,-1.1362473230064063,0.6676868708705541,0.6477786219853012,-0.2136468221771128,0.3979843826323709,0.3849928725292523,1.2326487406231588,0.5248130358276928,-0.1847831357513389,0.4926126065836472,0.6935605600684043,1.0845855428471676,-0.6757059155559602,-0.9447969239428275,-0.29153374621950345,1
0.7012214996571352,0.040291666738175594,0.1592757900953802,-0.39690608442727254,0.5931989939942336,-0.8398213662443048,1.2085159279788564,0.046248030804432065,-0.23559493840638898,-1.0760635358415969,0.48590092012305774,-0.9412115281956525,-0.28188979015728877,-0.525685403647509,-3.698130371245621,0.11543596629538692,-1.7715101666372115,0.9572189834340441,0.3263559097624253,-0.5453419426058781,-0.15767476702357366,1.6323713620379103,0.015120545430703698,-0.6221527094961835,-0.4545587982033525,-0.3693617040669387,-1.6723536592549793,1.115222163689349,-0.42008385860870195,-0.18373671593458862,-0.17333313368543068,1.157046439618197,-2.1942316953599477,0.866398390527122,1.0721440620446892,-0.35402985121333297,0.87626081295135,-0.34440036020695414,-0.03560078903589877,-0.8133521432374459,0.6824909222267785,0.5754060085352252,1.3992916726727302,0.4982213802591489,0.6397697996439206,-1.3160832266498927,0.7886194806047115,-0.13478683704084846,1.038627085437477,-1.4231484038132651,1.3462307876567448,-0.25062336079023495,-1.4591363718265082,-0.7197727030875192,0.6146741047905027,-1.3750016060721997,-0.24857438575740334,0
0.7255348868875052,-0.41327401911687406,-0.8294004792335306,0.2129634017343063,1.0142052304829345,0.9090866904155921,0.8398666384391665,1.3426849189097338,-0.7842178616738252,0.901187126124383,-1.0508152630309222,1.154318773106311,0.0902633426894628,-0.35590979613082574,1.7531030132671186,2.4364730412605953,-0.3043406790307852,1.9401601194641471,-1.0494073675861963,0.41547282572292105,-0.6980674000341971,0.26903882397100565,0.3967576467191659,0.6158368201607586,1.3091120203922808,0.9526810450585935,-0.4285894013545728,1.1806402998007375,0.96357846122885,0.25706957301991645,0.35804076320268347,-0.1499580454746435,-1.3942726052581407,-1.3528640190174357,-0.6997532657984099,-0.6348536855976523,-1.3613176056626204,1.518294446409287,-1.4875405626051257,1.0491381611081179,-0.2871044718581641,-0.6332929503537206,-1.2012532411158698,-0.5718839471789433,-1.0959863369097902,-0.9472110732817886,-0.31532295148014056,-0.637176954981288,-0.2371454841928033,-0.8174888493697483,-0.3414596006563955,-0.5554419115360631,-0.30326068119425176,-0.8272139052027161,1.1558881643500216,-0.9075413063276068,0.5405003077741171,0
1.522469943357888,1.2622779136988542,-0.8264838544473931,0.9844863666209099,-0.7474261633505236,-0.2495958258432992,-0.4733491339946167,-0.4573347652163194,0.41218081504656295,0.4881294879242713,-1.4761578933707267,-1.6365477191931854,-2.708905083104656,0.6193053514524288,1.1700734230783594,-1.3952905796833808,-1.8801376680056536,-0.010985764472162162,-0.29701602859282417,-0.25255178230815506,1.2778042951400135,-2.3736504054086724,0.888872040522999,0.46140087035520866,0.5305130278599738,-0.16655143578005613,2.4322565123333435,-1.6018193771377656,-0.34753160995914567,1.543043734478832,-0.5303440690671922,0.9449669565670075,0.34044724096726525,-0.7588510241687075,-1.683670084053362,3.0829820676032034,1.8064187742468505,-0.963399933475829,1.2907199362847765,-2.49311305079914,1.4575231066949186,1.1680321302902874,0.15091318805561602,-1.2289802450112393,-0.20718594648622804,-0.4727284199096171,1.372017363961104,0.7607049734609272,-0.996398289458911,-0.44397479035382603,-0.301287817328132,-1.5373140930661164,-0.7668803940452956,-0.04257601614462854,-0.6284045304687847,-1.6845258763047277,-0.2579693925412822,1
-0.09373165364761403,1.1549784046850788,1.9813225955007334,0.3960331249291705,0.4096266860081853,-0.9303172689957073,1.1963608729072577,-0.6701468692726017,-2.0997628537270905,-0.33630422227416784,0.226675059187979,0.7793293108557452,0.7098229557337973,-0.01757928348777848,-1.0958546026615206,-0.6659290856110043,0.8044174957528342,-0.3397264270355597,-0.5676991994078388,-0.3956145600105939,-0.7091931643140521,-0.6652004895093828,-0.34240746004613165,1.3117741515254084,-0.40238284240992395,-0.8011524231405375,-0.40495788082008616,-1.5889988168613047,0.9465619128612274,-0.3528474535844112,-0.9995636094074573,1.0556573903217517,-0.5133691201604846,-0.3468492958996418,-1.9196171156747799,-0.14323263051004728,0.29193596443340136,-0.36844216273869806,-2.035088075320878,-0.18802578688632715,0.6236148569146378,-0.531874682175337,-1.3955582342619508,0.7626140515065013,-0.8175202438664826,2.284761004946463,-1.6484793552345967,-0.23345124534024844,-0.3800913864603358,-0.13305879617132294,-0.18979492377549634,-0.671329032856302,-0.46864876211582646,0.23324994991444828,1.2661712705608466,1.6742447529254747,-2.397346498981327,1
0.135453500227059,-0.16770806645965625,0.024844331222489,0.6046360063454851,-1.765919222396381,1.072530655095975,0.07228917196410138,-0.5006803067929383,-0.32500439312173685,1.1920306800201137,1.745004201434343,0.1971466951991518,0.27212098315741773,-0.8009571226614548,0.5528398688082715,0.1998454961266906,-0.6974041557422954,0.39330844864360687,-1.1924302399223057,-0.13815736130186684,-1.926018321670404,-0.20402015401885493,-1.0284242555051364,-0.2984281978563837,0.0654949891223717,-1.7807244698932587,2.2274600723158002,-0.8628778558936685,-0.5667874173102224,0.48436891974274804,-0.6830245963701276,-0.5793549892828205,1.6308752758586607,-0.4928522197394394,0.5691592415788256,0.06004571409816075,0.660360637250631,-0.6812484586022786,0.2664243031991277,-0.1509329074942727,-1.1285682264654764,-1.3389518573217045,-1.628276311994719,-0.4908266570604446,-0.17430730522101248,-0.29836270969979695,2.1838133759415967,1.1353289610410924,0.6254456488993035,1.810525158300423,-1.2369057169106583,-0.35306252723409326,-0.1895092720195031,1.060852853833262,-0.6962000393331776,-0.8163931837746098,-0.3748828708268946,1
-0.5120433807763806,-0.2068923487628835,0.016947426886714065,1.4694304712549464,0.4093635884089425,0.4698296631300772,-0.4829702943650864,-1.4625929314254134,1.0820512067705845,-0.777052640888145,1.3559120280757702,0.41341639802419333,-0.6585337542559629,-0.7460843494286415,-1.0345286624576768,1.1904570512970143,0.1286899017822258,-0.12895071043653067,0.09410547211298242,0.7161157622456258,-0.9845437053724354,-1.083241808490814,-0.1269115214538692,1.1957010663907466,-1.8055172826548438,-0.9329086139478074,0.13090189221216578,0.7153868682884135,0.11275528591760657,-1.820664780731201,-0.4387889194330754,0.42662056447416263,-1.335251390244603,0.0037316350424255727,-1.237341367131857,-0.10290933852928773,0.9914079356822203,-0.9783713901484163,0.2826814732609914,1.4044536870593873,-0.884506938039541,-0.17207180247378628,0.6285146151285231,-0.6638389630797591,1.5539106724555238,-0.27029699283467595,-0.5806240682184286,0.4852439940712954,0.5293972782132836,0.6603677110017886,0.11041944639152239,-0.25490486739040746,0.8680246324633306,0.05289025104328539,1.150738443354775,2.7087391547562376,-0.6044906748868631,1
0.6830647144693005,0.5806859319980776,0.2475931664601712,0.7550687706988286,-1.8127719442215822,0.22003585817310375,1.001152207449173,0.665083532868921,-0.2614901059152845,1.6350934226380165,0.7924242144975056,1.340102712263122,0.6496299437415636,-0.26335330862429407,1.4893835060311338,1.9815754334155358,0.41650304936505145,0.5904743412506341,-1.0535601096518965,-1.0361272996282986,-1.3789757302431114,-0.510455736551679,-0.07741370337758828,-0.7222251691804766,1.2833383648608043,0.4167628500432513,-0.25631700929769274,-1.375850143568354,1.0681924662657016,0.6810963133185579,0.779373267151844,0.1676443368611494,0.018799946813610056,-0.050635874315542374,0.6008458368094401,0.5687182147727571,0.5019430367018406,0.1133044592243982,-0.06315252755990163,0.035371673365753496,0.40453962188130754,1.102131684731234,0.061193612332329145,-0.12851612011853647,0.22700220963707277,-0.36481316896742344,0.8363463194196671,-0.45642062192914046,0.09691757377154406,0.5080375463421066,0.3637370258443204,-0.8565656610550639,-0.6656374093076893,1.1909367744823933,0.9543959290798179,-0.6657414101707738,0.19676569427388232,0
-1.4696019277850645,-0.3324782489654349,-1.2252011122183732,1.052092648537912,-0.16937652497996086,0.8271292422548072,1.063827977504416,-1.1623787863876291,0.687606835952789,-0.4458626818299813,1.6858313569377212,-0.06907947496811419,-0.4451461748169512,1.3502365624780537,1.2615411279874196,0.07025032755503019,-0.362458450079383,-0.3415564496419739,0.3518433439825021,-0.3037382212571412,0.29258674400725737,-0.2933145832143875,0.10930767208579109,0.589904130343579,0.12321817321644808,-0.7584368536936951,0.1783962616216448,0.0031919438240764642,-0.3778875629412358,-0.10768445539784288,0.5297092090984629,-0.2309518574969674,-0.3655383708494105,-0.1588602043095782,0.9298065553372974,0.22345136243024533,2.112393399854746,-0.8705617339327409,-0.2207565763397722,1.7852392429240176,0.08193400203176228,-0.8285521905881489,0.562095202708021,-1.0629188633253142,-0.4889288344721803,1.835901618779331,0.26203555475668916,0.39316473532579765,0.22344000201181968,-0.4114999096570724,-0.35263299222331174,0.66518091426102,0.24494376901253534,0.43895131087189454,-0.8466273804227278,0.610078332304702,0.4097875056984525,0
-0.5415064872632942,1.7829340192696654,0.45593801191979777,0.19626067235572683,0.6165681799561639,-0.5670577606863018,-1.520473250675963,-1.7912890202730176,0.5746070127708667,-1.4022788800470443,-0.8929413579072182,0.027872598821103222,-0.4704789449542991,-0.11676384209967201,-0.4439448475360605,0.1933863182817639,0.08100754563526227,-0.014224227417981974,0.0070205581553452485,-0.7133684394513468,1.1882594625273104,-0.1671383133800977,1.411195503385229,2.0258352830292483,-0.35327435704953264,-2.2090084108053767,-0.50947102558785,0.17111040035049316,-2.5062609636128164,-0.46690040043544856,-0.6821852367633247,-1.825888207055208,0.789205385075389,-0.4550338841660583,0.8726393721561139,1.0300276766924084,-0.5377472450126984,0.668430184862889,0.32378456449769205,-0.819089402880206,-0.12415419395400303,0.09410493909937608,0.9960206048076126,-0.1287823063678771,0.49229458330485176,0.1917896468028806,1.7654873585793665,0.0444461271402475,-0.2844466332203062,1.0306984620840502,-0.0746395463256309,-0.9407096969233183,-0.17318837959497665,-0.3346292115467705,-1.116779473620642,0.3398328800874654,1.2385798408671966,0
-1.2251137370869245,-2.2701488103478416,0.5868967272215081,1.0342960076922547,0.9334406092538059,-0.30739698052787634,-0.8071656442137118,1.3932078359327347,0.33474525436468894,-0.34114846989167597,0.6905070576708737,1.39970820962187,-0.289628093125234,1.6707738967501384,-0.028310972047155113,1.4498304906611337,-1.1260919847143667,-1.6057343054428597,1.952242917171822,-0.04488808748257054,0.39120776919163147,-0.2408514698095016,0.18710763184566723,-0.132249383731389,0.7772298986015665,0.8862506936484789,0.07146438948278133,-0.5693976052404712,1.6859124646929438,-0.9168175000435764,0.041797450707549255,-1.5054709536863966,0.5907459521579905,0.7547399173089793,1.8561303655472983,-0.2226993656479635,0.04957101185268641,-0.567936006468157,-0.47455108763241644,-0.5467199690847244,-0.29626190246167433,-0.9621190163241639,-0.918934326665272,1.3729866722152388,1.2311446656960883,-0.3434654724529371,0.4740164412319763,-0.21861623198481583,-0.7491487066663439,0.4272835616557065,3.0803122725813785,-1.3023570140212284,1.7275862962287178,-1.0335822863533395,1.8210732617339482,-0.7451334573395677,1.1894912441011412,1
0.1576180112391548,2.2558367631643854,0.8862969987313206,-0.9931918384413754,-0.3119245292029922,0.00940990669309981,-0.39000473870675184,0.742917883087283,0.931675897538619,1.172868642878794,-1.7799136824015125,-2.312910975427556,-0.431934665333452,0.27405073354401155,1.2287672427760366,-2.400102791507757,0.40656277951644837,-1.5491350287908112,-0.5505678393888392,-0.3308748012450666,-1.7436183627571702,0.6188029492984609,0.9246751881428937,0.23474723690705435,-1.4308453465277056,0.046165368143771854,-1.353713862775615,0.1486439850457487,0.6960360027677074,1.8920302503505029,-0.9283145003287904,-0.5621807047938786,0.3200583181510603,0.19364862737796945,-0.6800255733956025,1.8348825424998598,-0.5727450473369766,-1.3583115618373969,-2.2224059642907488,-0.600965258490666,0.3231909398061011,-0.10722114401488653,1.1790445770438274,0.4113193962046013,0.05709565445283198,1.080286507978363,-1.7646357828478507,-1.9841076597507268,1.4235823058452437,-1.5259955888726855,-2.493334775639894,-0.09817988016457019,0.1467457222948895,-0.19671470602645993,0.3485611075841329,0.321601944933033,-1.5926554742208503,0
0.5228695406062938,0.3660817916681364,1.7436818620647616,0.3206429217890346,-0.8142256103293987,0.7606382170279657,0.13103160263420222,0.29857820020252673,0.09318217109906157,0.5608157948029628,-1.5514145330493696,-0.2301466258574123,-0.18069248439545513,-0.0687974266857742,-0.19126992421928635,0.18727680577565342,-0.058305987101230035,0.46573719632351085,1.3222155102066397,0.34906699209373726,-0.7082799134054658,-0.5465872576157095,0.4236864866478033,0.01947739424857283,0.5234816613901827,1.2982146080812307,0.3472002991878175,-1.1420593783871933,1.7015847962181812,-0.8497403285580676,-1.2739568246330524,-0.30045431049397037,0.876201845280554,2.008374054864012,1.3539687123522024,0.5723310262487616,-0.04253079766779785,-1.316230097036717,-0.7440768532407875,0.2595366172659567,-0.4914701017670949,-1.7007961351804721,0.6932474633617763,1.252178179894851,1.7227658071513763,-0.09232844760271866,0.5558082155446971,0.33988129694589264,-0.27654190268890005,-1.5558481420526102,0.24511652379994922,0.37785407029217627,-0.04250979875172797,1.5925505465473038,-1.2603100911010736,-0.18709287448687678,1.6380151151002311,1
0.9638450104280408,-1.171485785007806,-1.3030339431059244,1.8848664267751047,-0.8308212522967503,-0.5398647468413869,0.5065801678083587,1.016379475417128,-0.31579883984146956,1.3322752496192183,-0.9292387303786933,0.5456337743134524,0.13465162320105895,-0.35517740278724114,0.9185108881680489,0.04270724557312498,-0.730623728540037,0.08212883840084619,-0.11101542191512982,1.716922259078326,-0.1599899971036906,-1.385969217745721,-0.400463828216051,0.9389632285859284,1.8028292214416282,1.2002188386411727,-0.618981969565904,-0.6695443745296279,0.41488481693199153,-1.4069663662919747,-0.17250062999895716,-1.1238628452567385,-0.7029051394115103,0.4955512254373494,-1.9711389824820065,-1.7287918276427967,0.6575179344806584,0.3943553876306294,0.5942435057800233,0.8741522385612597,0.7288314868072813,-0.06755984532604646,-0.020986282238807833,-0.32223698280336477,-1.3802498336562505,-0.9220033348430968,-0.61000753216543,-1.376762062001783,-1.136646053023828,-0.3390637943252162,-0.374725577840747,-0.9038957986203471,0.14866213827297312,0.1936991114953963,1.1964830696618631,-1.278950307204437,-0.1632551851277521,0
0.3923151277963066,1.6990500389272605,-0.4907929818393946,-0.6974119350697369,0.08166532951155067,1.7657183347507588,0.6932908698712711,-2.1577327768099526,0.22913171812066435,-0.7789356618798577,0.7288436859109798,-1.1845121727539063,-1.0729206241796982,1.551480180264099,1.1217093550108381,-1.7919860558131206,0.12167201156312339,-0.7436665284038484,-1.2574245387741607,0.3754329491191718,-0.4045176287800749,0.43280216660748844,1.2422829750742235,0.47658748142779606,-1.3128907781256773,-0.3373696200402994,-0.11553021452179466,-0.2846171667183086,-1.1013751620632413,2.1842409431417398,-1.1630480490395145,0.20946430656867304,-0.404089788339218,-1.0906217022178006,0.4871724152682787,1.934701022282337,-0.20756592204894075,1.4315956343561422,-0.8626899179008308,-0.5295241065589005,-0.11947795618302097,-0.9816807395671012,0.8003291725686166,-1.211898906462465,0.4160704581038789,1.7611253056880352,-0.08108049034148883,-0.13882148028545815,1.3328178128461392,0.22388146282804286,0.48645767817693497,-0.7097218239143621,-0.8341637444874146,-1.1696028379913737,0.25762378770825645,0.09117723016970264,-0.8801965796932186,0
-1.7981266329604007,-0.10339408297300033,0.38366304001893875,-0.16039285469487227,-0.7006004998052865,-2.306632445810858,-0.3431315030195361,-0.541950785340112,0.8092873300832027,-1.434205432150562,0.09817457679619368,1.0067963894734755,0.5741185737664194,0.9150530224839414,0.10193033470598864,0.5098240709632935,1.032671848513037,1.825884427753669,0.7013358315205714,1.2022472975342449,-0.1688528320501084,-0.9091980909577699,-1.2999878368883826,0.8806442879694504,1.2708914462338228,0.634386071057663,0.7994636300805094,0.9810239331581372,-0.8996529204500235,-1.4196377690603947,-0.7618984242905609,-0.7495502477794694,0.5427959746475043,1.4891252871333955,0.4443010948255688,-0.8788175285127926,-0.8512573779998154,0.3797911196911995,-1.1833388434752437,0.5881139914103993,-0.33100439175918744,0.470706378397548,0.4923872646733695,-0.08177557632039753,-0.179872655177169,-0.10589974588858193,-0.06304595932971525,1.4024699032782122,0.2948211580614001,-0.8665092466854108,1.0820113822225175,1.5142603451938172,0.600482880706606,-2.6377668279678175,0.9489754197272487,2.7552181681207304,-2.279404619827589,1
-0.550349046537576,-1.3417456900656972,0.7795902361923742,-1.0371530224919125,0.6149070571384184,0.16307935734115292,0.22308530918395816,0.0016446978126807424,-1.5491504593048884,0.5889422346992204,0.81578004017603,-0.17325465103076715,-0.25378899847224107,0.8092200240127363,-0.6127538576438367,1.5901197892812207,-0.9380117676217101,0.683934382440836,0.21711549135640468,-1.0422822587376517,-0.21556511930390615,-0.7220765091954584,0.4042667810830265,0.1325565673416987,0.9966316593389065,-1.0442833867812635,-0.6785611476218275,-0.7535799194749007,-0.7439040271547678,0.5365140866252959,0.06336929082823549,1.5789616685285965,1.5128370956465587,0.6795764595017398,-1.4528331205566178,-0.7696033076775298,0.4025881494924347,0.2620020035292908,0.3147967119903911,-1.1201104514448506,-1.0310276262321865,-0.7211550900949643,-0.3624071518927282,-0.2774087119304792,-0.7336525499673882,-0.48078185440084853,-0.7071913045013529,-0.49554606706832627,-1.187297889543752,0.6516483660494086,-0.023791794452072933,0.3716792485148217,1.9525800289411506,0.04072038335236239,-0.9663028475974424,0.041899748748751325,-1.5896596326845196,1
-0.4123247560090697,-1.8576026768044178,0.11100197757173418,0.08081780875762222,1.2638562808617713,0.5968734517245796,0.12003728034366933,0.40133534891632155,1.1661460991997723,-0.19126200365060547,-0.14745398011649116,-0.21451416792911449,-0.957748194277733,-1.1064809247290213,0.7974052475513174,0.40603946280451875,-1.2702924211218158,-0.058400728156979734,-1.060252060593307,0.2510027880163683,-1.882114814626363,-0.4844276479485426,0.7469782500850982,-0.06706028711469651,-0.3792596037218641,1.26914042897395,-0.7803620849557367,1.7508828031605397,0.4676916501964289,0.495644774694683,2.601475177210329,0.7515302333029902,-1.0852514972285794,0.7051015038601561,0.1297015829075606,-0.5815115142218195,0.0764671536769557,0.054228494684487163,-0.538006495824771,0.14074293813493982,-0.7440960644703241,0.9414090168977516,-0.323025831117247,1.3411365538021571,-1.1715364670425432,0.8281054198141882,-1.7403162929929699,0.44476628742947477,0.8592674273191709,0.3269708230620524,-0.9911345005718584,1.2853014896612938,-0.9806411347080519,-0.9132554156433553,1.928780716455663,-1.8848680339990995,0.376497542721182,0
-0.3979000939016759,1.7100612633968395,0.46452485284050393,-0.15529581212163895,-1.369223214701536,-0.43560152850844946,-1.569446120626853,-1.56154213143324,-0.8628748512156068,0.27070155850403615,0.33394145659093705,2.2006182443397555,-1.7165967510490059,0.4997280349674612,-0.09750249576701812,0.1941825621806512,0.605058507396722,1.0426657884711212,-0.31830306549567533,-1.3546309606081062,-0.4032729552470357,-0.45990429605667105,-0.6352595973238131,0.4895607776913471,-0.22253861748332351,-0.8372924842755223,1.0176128294119535,-1.7695061934720797,-1.1208689491521886,0.36011665830248746,0.15662027509539816,-1.3837857898020078,-1.392610007175655,-0.3348834500114142,-0.931174974962762,0.17541703061602182,0.6913880077300071,-1.02329498739584,0.828320565439713,-1.8866017655737641,2.018822662474951,1.246859803760293,0.9546421498371007,0.39332007602155517,0.8786526553083965,-0.7970769882861287,0.7050620580566616,1.1260148000168586,-1.1480442377034414,-0.8281696814541277,0.6549426343701583,0.35838156983142105,0.3461751855321317,-0.08308979379150738,-1.7548063320574236,0.9359073938993067,-1.5216072643966048,1
-1.5343785811054045,0.6142183122816781,-0.8512551014977842,-0.08802381286194114,0.21029369391451175,-0.8748977260363952,1.111056231310764,0.9996442742333902,0.22773602638670437,0.7428951544256234,-0.5257407623522535,1.223806787892029,1.4907315463121498,-0.33992337302298903,0.9526197782874581,0.2598737747509999,-1.0731283276199481,0.5669359133405483,-1.2647137405022089,0.46121054554695395,2.0316680339053725,2.118814776734243,-0.18944533452425918,0.7331893618678267,1.2252923052979223,0.2013427709203699,-0.07002959300574697,1.2864535304113305,-0.08825938323751692,0.5057540289242296,-1.086416823952654,0.8942497948447954,-0.3800910208964197,0.5609491933096804,1.299284627187306,0.7844096010598572,-1.5707655538536822,-0.882284128050941,-1.8972451264225614,1.9074966139264045,0.3847986000702538,0.09090131612237884,-3.048115934771966,-0.12071656776397899,-1.2006317819964867,-0.6069027380552171,0.320127715027601,0.0005762126625284986,-1.1840306765975468,-1.670860061296808,-1.0131657181493203,0.6407961879208856,0.6167402219157616,-1.364512096718828,-1.2584053715437735,-0.6109571432072962,0.1687153130949798,1
0.3641773886165105,0.7815870900750882,0.27056691015510687,-0.031952611358901095,-1.4892890361667936,-1.1787294719633823,-0.47217151597616736,0.6537220534640071,0.3036460730616256,-1.6848719933606593,0.2507130407638338,-0.12382665620164686,-1.1903717733513226,-0.048504845577479756,-0.4259413351760376,0.5442135265382543,1.0319667132613763,0.40612030715161757,1.072133206339504,0.5059438644291914,-0.41755942914148775,0.34748796684436817,-1.5377961720223827,0.5379901757562962,-0.5014488044172024,-0.9161938688782714,-0.7044487875391521,0.5142896637425081,-1.3579027001604889,1.4631553666568937,-0.008051211695516102,0.5921764879191233,1.3900596119341562,0.19828338132177958,1.372272882723889,0.9623428685039489,-0.8904778428693692,0.054525423690029516,-0.7029796513111214,-1.2079884749364178,1.9332145029583327,-0.6003406368904209,-0.34558828549098863,0.294800706809545,-0.8646919433502661,-0.5076551552080605,0.6661367411001139,0.05494763010502715,-0.6364381385210833,-0.7501905087255873,-0.39566913364017675,-0.17371259241945025,0.590362313558016,-0.003995182489913231,0.20220778178829987,0.13520555467998555,-0.10274709361490442,0
-0.572648845645425,1.7820305157018455,0.6768167258000949,-0.5382344453055362,0.897921322588755,2.0659006071989623,0.5140408037197072,-1.621247945090401,1.3494381825208022,-0.3652141380054633,0.8348219605911257,-0.2874937084267142,-0.24811141550316093,0.9718198222706531,2.2641032938570094,0.6170546477149359,-1.2290146480297717,-0.4461302148205251,-1.6549047619882529,1.1008721854018992,-0.1768467328065102,0.2975199942588572,0.1184799945614094,0.8694481998655479,-1.3208688736730672,0.21909227010438076,0.20124532036470796,0.6085866362781844,-0.3346328431585709,0.7152239987828682,-1.8154487016762344,0.8545119316498249,-0.47207575730492446,1.9232555305196737,1.0522885592000684,0.8254135261278057,0.3676533328407855,0.4005646687843093,-2.01959882235745,0.6154092551501352,0.14698381173983338,-1.0156026268500273,0.5355991328960336,-2.104753493987151,1.4114354708363417,1.9298831987466816,0.13640795510089404,0.2905935850314395,1.94082740316013,0.12247728205345738,1.0248023920239588,-0.21301892572376258,0.9674835712422645,0.5606630974981663,0.6109024490722453,1.973550806944692,0.5383475352099578,0
-0.2524528550926999,0.5012052858390204,2.6364591085473137,-2.1790662992667484,1.010381993567208,0.51077686359552,-0.15879293479062417,-2.0010985093222575,0.058731044040075224,-2.3464608557772775,0.5102151506523968,-0.8230335946507681,1.5339032262660113,-1.0625159044382635,-1.4885620944103257,-0.7930812271376364,-0.5170607037130824,1.2367685890843492,0.6524388238184732,1.6652355083613035,-0.460671332784806,2.300650184320042,0.8733446487601141,1.0627303007931996,-0.5645755146105709,-2.136471229228483,1.0251243875067162,3.0711207489507193,-1.6259827096144082,-0.08372952116723582,2.426503231822944,1.1516234484464272,0.45850983928752376,1.1789562857573914,1.336396383869391,-0.6977813228249548,-0.07969394708719005,0.4544499810405303,-1.0581344422151722,-1.0103979751157621,0.30358337247075334,-0.05857998960570105,0.6169290250559124,-1.0499680169372683,0.8252830808778114,-0.25220777668987004,0.6739925269155131,2.1007625738247198,-1.1634903026166639,-0.27680128814537464,0.18758027358707288,0.49113968951957343,3.394244204738865,-0.29623999334965734,-1.0115068862563328,2.7830288831306835,0.6020279924511398,0
0.38537608061391176,-0.6014008944415179,-1.2826108087268442,1.1160445485392108,0.45327979736193863,-0.896392848736393,0.7620950987217283,0.03172582269518248,0.9776122073716077,1.1343479045465992,0.4520953850934262,0.9283612002568645,-0.3205799925378803,-0.19624738778646883,-0.33108423861953035,-0.6470187562471664,-0.2642573003896444,-1.3124795151505415,0.04460114729515015,-1.1844285108908645,-1.291946978466934,-1.2128380278195443,-1.9116556082828309,-0.07926710859328101,-0.014236142473077662,0.42220832293825916,2.3098476623697137,-0.008141904966533489,0.20296256894239253,-1.3951717693291465,0.5967273844987363,-0.7530192278761833,0.11062643546217389,-0.16698534553466282,1.24091395822317,-0.7514573542705326,-0.5202675970482074,0.08780663150408796,1.5043612996497806,0.7183034300778146,1.634765821303414,0.6891072268020708,0.26953303405391077,0.005669727876669688,0.6086405466180577,1.5015440305619487,-0.3110398646823699,0.9318008795188001,-0.5497117446444969,1.3108613499528647,-0.9333338669883121,-0.9453053259803482,1.504939937395261,-0.39176431003609813,-0.2041071509752767,-0.3627504096541307,1.870728294480922,1
-0.6210429481101272,0.03265436412880626,0.2567951109955123,-1.1018151366854796,0.5537858589901644,-0.08250230064095754,0.24515244351820012,-0.6738494143921127,0.5440200252456895,0.23411185705614337,-1.6958647100999285,0.8857699600715405,-0.16460891017262103,1.3113230582323587,-0.31250343765284133,0.5404395763377106,0.5507314521132893,1.6016318509103407,1.248205999650161,0.05170015221920341,-0.47390351445705614,1.4026089456686293,0.5032032374735195,-0.400794682869281,0.45803746656162386,1.5392483312623317,-0.009661149053358686,0.9371927421876128,1.1877751789075246,-0.48269601375963306,-0.3475362219162921,0.11364183973998167,0.7605869678142456,-0.5749009762026549,0.8542564141638506,-0.8284816844057706,1.05143941968758,-0.04695239002496213,1.213049928644005,-0.290109894614538,-1.7936825637352696,-0.01952360199165265,-0.4013401752761997,-1.360503682836863,-0.22315669672578375,-0.8710332638345835,0.5287180216596552,-0.32372159575605636,-3.0230073004843776,-1.935504182163559,-1.455842021633136,0.615524360874388,1.0133765655547702,0.7729239037369371,-2.43045852762906,-0.2227457937279221,0.5114904957569164,1
0.8423433677591974,-0.3605067957279533,-0.7707620397412861,-1.0363687469855256,-0.07489905015442652,-1.2529835132116456,0.5129726766012612,-0.6370317483193509,0.433744474965405,0.10258540760892687,-1.9685991325945797,0.4966082880371899,1.2124525015791527,-0.5715375909697376,0.020470676293703995,0.4984472469651602,-0.2441815357367403,-0.3711482793321956,-0.8332328767593904,-0.2848799105205214,-0.006373829871096829,0.7093073018470342,0.8518921691544288,-0.3934007496271224,0.030983268029490307,0.23428717384233072,2.45997252763132,1.5835133806654433,-0.163699634003526,0.07506515108478612,0.5107047791533554,-0.17801909775478514,-0.40367060516302017,0.344640330526028,0.8366886076627275,-1.3075892171409575,0.4064607523776591,1.8629160401923497,1.3688515333587887,-0.8286662373714325,-2.0882037203934076,-0.6284031483626497,0.9276442212345842,-0.5502033254260339,-1.0944702615482582,2.08324995737012,1.4491031850605656,-1.8507770331282996,0.6063481597414294,-0.7886536307103479,-0.2310409752088656,-0.8586060172973369,-0.19846002296033557,1.1399677146124885,-1.3321667732107263,-0.21719578396053651,1.0670600011858178,1
-0.04187400523817385,-0.9494776583373657,-0.8162310739901841,-1.248837343332419,-0.05887790863578457,0.4929063175859548,0.49408626353956875,2.8408820308731495,1.158260655330432,2.071001475759266,-0.9247845089703529,0.2887614742475324,1.4911283053103663,-0.5654962874302553,1.640981201564059,-0.795852936606355,-1.2913794440331414,1.9409993480555163,-1.515919228790439,-1.952547493491308,-1.0555076081192636,-0.7098793902940262,0.5013192910365272,0.13359503947048584,2.1434004252961447,1.7389332921794458,0.5196110540241042,0.7343487394846794,0.26298571932194553,1.5501239252541028,0.5512257284755153,-0.9770017763700638,-1.2698734980477382,-0.8856316478518608,-0.27874133516360555,-0.41950800110624,0.19281841518961595,0.6656288240132139,-0.7071600058043092,-0.4425169834823364,1.5958957407866992,-0.9544401183692469,-1.0724619531534068,0.5370890381497677,-1.7987706333798175,-1.4733118655144295,0.7967120474596269,-1.6098580935210205,-0.5757574442517236,-0.4509403860542798,0.7267524976698608,-0.41262183738943936,1.080161923126709,0.7793803329197934,-0.6176520917439636,-0.8493261556275296,0.25224564743362243,0
-1.0718136894316088,-0.16130779568872555,-0.8739610430370877,-2.039588379313235,0.09510062107665863,-1.590022942934419,-0.40670635172075786,0.2291279407378492,-0.7958854406412,0.2937305335475758,-1.2345043717485125,-0.3710514658901927,0.023432297513927478,1.4019010538277235,-0.5802518857558197,1.837560392192631,0.14455188399631086,1.4804199261770146,0.42115238334482563,0.877634358027633,0.4096220530769004,2.298196300606059,-1.190465385077865,-0.5947239496041048,0.9375046301859536,0.14322659641984778,1.2627940528841717,0.8611500426510315,0.28833565473186307,0.4697183737467538,-1.5601769117807718,1.5375916665016545,1.81058680075879,-0.6978750924474025,1.1742663727287137,-0.9318953310366133,-0.6961382753348796,1.2426895150687927,-0.1394044693553131,-0.07671219801684509,-1.7889560839165897,0.6257324400072266,-0.21198035696165715,-0.22767940524493036,-0.11912226387545974,1.1233069759865073,0.799829401238857,-0.7990752176856057,-0.5565195205231488,-0.1379484770019155,0.28077568529242675,-0.5959537702664752,0.018002833900096722,-0.04989526974195922,-1.2512066084256448,-0.3679034571024383,0.6773680259226531,1
-0.8103240963761894,-0.3533874756607607,-0.17691679463313287,0.9097897425343471,-0.054405492764358354,0.961762194356487,-0.06178808406770154,0.16646254897778162,1.6795728584381224,-1.2652282804921258,0.05663645713160743,-0.6725425654142574,-0.6103744347907649,-0.6203576057267941,0.2472372300570146,1.652451363295637,-0.3090255625567448,-1.0313432933195699,-1.0865404233763256,0.08266194800209087,-0.5058970799297232,0.5663632678058463,-0.39896287966658434,-0.514624306524884,-1.2927078597210606,0.6312310938998951,2.3070039420145565,1.7690527352365117,-1.322572887751485,1.0189729814138304,0.48295222277117744,-0.648839838960343,-0.44889452894899895,1.691828319322868,0.4926375643412125,0.33531470163752214,0.44479743945667366,0.3413444908570173,0.2850235343231168,0.43992716312814484,-0.2975418020818273,-1.336676083912394,0.7335476421706416,-1.4694667202315552,0.8242676995982946,0.20086199354844347,1.0043828798968446,0.34798081229590544,0.5665000975618973,1.0663705789641515,0.39190959098206934,-1.6873151623602987,-0.6165029570435203,-0.10399882833831553,0.6745359969728234,0.6973716799562483,0.6872876430112338,0
0.2307574851076214,-0.22793860714963285,0.30552162418719003,-0.6906021471687682,1.1587975572133433,-1.1596519697106673,-0.26774607689048174,-0.4390150340060037,0.46352204389048424,0.024222239397543754,0.04440563816933996,0.7328141562239542,-0.06220009178217324,0.6489313730021639,-1.323633723893844,1.2876395145749762,-0.24198725406748775,0.5516992338338768,-0.08684276756610611,1.3453369747245967,-0.41181055491369073,-0.2825298397682809,-1.1981992904522047,-0.46424482084268565,-0.30015163213526425,0.8241315400131985,-1.121285271043266,0.6754571276048624,-0.1785794664642769,0.26062546587952884,0.6257173863670814,0.2844929060007382,-0.2690433214959112,0.17275187535529654,-0.8123888056005145,-1.95450960011013,-0.13465076801645867,-0.001582058315279826,0.10517467629760509,-0.5480241995012751,1.3424360904953176,0.8267202703244801,0.6570020404732827,0.3207793015349787,-0.2619437571973167,-1.3406974834387153,-0.7339691448454486,0.3342475391249444,1.7298273677747367,-0.0891257269059764,1.3417800422293908,1.971872163295824,-1.0089808709473784,-0.6364263410005948,0.9985440557782337,0.17325048619916528,-0.45183502796593544,0
-1.449971359370589,-1.1584573251876142,-1.7658488123477054,0.23368458730838668,1.8207666137336393,-0.716580646705888,0.9446667572931989,-0.02864321476845786,-1.1828684978593769,0.26754106771998254,-0.9270327193801174,-0.503826146053313,0.17720892491902226,-0.007722085942816981,-2.1439827397678126,-0.4075655443166191,-0.423442996975157,1.1245084848285423,1.4424806892648625,0.523211701633603,-0.6224298710204991,-1.614074419831073,1.6303093374988673,-1.0671215901945006,0.26792577578912413,0.4806882420133577,0.5039003518216821,2.051158339915003,0.36519504959347787,-0.02297263706590147,0.9537976247370449,-0.31779554249664965,-0.095713342195287,0.4679721811580013,-0.6725553463554624,-0.3094289109769211,1.751710373837869,-0.5915120299232444,0.9158869203439598,0.11477101872457042,-0.15772069369538444,1.4072420057851338,0.9496211389022378,-0.1777130659181132,-1.0380766845305047,0.455530021060415,-0.3791842536509696,-0.7254895203480456,-0.19994370668294817,-1.7752810577843356,-0.6743626009932631,2.5185127324621157,-0.28296744421655445,-0.9943012229119003,1.0403414752658406,1.245325037733935,0.6798720658146372,0
-1.1960870222471698,1.7216435074517857,1.0074515648724498,-0.25222262126359735,-0.35436391315708415,-0.41509039512273455,0.6337688022409623,-0.40089960372948996,-1.8489763627722418,-0.054890839139419494,0.8141266485303154,1.0622956822341432,-0.01514973389393769,-0.33395159227151017,0.8387522576659587,0.2614159439441207,0.08201410010467831,-0.36616470996557526,-1.7253684250263142,-0.5767991851931742,-0.10510563946745657,-0.833530018204877,-0.25004071175322706,0.6217030516709489,0.9985486081175633,-0.5806371388732037,0.05030036325774701,-1.7398624864934022,-1.9407230646930291,1.1285530180436445,-1.3617755044456612,-2.858595939034434,-0.5076341081261835,-0.3364604327227895,-0.26893777856838447,-1.0443349000796107,0.913550269806403,0.38745767437188977,-0.19370923805793247,-0.11041122936393953,1.8893063641113033,1.2950448346100338,1.4186169881407042,-0.03259110315248501,-1.2211936727142476,1.799108898719722,-0.315299026658402,-1.13853925204147,-0.5769969922131453,-0.2606537208371916,-0.10346900367129183,1.1646630494590824,-0.7994412064890236,-0.16578655480013796,-1.4694977177598625,1.2858629964994892,-1.5552643417604965,1
0.21015472982434202,0.4082702417755416,-1.759542966803085,0.6188063325894275,0.48916790418140865,-2.0012770309123815,-2.6261030405124233,-0.4286032024811661,-2.92238052405331,-0.48740058833865085,-1.5182230798230494,-0.18162680155841074,0.3667865551627219,-1.3180440873129717,-0.7599882254185754,-0.710904742097868,-0.8690109855042488,0.883146064490005,0.8705510304242962,-1.9194883169038386,0.05072303693800313,0.8808299577003047,-1.801122500543584,0.07912359921461086,-1.1712165997393933,1.0686506227027566,0.07224563250547589,1.4402576859764318,1.8808104138608701,-1.5601200267324324,-0.18010075551545515,-0.004817736610754327,0.6357427029640412,-0.4339441281100437,-0.5979823736549597,0.041068702159674224,0.08430600949396676,-0.3045473473797475,0.20756560918049405,0.7258502790530642,-0.9739554559461114,1.7713959565187278,1.3358676156344165,0.5697918179902579,1.426470363833769,-1.290775901693618,0.9997984102057158,-1.7058442924333521,0.4701235593667184,-1.0547587122377744,0.6874503291423596,-0.9785224192916087,0.29775220391237195,-0.2996909858700956,0.6434965925339622,1.1792785818933,-1.5383646244102007,0
-0.44868124141782195,-0.05960495134717229,0.7938471686800308,1.4266187641576022,1.3304638512305884,-1.2233019590807397,0.9335253065128516,1.1797776124196664,-1.6467353304167913,0.2141651479314178,0.29800027192547457,1.500836299333388,0.4216657486470004,0.47938468574118254,0.8122244738303218,1.4021334506553962,-1.490990502348031,-0.06025661068455827,1.4059659204379709,-0.7686023420987715,-0.9490254573688888,-0.8077142922633849,-0.07546621609448191,-1.0596481399397737,1.0921457119378415,0.5124562757627544,-1.3074957074117786,-1.7442591506107363,2.648007828227932,-1.244229273935363,0.17934184569398753,0.9464463955946404,1.4669268573588425,0.10006122332406184,-0.22314572902041285,0.7448250639279639,-1.7857185887777323,-0.6029608085871059,-1.7683931360060516,1.5757241704285474,-1.8202841408864305,-0.5284278895508931,-0.07432599382413924,0.783258036893781,1.7376668960019932,0.36600286866319615,-0.02558185061720158,-0.18157632137216356,-1.2198575705294261,-0.5206603972097037,1.9004645298441287,-2.2719131433000093,1.4358721828860392,1.0767307522488947,-0.08202753963408631,0.08693292979246743,0.14896195519995292,1
0.18596521780462708,-0.950616668310995,-0.6021675293952774,2.271296672229436,-1.2470565106761482,-0.23051715288917388,0.40456448245618976,-0.45593795864879194,-0.09975517901113083,-0.60280784440102,0.06042412768280039,-1.3193698697270444,0.48702545770189815,0.5211883505324625,0.4596673828866136,-1.3311279988389262,1.2664070296289656,-0.8891790536739039,0.8672648080356256,0.48768219668091217,-0.8890734703061189,-0.9980206925470058,0.29145950080453026,2.2144628454107558,1.5361306238354622,0.4218328736731693,-0.2893959919101367,0.4360585736383445,-0.4842515088659824,-0.39599683021677606,-0.8979461794922672,-1.4663727834048412,1.3393800106136515,0.8345727011125381,0.8103909558688633,0.45159508828531264,0.7921166882883068,-0.6601058832789054,0.24474287536895567,1.120350790588632,0.20083487671291395,-1.3020288964072695,0.6000280533464805,-2.2411175021972536,0.23296791743259637,0.5158059133145757,0.9502012601266384,-0.6197125830962247,0.1285937086678655,0.9391876161813479,1.6897377829990865,-1.0865691176215941,0.3988418682685773,-1.102520306399121,-1.2937028873468983,-0.39772726231373146,2.2387363543899608,0
1.5499366640840588,-0.8755570387075773,-0.6819981600430703,-0.8984718200642126,0.8452277437000664,-1.721522195348581,-0.16521764245040663,-0.37329751139579515,-0.4798680989593331,-0.29759964901658287,1.7873586102086596,0.22605298743713084,1.5507365772319979,-1.0496766997898885,-0.17133187779328263,-1.9231395906391127,-0.34508404549628846,-0.3099952047675486,0.45781156294614095,0.5240145119563926,0.5828553218765046,0.2432230757643961,-0.19900370496393216,1.5654695264558245,0.8651458448087577,-2.1522607178845066,1.025557752894561,1.0723961047216037,0.49519491676346306,-0.5009137893095194,1.7287636021659838,1.080193935149103,-0.3572428147498794,-0.3001824320073959,0.01733426408076105,0.4918391553299522,0.6203069124346969,0.9679716370358464,1.2260535120727365,0.16728322310353483,-0.34496549142511523,0.6639137703221479,-1.4342455548581299,-0.7356473296358846,-2.394458969566618,0.9251058125535623,0.6565218580955382,-0.730576854523483,0.3730947146559587,0.8890077607032101,-0.6513350239546116,1.2037978805121774,1.2508070182650717,1.1737413201705502,-1.1066742862230783,0.5099382870965732,0.057683215734044974,0
0.7502533435468981,0.054565333338175266,-1.6633855225376137,0.19875819656577462,-1.0545689226984163,0.3167580288128853,-2.372411955095746,-0.43891599914827106,-1.6676683867960689,2.1284742135501507,0.2909601142406215,1.1831790870311074,-0.0265152629118794,-0.5670875019774246,-0.936579781207504,0.4465250675588479,0.45639835798139355,0.6773440187852152,0.1908510115843408,0.08824187326159158,1.5355538357295362,0.9927882861167537,-0.9786462081272344,-2.1648604919368686,-0.2695126736729104,-0.6488546130434277,0.14199322298141143,-1.6646190310959932,0.7088399657135153,-0.27099659920995045,-0.026648989912511044,-0.4743665254373316,0.132939799350901,-1.485025437331211,-0.8773888455768768,0.10440502164445756,2.2758650918576313,1.0880442671338544,2.4707150793003763,-0.08744775438106786,0.170439634826524,0.4870787217259589,0.1267001367588786,-0.1704680421551744,0.3438603663440064,-1.0611544839535034,1.3843219644003024,0.7534253747843116,0.20514997639428675,1.3717687229922741,-0.6993981195326071,0.48913719218342927,0.2230152890461906,-0.24731288041998664,-1.4960030020610975,0.4525743526918524,-0.67915300320085,1
0.44969414806121283,-0.9777958618381821,-0.5110583574733535,1.679460208515261,1.133901258604114,-1.2859323290695355,-0.22395821594726786,-0.11937883399115419,-0.5087145611796936,-0.5560341931863938,-0.7294354448671411,2.895874161494202,-1.035891769219254,-1.3209539644927912,-1.1378882875590943,-1.6923596781129522,-0.37889409205033947,2.256100416023959,-1.9529779234755784,0.04029696088721624,-0.36095601175268294,-0.12365747762635734,-0.22153757012976785,-0.5245843569996627,0.1709048895982111,0.5446676516853386,-1.355467231670329,2.3696840618964075,0.8946212126959003,-0.3095551582815935,-0.3720848479382774,0.9859417071158592,-0.05094638383880035,0.10758752476226686,0.9790960442025638,-2.1676549462759502,1.9729517967740775,0.5544343208240561,-0.6127276964816192,-1.307203871533745,-0.48989294142395606,1.374824123239352,-0.4136842562936364,0.5457949948632153,-0.8503705701282901,-0.7442693524832994,1.7040665035732154,-1.28678211331539,3.1149784874702435,-0.10692665805975962,-1.4037116007120531,0.05584353719931516,-2.6984722227978732,-2.316627026259546,1.8420691273373575,2.2769950944313417,0.9261530662355871,0
-0.9415236436586618,-1.0628167374819526,-0.6567164607035905,1.0183806752421671,-0.4791688674128721,1.1990839476379378,-1.6838110409928595,-0.23093780657929477,-0.13501586614867356,-0.9147733387586774,-0.0702523016971386,-0.6172366540322514,0.8559929296878434,-0.20584246922489083,-0.6535481785716566,0.7424947124207077,0.3693456540157863,-1.1160612257731948,-0.49917377004444236,-0.18234287135266763,0.1232997737160923,0.4860811561562713,1.065212881337412,1.8842100959535375,-0.11731034917993412,-0.4837157360609642,2.7696473960281223,1.8743288212808953,-1.5116356031194538,-0.7682171433185058,0.21806954305227624,-1.2506849536303413,-1.2409594078222546,-0.45630828796608347,1.8275445697411108,0.5769679550312021,1.3000875276467452,-1.0799968366571109,0.06146220412042673,1.2006787708083686,-0.7516894626548323,-0.9470454776886217,-0.5330492442967809,-0.18404671847525036,0.3535528353758807,0.8321768818990584,1.3020528723789,0.5082429091846862,0.9846786156400945,0.5901494511213402,-0.5372309601471863,-0.45366343497766926,-0.43574185143546673,-0.7568672170885561,-0.558439710178284,-0.14003417944634286,1.3496744643135674,0
0.31045887716154186,0.0374539094710439,0.2772595042173789,-0.7423025907375103,1.3758518961944666,-0.7035351936830836,1.5416383545930472,-0.0012582145521033616,0.02773985215025887,-1.0243972762317735,0.3224724930935625,-0.14397538439839053,0.37111883055353745,-1.380273845569636,-0.7915832254066563,-0.24069932701315574,-0.777915045536874,0.959753424974174,0.9060208987765717,1.0188643096185173,-1.5587031712537083,0.07831123629965628,0.22753805084866235,-0.7772967024688122,1.039657629358452,0.0363406957395818,0.8930690629310883,1.2398827385262072,0.02651802091564271,-0.8959212710443583,-0.7982620346221219,-0.4034482720229086,-0.3142528785847102,-0.8120325331455864,0.40460465902642956,-0.31191008589439334,-1.0150625075963449,-0.005399340885634545,-0.36848057402776574,0.5978318833918143,0.03428948742093335,0.559239463426438,1.046325338923509,-0.012385918212315997,0.7167242872458105,-0.2950874986265476,-0.3839214907158799,-0.6766601763148924,0.13754850643424457,0.6297698996767845,-0.2852173761500851,0.6709078056182266,1.5106069280745409,1.071093212545042,0.04215445676662332,0.44608615017923986,1.631670471021289,1
-0.4213288575938763,0.7533245272285287,0.21995343478562931,2.0198520979066905,-3.033327843712504,-0.8820674575167314,1.628161931326089,-1.2649308352683188,-1.0165749459277147,-1.2622238257883323,0.2756450471187906,1.2389889263137952,1.371723206969205,1.0865240798463918,0.4812768762583213,1.4982529934629782,0.37370126799869097,-0.6134498462116443,0.6085131732083707,-0.5506459631442956,-0.4447667772727296,-1.2671370304243332,-0.08778218130782872,-0.48535482235835,0.01046300483129468,0.36615240939784266,0.4289153559805249,-0.43441358931342805,-0.13709711122768398,0.6621646801311776,0.0350366616184443,-0.34052476553318645,0.5880779446140714,1.0066417230169202,-0.49670571991198603,1.0217644129852135,0.48962726868285084,-1.3076885588653875,-0.18248741147498726,0.2673730112555578,0.4370331362059028,0.5100313160358071,-1.0945696063751675,-0.4077170793578306,0.6836444851348853,-0.7649348737510917,1.0977226169543934,-0.5700139026231742,-1.4094221604371522,-0.060911241331458824,1.4112098946762315,-0.27177772547229295,1.1177376529540557,0.3490864691120038,0.9013520774422725,1.4687835361516333,1.5307260045668227,0
0.9265160174138312,-0.4757980475230944,0.932542823785454,0.08078372347295436,0.3003689909238234,-2.7105546996760466,1.1652757673140794,0.69936764686224,-0.02962474276885785,-0.7140097629292725,0.3237671579348271,-0.6900226873198958,-0.028474477113173923,0.9614749810902267,-1.1418382691806013,0.9168249603644065,-0.5013073298227818,1.5347119169907497,1.2184734282995455,-0.1527786429296692,-2.267704473532756,-0.448909205708488,-0.3066976242682548,1.2940707423742979,-0.7267653299365292,0.07840917157085985,-1.2860415023447753,1.9369411819474922,-1.0597650076535965,0.2954235226683819,1.2232621868766977,1.1275405557533236,-0.854813720485277,-0.9119630206469331,-0.2180544100553237,0.01614226924802115,0.8648661722131038,0.13586907754859984,0.19567313278932907,-1.1763380617799863,0.0894362091049429,-2.240391117212898,0.8529115952858621,0.34960577723965447,-1.300354794961802,-2.377044836329926,1.8568336001490675,-0.46834784659201434,0.19219945168305533,-0.5860666075351667,1.2586696792728445,0.11928844625659482,-0.16751673910700937,1.8459689379960553,0.9158642333619967,-2.086891083132002,0.5892443415855049,0
1.1117376668650427,0.17171374436612144,-0.10512005186478512,-0.12037117783948784,-0.32566792216020735,0.02351992590589738,-0.9273838709188778,0.4234007042480094,0.9004730178932642,0.8195434990175855,-1.3514080156342483,0.33014105962925794,-1.4429119710435439,0.2678576468317825,-0.9493233023487117,-0.8478680965172254,-0.6631202622735247,-0.8280267583313281,0.018970271807767704,-1.0685736581170542,-0.2909683455244251,0.9364581982151915,0.062403649840499724,0.311250313062519,-0.6681606737881264,0.7207851756132099,-0.5642049656180437,-0.06358870927207454,0.26155020964650794,-0.17854093688734055,-0.9452230884092225,-0.10917045703283722,1.1246931217063685,-0.5375124113199703,1.2719050961616851,-0.6054176116680837,-0.04007475984350432,-0.6365776963486677,0.8125713445832041,-0.11261594629152792,-0.9982409986332389,0.07627002434074345,-0.6960898514886882,0.24321876323460767,0.7260495122200331,1.4013501421417465,0.5977337990665238,-0.9265591177429544,-0.3799722591346732,-0.8050504293224806,-1.20034609962669,-0.6399724062600853,-0.28621812562119103,0.40537226458078146,-2.823729746577372,1.2654838410429836,1.7099192150859976,1
-2.118283284115247,3.0030390600213654,-1.767747170873208,-1.9688362907043653,0.4673197820744918,1.6974354698623944,1.9692636915651842,-1.7332490660529685,-0.9873290019398788,0.5198905610550019,-1.0552510468035627,-1.7937907092067154,-1.1151325681671402,1.9099737476954841,1.5630429408849182,0.9035641119153579,-0.4920144740116446,-2.7168761359257534,-1.669531568860515,-0.001285322677937623,2.0024989992265425,0.02613668001653646,-0.3707540781887954,-0.8712950224818483,-0.9034460235528543,-0.12975191483117998,0.6906269576812218,-0.8151923734357335,-1.4432471809788936,1.7799480192126216,-0.4947403708857893,-1.7847981445141667,-1.4468744329665968,0.39178543257433457,2.3128072037789713,1.4259547567387227,-2.4548798424962817,2.3265109319212134,0.25819247020385105,0.3943692331099478,-0.49243465762187727,1.9334312832548193,1.150221801676958,-0.15233157933775468,3.2960089636371985,0.12699893860837022,-0.08013866736660194,1.7391927616256735,1.4624962282470968,1.4812083857528295,-1.048870248694673,-1.4366515961570072,0.12632705342063014,0.5137081737973049,0.010311091672778225,-0.4880525034818413,-0.3527407651611088,0
0.2007452434387709,-0.470603284816631,0.7485141473736365,-0.27941760457986564,0.08652978676026764,-1.487796500622247,-0.3373240747173346,1.3331986190080247,-1.010213195292885,-1.6304347975920996,0.08239875109341288,1.6800794867750561,-1.6195372384569404,0.6810244213268951,-1.1727897152282014,-0.11032599814513452,-0.5223593705049089,1.4019353260555942,0.5220015966932663,0.00871078052441365,0.21703400177021262,0.006014683215866747,0.38900815550047735,-0.5432596505272467,-0.9147688528751243,-0.11930635605820379,-0.06787411086093907,0.901331918955744,-0.48141328687204604,0.8050102521013225,0.9231667801326767,0.6481054384327766,-1.9321738789724185,-3.4307299057199674,0.4892692153674688,-0.10501113325382387,0.43807043285127173,-0.5521988145947424,-0.12317642441094889,-0.7548228593707339,-0.9385547483626248,-0.23542629872704574,-0.17441815537084163,0.9563201181373379,-0.282531776527721,-0.2525293020554701,0.20029624619170217,0.15830072609300427,-0.07003476396508586,0.2702537183894072,0.32942265578205177,0.6047771062609618,0.3922030862489781,-1.1056255148895788,0.29581476726120776,0.0020601842540286515,-0.11990151421355813,0
-0.145863589335696,0.026647290219085344,0.35872279111444333,0.9602271532108982,-0.452942860310019,-0.6157351985579835,-0.5001630601468265,0.04433225624371703,-1.1467579177145966,-0.5313602757004925,-0.2634006842833411,1.509449409803489,-0.9166170543048199,-1.0935450232055473,-1.426097656289557,-1.1654170521641913,0.16624487079796807,-0.7873253165601645,0.11093144728591368,-0.3340737500893912,0.7326605835920391,-0.07035146045034313,-2.410417930920736,-1.7529589705768325,-0.17060124027580342,0.7890979149006021,1.5210118410457085,-1.3632975635331026,-0.8515173321925722,-0.8472675876581031,-0.23654640427106802,-0.13527979290635575,0.6772205890246145,-0.13472425860616868,-1.0224816800559537,-1.2476130266086447,-0.8537468701077328,0.5119133918308476,1.264912920729014,1.3459113104179614,3.0007030196505307,-0.12007681866188265,0.4537587931456687,-0.24864818357057877,0.004857597318198758,1.7135647026616427,-1.5883742760236452,-0.40431744287112886,-0.5404264188565449,0.4982593632069398,-0.37902191808104796,0.8804411517378976,-0.519638587673111,0.6989301723515063,-0.9734604532908989,0.2860293137968251,0.6499790190050281,1
-1.3654615168546835,0.5567954937844876,-0.8192102392386446,0.5198195502309733,-1.022989023721424,0.924061209139151,-0.9393991420574224,-0.5180447657834358,-1.4501637212798946,-1.7612874489515202,-1.1512463781223035,0.5387011865263496,-1.0840959401386185,-0.556334526280203,0.8330070007594444,-1.0839340283947292,-1.361446491229328,1.450937703269395,-0.48302732930422243,-2.05232434796992,-0.413311820627233,0.5201358204319653,1.020379519186998,-1.6785209696163428,-0.7176097925550662,-0.0857904113889202,-0.7152154132987588,0.8301068941147098,-0.7642047240404017,1.8272079791589646,1.0204308663247925,-0.6865950306968261,0.20614699863978148,0.23750602740461843,-1.2345702820691467,-0.4245672765041724,-0.22213650940301688,-1.4545530682831112,-1.4388176584834969,1.611035202143628,-0.1185637469180335,1.2684508715829148,-0.32229179242679457,0.09432441758383556,0.3272428580640767,-1.5859001086403444,-0.6969025452802721,-0.7813066321934962,-0.2101993811515959,-0.4123312055955696,-0.5021581246052007,-0.03468181068307917,0.792605729381324,-0.9259036986670851,-0.3448410447908126,-1.0992041470811333,-0.5459076943036479,0
0.9873167083853275,-0.6226619698658368,-1.232815320951345,0.5185276499895509,-1.0780486732150367,0.19301141083734497,-0.38161203244872743,0.11538090760547835,-0.38932295051516,0.03823322086135606,-0.6184395465365563,-1.667165010596743,1.6368012949357622,-1.1050221769871889,-0.41701462819765406,0.9274410690080268,-0.25402109336730855,-1.3271910838030723,-0.23482545172227098,-0.20223100940956606,2.041546900999226,-1.5843496393490404,0.9494573293949939,-0.9931947724287995,0.5149501244740385,-1.1593929155850624,-1.2227754103312924,-0.4240051700759701,-2.140077290745513,0.4203622926027511,-1.3676681296076643,0.2917637822982266,-0.3640863932865467,0.44188819500955867,-2.246067491440091,-0.28221530177320375,0.5668714075105558,-0.12901046745210804,1.349689417790862,-0.6757374566053798,-2.737719161441336,0.1797298983946187,-0.9557339637828022,0.8156514505670293,-0.48692949247833794,-1.5520494436082801,0.5409783300109418,-2.0206968582969607,-1.5746753218311236,-0.16069724767322197,0.26565140559366024,-1.6790645326914795,0.42463250878911407,1.4011084261091737,-0.2152648685530168,0.47960726369315804,0.9625778564685209,0
-0.2827463241521337,1.4519735880562301,0.8956707103566853,-1.2234232127079796,0.7740260941340674,0.32418149686275244,1.1587186715369728,-0.693070682969441,-0.28789586560158126,-0.18136325574154516,0.3606275562214995,1.4210053967951708,-0.08820484848605602,0.459128900259905,-1.2361580966576171,-0.9653170689853265,0.25646624818501595,-0.5236556513942815,-0.788962746773768,-1.6346554946876797,0.3894314862293809,0.759614432044255,-0.7736464650205765,-0.1699626518920472,-0.3620787536515116,-0.8255280191955131,-0.8116470954952962,-1.182462090702942,-0.528321900959647,0.20109530770105188,0.17062136609412,1.2341003145531153,-1.3565125311880195,-0.19712585532628807,-0.9667871286654224,-0.6309316707975038,-1.003218955156004,-0.8972230728331432,-0.7406446862379875,-1.4640811839281076,1.4159199016603192,0.32838618099574923,0.03651932694392774,-0.9616959165099686,1.0112719756903656,-0.21276188771240326,-1.2709187274710363,1.8768153043427869,0.5952355976853839,0.3433637012996649,0.7589846383845716,0.1612717736675768,-0.03111886629630616,0.41908605533063925,-0.30483226930208224,1.137924665844181,-2.7397744058405706,1
1.3198564714765857,-0.05262520449903098,-0.11205842804398757,-0.042365042953688946,-0.28192237469593895,0.8216530551260913,0.7380611060751601,1.508722514345631,0.07157712833914584,0.7198961060131848,0.9904711307878399,-0.592926650147262,1.1159609920356113,-0.7202248438643003,0.16146393974536585,2.0397152632314044,-0.9706121673911053,0.4842385194649239,-0.722031853371571,0.19184746206923242,0.6887027977686286,-0.5111736314907691,-1.4162067891780448,-1.306249595705759,0.24851715165118626,0.749876054812976,-0.773620381680999,-1.096715524086644,1.1078663442211218,1.032339797057511,-0.042078250387005744,0.5922233650156721,0.23884524569008242,1.6091039349445009,1.0740234850045423,-0.9408106627456307,0.6362908407087257,-1.1066555611069873,0.10937997874217262,-0.49567497478142664,0.9406355326374144,0.33358517789001857,0.42730986009819616,0.35426068796966387,0.0709653736713188,-0.7966637486243664,0.5629508296303063,-0.5098396336135064,-0.7765910997050591,-0.5632420905554504,1.3612200210196908,-1.2358484429831815,-0.22655455561804297,0.535924197915992,-0.2598591878934871,-0.9834977824586555,-0.037296943877508225,0
-1.1361726749890155,0.32700237139638133,0.5330342950909355,-1.670939108083759,1.1647525849712315,-0.4138200998715659,1.5385290860264045,3.4630728454611432,-0.6494748124183453,0.4871463130112048,-0.7517291299647084,0.4730138112762781,-0.24165735345454328,0.7084679584124622,-1.3735529301966383,-0.5376548683209207,-1.2023756052748853,-0.8207540228096003,-1.3686586650168828,1.8730005270501082,-1.4081781771415587,1.917242113881211,2.241950058919785,-0.9447129414172672,0.5075654851957143,1.4139973595368183,-1.3055685510636923,0.27795129734105956,0.11855128252911044,1.5873884554589688,0.6846172658091638,1.2522421611017622,-2.1424107128023806,-0.3420817720365073,-0.9667117344835828,-0.6725269959556477,-2.4319896402979517,-1.3011955933962336,-1.1852954944569392,-0.13017653745514365,2.00231318892574,0.878033770383066,1.6122528575412476,-1.1553603079153845,-0.08828909753241528,-0.4734369455736922,-2.970727571858619,0.2569407886236254,0.41221386750173455,0.1946967645240414,-1.4156311306410874,1.2996024698968303,-0.5143133888130096,-0.9104345011818176,-1.0141594990928533,-1.5588812296724828,-2.0634641219945227,0
0.9860734564265945,-0.11305422112706383,-0.10323998091340929,-0.304201814770206,-0.6793749383407556,0.6691199787016895,-0.6553274098830155,0.05713997793912671,0.5575821901338525,-0.6076417773099163,0.7914614028370668,-0.41370014530082644,0.16417183800407814,0.10711323460643507,0.3570123457298684,-0.47078096497756705,0.392764956805048,0.02879477531339573,-0.14436467607361483,0.8247285744389675,0.023766705309888843,0.5502545093214444,1.8913292737736,-0.11907583858860543,-0.2687455606433697,-1.3540930063971217,-0.20427750234551348,-0.2722423436396817,0.20619677974793277,0.2396676711006613,-0.709512881783228,-0.021219521458496485,-0.2756198661934877,1.3671284427305592,-0.7052812982008396,-0.1712197404909342,1.0123352974206576,0.14325785336219185,0.8761627879246312,-0.9935670032165147,-1.1207888570315796,0.5199931934351227,-0.5374179680147189,-0.6779278782330974,-1.3186340340547416,-0.045620451557475364,1.1186898658660607,-0.4916224493037016,-0.056332171463249536,0.042984083064481246,-1.3129523930299187,-0.23021536767168582,-0.6788217955619981,1.1297746948100835,-1.2664687071526757,-0.9873650878586121,1.5500672731469336,0
-0.8564065205308677,0.05429992061628169,0.31188941929116465,2.309411439702396,1.0348395961323,2.012080097640584,-2.6337880611995703,-0.32003287732552416,-0.765186757774126,0.6358384924441529,1.3195221630813687,-0.6058710361608707,0.8682355588142433,-0.1795550928812462,0.310894689963493,-1.0604118623874603,0.34341649893861587,-0.8918158340307051,-0.39988593370607706,1.3525691923801813,0.7164256590427711,-0.44079632737611624,-1.2624929918311851,-0.5167331339066751,-1.693754298379436,0.683800710236223,0.22897277901436208,-0.5146710451825499,-0.6346789108131496,-1.2120665583788648,-0.18039277415105046,-0.2829974144797033,0.7721899951751292,-0.39101288097533826,-1.5904676533352289,1.6445688903880766,1.5646029904807601,-1.5525606937169354,0.5298652874672378,0.4682003144708815,1.059235705838349,0.5229282030639335,0.4973324156572083,-1.076080043987407,0.656287923502064,0.3087814005095299,-0.0007893505643103496,-0.5936282454232146,-0.3657744840498205,-0.899712800569753,0.5164518453014468,-1.2717004703708796,-0.09681627159364506,-0.6315588120295331,1.5939355093456755,-1.4528833183673089,0.5684839783433266,0
0.19534644479415122,0.6684566417850153,-1.4051864772207,0.4662740588489828,-0.0034478339822976243,1.1383681411822657,0.3390952027711073,-0.5442631213416079,0.21942397127660945,1.130578124555303,0.06801069016478048,-1.7446821540586033,-0.5074320363122605,-1.0165819407433054,0.8414075163930324,0.6883312347124291,-0.3594594820517802,0.4368414645405235,-1.5158347436036346,0.24766378265262906,0.6219295805898573,-0.8760663584499142,-1.4425017867141765,0.904601471175376,0.13927369442235232,0.8149295235902856,0.5125516448129005,-0.07723668557287458,-1.0997587639270714,0.5459585031066969,-0.746805026907056,-2.119979552022617,-0.19905841274366648,0.015338759238363716,-1.4875715747335219,0.2606395302600397,0.6624297707241188,-1.0763377311286046,1.051648543104299,0.10018940846816561,1.6298483204040324,1.719116446384841,0.7702018530055361,-1.3216354878827727,-0.8283444789349653,0.0021717593981685933,-0.2107643246985271,-0.5089951678872341,0.002304893868713038,-0.7633001254972609,-1.1083828091758643,0.6594911483432307,-0.9859004384756856,-1.3844378786645761,-1.0590551558768544,-0.677219727702048,-0.2281748262628553,1
-1.1999063235245766,-1.3270325341039033,0.07684191691901598,1.8962550102403077,-2.1178677779995936,1.8205902970060284,1.0135557150127839,2.628860154181866,-1.5051778203502546,-1.4998263502904499,1.5915603789495296,0.6176624440702083,-0.030565145803417744,-1.1974260272453365,1.8251665481519372,-1.3847951431311138,-0.800149055732705,-1.3049443998768324,-1.6808626339088717,2.342811906465631,0.23599986928532918,0.9680799009385752,2.2311685287282272,-1.5560530690922711,0.4494418740942194,0.8463192216306767,-1.6424965741465143,-0.21325605606885492,-0.5861818412533454,0.35346936671678103,-0.6116298159911393,0.5077774638424373,0.06262583802526561,-0.5379644136786657,0.8881317239286806,-1.2131421630877806,-0.6408469332437621,-1.631252112552505,-1.9530708300710236,0.6490123389630186,1.2986073850690931,-0.22976750886599395,1.0948463959659638,-0.09570604291429631,0.5377122579991913,0.171930375451288,-0.7495771002851974,-0.849998240520787,1.27830231109569,0.07678121380658756,-0.4737175688147624,0.14444128274317353,-0.6400420095546139,-0.9739615482118794,0.24320495164663378,1.012863049113196,0.16772941797506657,0
1.6491168150467197,-0.7994212990664229,-0.23663706081507677,-0.8684238342054245,1.1700305532592836,-0.6033744242893213,0.4721917244841005,2.4474576927255725,1.402293244939449,1.3064287323170056,-1.3899539091969333,1.3915022770168866,1.0405268194791084,-0.6759981710797024,0.7371702714285231,0.18916669192997387,-0.9263534831755507,-0.6367160561618359,0.4119477850292162,-0.47334691362668285,0.8864433173847598,0.3758946948877463,-1.0055839367828363,-0.9610786018266199,0.2126284434238159,-0.43583030724338184,1.0409740150077755,1.1019874829390068,-0.11409583767088528,-1.28847728753227,0.3390120982866629,-0.9243137405893976,-1.287371175567448,1.0365881342901133,0.9773625659918816,-0.7960815310983768,-1.042005364377106,0.0555318530401595,0.971717480335198,-0.8242499874945618,-0.3294967627645248,-1.5269311006830057,-0.5894663576476167,0.24525865085521067,-0.5717082435908101,-0.42340476105576447,-0.15250200460548366,-2.406634061546267,-2.0285133521353487,-1.3743381264165428,-0.19587668548595857,-0.616715092361191,2.1878969793239778,-0.3551745238395845,-0.7141743297093058,0.047493901301584276,0.1578890381480357,1
0.42186018227337435,0.25240203988793825,0.0422707337644499,1.3897499477655388,1.0782365911461054,1.686438348843349,-0.7964970341923878,-0.44989088186575876,-0.6574793460461437,1.8408252676814223,-0.0529957503484975,0.07376428751974459,0.8181939601234928,0.7736423956754368,0.17830423438158857,-0.19222803744065983,-1.1479231145187503,0.36810214852034256,0.6831240924638312,-1.7644952908893154,0.17860128284754062,0.580540880256036,0.24211664609770203,-0.9167022978817266,-0.41988910000171875,0.20488721116510022,-0.9278997849098292,-1.484830060478861,0.7198318937898173,-2.4525901384597324,1.4910170330073969,-0.7679272555160037,1.769178233540771,0.8046072355379426,-0.15577967329494047,0.7389636242528337,0.9262516404529452,-0.6434496322317859,0.6569233897999944,0.3562546486434051,0.8156433695570793,-0.3846687645522967,0.3341460341379691,-0.2849811784701185,1.3427588559089778,-0.5587805786709904,1.0029907208719706,1.246813423948114,0.06168341703987221,1.6200281013157036,0.8877539568784553,0.20144782418861545,-2.3779805554773694,-0.01711054242520921,1.5410235288040641,-1.4686054964743607,-0.04777273612512722,0
-0.1481106827409474,-0.47537687738172696,0.4946266113871367,0.33470684376966936,-0.929686966963363,0.14203890283911938,0.3139030927835525,0.3861863263803759,-0.4262671991818602,-1.3575481556598734,-0.01079458457069334,-0.25099381516650965,-1.7779847355341916,0.7414815990734911,-0.6124045874713906,0.18532799520519197,2.1505181534638345,0.3515710292327764,0.7316073004878617,0.22620005138935181,-1.2846932899616936,0.1714911194638025,0.6673070878922355,1.371510092248501,-0.6086427285130463,-0.5597887278338508,2.0187699094144107,0.8783880639647169,-1.5821413187042979,-0.04348095889946668,-0.7452354667973115,-1.0061813947147644,0.9247240027314909,-0.522082856771216,1.4602782677232862,-0.4458028271487957,-0.4264176221469558,0.6446898316202571,0.11083272343452087,0.3909540193866654,0.6354045248726384,-1.0920837407484838,-0.5424989713216556,-0.30735391791032846,-0.45039690284777073,1.0460346830812264,0.5766486542181785,0.8817462044647096,-0.22927243977469222,-0.538985427859172,-1.6394395720578656,-0.9348253413705241,0.9008657766439522,-1.0262854819918974,-1.9574082519116596,-1.065943278560413,1.9948387127581433,0
1.0577838777521045,-0.032121050219377,0.794435673767704,0.3836178640493679,1.1757287617179353,-1.5691131878153513,-0.3136417447076062,1.087951190753577,1.60401012235677,-1.4754900973603213,-0.9050982007569902,0.6697364835644558,-0.8674857216059931,-0.4182315106548277,0.726481636388279,-0.5349244142894005,1.2257938057774802,-0.5485688961818219,0.38765675523467663,1.8236968581875583,0.720527664217184,0.22828322127227912,1.9743902989367594,1.0674748239324152,-0.9569104855187763,0.3186815670904992,-0.020111332629508347,0.3325491577344064,-0.35975329488500885,0.8850328702380545,-0.5673476092571222,-0.18123981406769293,1.0848904276714704,0.3943223939455108,-0.7812385319110554,0.4094689472184444,0.5864376608775358,1.6519450272917708,-0.46868766178836047,-0.42340295954246343,0.4807991089153817,-1.0232804169052934,-0.3091921196981707,0.9420399027143206,-2.758021064453164,0.7859353514158272,0.18216150994577748,-0.4479349706963093,0.19643396239758848,-0.42324340297625784,-0.04605759555180968,-0.7073526675961396,-0.45934715944837673,-0.38164132338406737,0.36673090061709757,-1.4823502124409271,0.2237970814357477,1
-1.6821614173497008,0.3016536285453808,0.30752164447838526,-0.22390651250519547,1.6383565720441615,1.3129952981092556,-0.6442973618560048,-0.5661751490797644,-2.1281062127156876,-0.6465070584888699,0.68501314740516,-1.251925435814044,2.5969044589002426,-2.451181123535265,1.4160265502295657,0.6950979545214234,1.3507158170104467,-0.4935144660915967,-0.257296257176016,0.5947351078834267,2.2568336389728154,-0.24766509948940904,-0.1113625076400635,0.6309002400523954,1.8251111710327206,0.7459725848761172,0.9950741413914385,0.4567637938776585,0.43925645322756113,-1.7639794870014383,0.01778303680156361,-1.6594147087867346,-0.2640631100546869,-0.5326270783216637,0.010321903478356091,1.6204426264211487,-0.3112771898330807,2.944106450747948,-0.012981046443278892,-0.40748737371005167,1.1716608871360472,1.1457040949281563,-1.6812534088529498,-1.5137528275682164,-1.3159625793386318,0.323030688688373,0.34279006929378814,1.3652479560129906,-1.0290145796849106,-1.0175412305933293,-1.925397127646009,0.4483097899807401,0.8420453539461454,0.564885547511851,1.2499298431971313,1.582554325636963,-0.9137618729635797,0
0.8427501094260907,-0.8989246011556822,1.9738890651290655,0.9136360873911094,-0.043055845779588646,0.7671884950543434,1.171652130719224,0.360278824033783,-0.7427575000761096,-0.6480444511745526,0.28006045550682584,-0.776489625122953,-3.1841578905934345,1.5534471289103837,0.12091885913124298,-0.25378320958492023,0.6661469588785606,-0.16771407415032322,1.3365882111266365,-1.8235565814900543,-0.47335995042492823,-0.040033573930055584,-1.6945293023078736,-1.1714181564338173,-0.37047311452262865,0.22482184967910002,-1.3782529964874182,0.23429483886939567,-0.4918113693667122,1.2200828386046405,1.5310771752839323,1.2964692347781965,0.11534122053048665,0.7775607926536237,0.12305194631958477,0.24587228639913059,2.2582765134739917,-0.3770248582979543,0.39409586306577993,-1.421208508699555,-0.5467664902815607,-2.7715398847941377,-1.7995860491801112,-0.8381424419266271,0.06505614543079362,-1.693426609767025,0.6002057132596305,1.4965718566075634,-0.6045291849808178,-0.18085477372955938,-1.2047107422334977,0.27587875169388376,-1.1546608924355688,1.3721958116332844,-0.3996478097736309,0.8687461302117261,0.5269522416570029,1
0.6593661385006134,1.042616736975406,2.5687970071374964,-1.6004001421420226,-0.07567993346723839,-0.07076124500628705,1.9369819253124505,0.2393505534159625,0.9604120334087903,-2.1627174588077653,-0.8707167041143955,-0.927830816663489,-2.2607987782505505,2.3072437116385345,-0.32933169546903057,0.044226518268472466,0.41270296612924984,-0.8170116069173707,2.4834646700785394,-0.9820350891981099,0.09377517838019166,1.3851111274735912,-0.24208122749219568,-0.9327048264128586,0.2014823626737193,-0.5343257480970665,-0.45605957107220774,1.2946272562931036,-0.7176121297250974,0.52414120087982,3.0388344487885512,-0.5250752923230131,-1.5727103844013965,-0.8250670672499332,1.348474337247535,2.304911617149811,-1.573482375280916,-2.522255916791574,-0.7991189909651619,-1.2422828797249108,-0.9009695972833032,1.6376870307980633,-0.5525673476056582,-0.8213566658162785,1.8216177520881145,-0.12005587717837743,-1.1108807610638556,-0.0731296215126853,0.9774045622777364,-2.0219437166109895,0.12046762039823693,1.3594986107440323,-0.7689174479703167,0.13005856238895913,0.3722692603474875,0.023154426956188835,0.8518957488633276,1
0.4355402787204385,0.6325335236004672,1.4689181091053316,0.8292046234050631,-1.7359144371579236,0.536067110849204,-0.45529782822540843,-0.5339035164606503,0.43287713743895595,-0.09685382226750176,-0.38839868920755416,0.4461087261993511,0.674252161839146,0.3377377275460279,0.26699006597348396,0.18212566642628408,1.3413020625934422,1.7993252447090176,-0.9166843145662966,0.7875958436544631,0.36896679950746253,-1.11506986240581,0.6149684758237294,-0.2487517620471042,1.6505941652693787,-0.1163795430012177,0.6735503724104503,-1.0576243384215562,-0.37561073133118117,-0.04063979996383729,-1.3426480377469654,0.62891925638064,-0.30358103541059794,-0.9030339178017514,-0.11598982223272017,-1.1308254144779335,0.14724285079224225,0.09613602348461357,-1.5239641737342977,1.0803489217772257,0.8452184358483413,-0.6659668105578759,-0.20298094122709645,0.6471178165250442,-0.24171659444398563,-0.3113531546232384,-0.547472787088336,-0.1743680922348385,-0.03077806309584829,-0.26623832905476547,-1.0212849825178711,-0.8974145274903693,-0.5449552794990877,0.25281681447901916,0.9516993374573752,-0.8261454045143894,1.6374118731815708,0
0.49461002101260726,0.46236725500334636,0.23854559504320996,-1.2881698885531099,-0.8205967623153417,0.38269792783843953,1.8080477730555315,-0.4689919777242861,0.06276543595374656,0.7223690628655105,1.1603636369736385,-0.4213886666231989,-1.1396301532557163,1.034314356917686,-2.4223666439312908,0.23629933657269656,0.9572444723365284,1.503887382863967,1.9697133200435204,1.102780276670153,0.16132834106260038,0.4479973261458389,-0.7440647103615916,-0.5485022383092816,-0.2466160528356165,-1.7962598665533274,-0.00482045695198551,-1.2688499014465042,-0.6613451957498625,-0.2405681648521603,1.5620387739775135,0.687722066596993,0.09256241775783662,0.023771318047392718,-1.2871229959621517,1.1693905611872935,-0.9473743231402689,0.2105871496509066,1.375230747391687,-0.9080614598374637,-1.1347750146997964,-0.03974721600998946,0.18931186486975943,0.1084258663355479,1.5059367845222558,-1.0106059444885167,0.751343015939904,1.1436041012561577,-0.5401937742220841,-0.11712716104989211,0.7586051199707914,-0.16324753644512988,-0.4077938264961141,1.9931431650158968,0.08544804165695488,1.5682727488101342,-0.6933609245696345,1
-0.6791965561748998,1.1797294111598715,-1.4408388319539434,1.0065025639081673,0.2422437210682561,1.0798765342238756,0.1625018428055862,-2.8988474885986153,0.12283726973610894,0.5847162555153618,0.19561325811511976,0.8236959633501858,-2.914741220422401,0.8362139377804729,0.22333435646473368,0.13915847860743982,0.26086857186464496,-0.3096932726230082,0.1132396764722074,0.42123327714144376,0.7755470421115676,-0.7200797178239606,0.26910750994480953,1.241081785451587,0.7267301216562668,-1.132374975253142,-0.8941045129259434,-1.0527273965291326,0.4187249801273978,0.35627873359541434,-0.9349672572174713,-0.08206030526238409,-2.432716442329733,3.1717930259067675,1.0255266025965089,1.3864854470187715,0.14834151616277563,0.02052768573725355,-0.38634887101080734,0.8449180720853615,-0.9459546878384011,0.7592439098259719,-1.1872626691294426,0.2219726856465254,2.0528929629855113,-0.07076409944013957,-0.8796392568186605,1.1625434952283205,-1.793619342181292,-1.0969676339086245,0.20661684209577702,-1.154653948326822,0.14285312150948073,-1.3286304754559157,0.5334730589350646,1.63948433499372,-0.7205921315339552,1
-0.09984535665181152,-0.42772024590762125,-0.3760396894802617,2.823876209377517,0.9159916627417448,0.5901916200468748,-1.0299656765073255,0.8683147549415294,-0.0533431275053387,-0.1259482742779676,1.0120992964770148,0.8166482701029214,0.8481438642629499,-1.7947861685705306,0.6927782986736637,0.2813548971705511,-0.6041376518939857,-0.5359255837401788,-0.6669116700207073,1.3803670511464257,2.1771376460779863,-1.9099796785197383,0.24735881759069916,1.0944968549698322,-0.2292362407405336,-0.8678825760976744,-0.15041930933492745,-1.7338750245596095,0.2539662527630565,-1.378646056360574,0.7223021479448949,-0.7557604751354268,-0.13136680638998438,-0.43655485349431006,-1.5664966005194518,0.35014521892226363,0.9042677072055347,1.0168867257981282,0.7010646855169456,2.19252397899472,0.8229356339582629,-0.9409912241168427,-0.6179780120255098,-0.15571683699281086,-1.7238195121134492,1.4664939545638418,0.609982110459995,-0.17304770052728677,-1.5613836262955345,-0.025841957708285908,0.8738447389298408,-1.8178281001181742,-1.3459956192575229,0.6361888111654252,0.06698991817581418,-0.3090689936972038,0.03817085603411301,0
-0.8637365112719014,-2.4589099982704665,-0.7898566077643735,0.11695231282575173,0.6755597354112033,-1.092351623682007,0.23040894495183403,0.42304694248439384,0.4370110777964602,-0.08397120110376677,0.4283736640275131,0.4934848189273805,1.2596227723440867,-0.5042216965330145,0.44102398878661436,-0.07306965637081962,-1.3768847041855279,-2.433003740350325,1.1268761015301931,0.30414485881239073,0.9834055000743076,-1.3977019017778731,-0.5282466250193173,-1.9890838014847485,0.734192623699444,0.8858837127203745,0.3465629160709732,-0.5445737856951397,1.8243478161727649,-0.5378344674873585,0.1165133402700448,-0.08329880438158738,1.9042260675584965,-0.7084513044734504,0.7033925964756541,-1.064359181631785,-1.430809806645449,0.4649106641402224,1.722919779642245,0.4781761291826365,-0.4237640790442344,-2.3353709877293363,0.08089781981761095,-1.1065421243844422,0.27173731159859155,-0.5920117427518554,-0.14349423991063784,-0.7005109402990167,0.15421702000215462,-0.08013451652461488,2.497076238812567,0.7728181054712696,2.386690758892947,0.41333869595748834,-2.741432964546549,-0.1330855322861133,-0.8490354059610402,1
1.2826406766051828,0.695757070637709,-0.5740921876439666,-1.2840258176732213,-0.747595198726671,1.0960466432391405,-0.2594837094793218,2.048490321993279,0.7808217765805306,0.02644112812979269,-1.2089814842268454,-0.5910910620417712,0.4804952266425332,-0.7566931942484502,0.2018697592853724,-0.6311827290989946,1.0121757257453872,1.3784285890514978,0.05634511914461827,-0.6861199506996257,1.720908361952303,-1.7057480990536034,2.1702722071270117,-0.9622667925548215,0.8908523609117444,-0.870629038876657,0.7720181567563777,-0.8996220731152701,-0.8230722862056461,2.2827592272883703,0.6085560306770373,-0.6663019028602922,0.18632848617215184,-1.0726220005507843,0.9246032721379658,-0.6782641280080279,0.921936213700566,0.41705345478116745,0.6989885776310705,-0.11967261059461821,-0.3711476871946856,0.6256901423076419,-1.3106203110353685,1.0965126885556948,-1.1818346428224218,-1.73485744112505,1.7881381225655644,1.6010069883065257,-1.122781092073349,0.10557743312611109,-0.4366388951183881,-1.2300036992572743,-0.15946935859887318,2.6612479532675035,-1.8692484483955556,-1.2400426908339428,1.2178611257208956,0
2.1055923600647706,0.31131831798029885,0.42353879571069436,2.194078658716172,1.4360737895937274,0.3502505840701061,1.728564490865513,0.5365669713654447,-1.2042316943949798,0.2776448138969335,1.4308239836129064,0.8884927471155679,1.0198215962606259,-0.7547541673690359,0.4627247563042494,-0.3903570133757955,-0.6699304617709411,-2.202512715953435,1.0119407506769849,0.8577079642074732,0.32474052491781463,-0.24047017932750392,-0.95526576923793,-0.16229404027796535,0.4429766889495541,-0.42613697980485893,2.356955552580438,-1.148850653862429,-0.26710291584078427,-1.922892874315241,1.2646672304128204,-1.5781582549928224,1.4081851266755454,0.462001942158443,-0.1779045127532022,0.9732751025217656,0.6299879080245228,-1.2461822460635592,0.9661174263062652,0.9004588341406425,-0.11528939772587532,-0.5362136597090051,0.19845287827695926,-0.207831473057718,-0.421583199958761,0.09282659594626234,0.8735820639483601,0.1491395314749623,-0.9889259598454508,-0.03607377092730205,-2.0313305930091228,-0.2066494044111172,-1.1127216850428585,2.0291805540341614,1.0927709205214604,0.13483269362106204,-0.5937494104371042,0
1.803230609878051,-0.40199017360964495,-0.7657283670807775,0.5977376447323111,-0.3636650532181392,0.7346220984422804,0.7440556105202185,1.762717382244614,0.5470257602087696,1.1256239901284417,0.1421902332161791,-1.5541194325710295,-0.34645799476955197,-0.5935824660967255,0.7908018490046835,1.12566531488951,-1.1801952238315543,-0.2750989792884594,0.1344811390996565,0.7410163491543921,-0.8282672804305357,-1.210373133138855,0.3905702917625819,1.1076065888296946,0.5816177182960035,0.9464526773458191,-0.4009640623990307,0.30746962734322614,0.25049466864832187,1.10193503461745,0.3016727868847814,-0.41803108678021966,0.7881402637693711,-0.21783983494932027,0.057787497003160125,1.2816318958777102,0.6187788630638541,-0.7876972583130495,0.8845901598807491,-0.7683560277559711,2.130661922047083,-0.20824511264374357,0.3048032542270411,-1.8368422301028768,-1.300405411246054,-0.2823459211341081,0.5174980547372556,-0.5788820938959834,-0.5410997434398019,-0.9879828141426035,-0.11113824169265125,1.0630902879106288,0.08620790796272926,-0.5155772491022936,-1.0112306353043141,-0.40055628256540965,0.6006015569999846,1
1.2476997934263019,-0.07178480517349642,-0.08657244630632305,1.4201273196779167,-1.4135739518074448,-0.5151919722880116,-1.5780019639393656,0.32156971741790663,0.7623957216389772,-0.2706354772886792,-0.18476904397421884,1.0992992610747545,-0.17056268780347653,-2.18084121918666,-0.8458184078415921,1.5652173677705186,0.27448340873181093,1.5484069931598872,-0.3524965340255853,0.5216665327852285,-0.2575983228591459,0.8195778788552165,-0.19805568590698297,0.39968182126931334,-0.731444246563036,1.3514338201035925,-0.21975812447489296,1.7500482199105993,-2.36406064243307,-0.9009849685125536,-1.430256567213792,1.082384366793055,-0.19380782943844352,1.169301689172788,-0.489636445170241,0.39116205816517996,0.3785944915123975,-1.8558314768730662,0.8101137085963378,-0.1970887420571668,-1.5145559296093416,1.013137717335787,-0.9830428516676569,0.06168813474180317,-0.8954494631106512,-0.92230733984686,0.9624055424712634,-0.5391116870642039,-2.07655596707853,-2.862541351258427,-1.5086993540670999,0.15447990175081122,0.5275781817343848,-0.3970911306906352,-0.3608812596792362,-0.5741076081141758,1.4368691469064123,1
-2.3754804598040713,2.9379143710898026,0.3391841045505013,-1.150543672242372,0.17734358317499238,-1.2453389669459018,-1.1517303358098931,-1.9453127110470632,0.7991066739295895,0.2713382113613458,-0.23009947798795796,-1.208982900225042,-0.7430245207672765,1.6325455404573168,1.6240570886807653,-0.22616355263287238,1.375581116963994,-0.1712944936037328,-0.0693277224805902,-0.4396348197891503,-1.669783185691791,-0.07377276784776292,0.00042612040920566435,-0.04622350170863295,-1.1177432288674474,-0.16947958553722353,0.22658355960381746,0.5963410798696938,-1.1583182901913331,2.102445304187417,-0.07273626375530945,-0.5298615548643368,0.39321360991810245,-0.28837985366254265,0.414191864277722,2.116520848389004,-1.2166046354152777,1.3724228970571692,-1.1978349070753482,-0.18353950226566002,0.6499428226606415,0.5291261031790457,0.6427823506549034,0.3398718620604182,1.2349520751503442,0.6181139444311424,0.33121316594745914,0.9312114737282158,-0.17347877136194426,0.5211802343407039,-0.47214103087112597,-0.6905310635264674,1.2677140842185495,1.499079747855282,0.7709604158944132,1.09087684323589,1.3023153745507918,0
1.176581753453394,0.6242716539370018,0.3929908221602408,0.2286494862184263,0.45648804059745807,-0.21911725244152988,-0.5097987650179414,-0.18139963489702657,0.6517877053424488,-2.0205888865067365,-0.2795889097315372,1.2642467790328926,-0.4992721494735743,-0.41480557355675973,0.597096914778113,-1.0803998803670585,-0.18021829852865018,0.6070385155053529,1.765002951278816,-0.16865082119728894,0.6258045581146023,1.0248238382284407,1.3850311104251951,-0.6780037981631248,-0.6600210715785352,0.2272001793128795,-0.27445302458378007,-0.15374368792407553,0.08669676966845792,0.6321607783199998,-0.4466707969185248,0.3614571499676534,1.1491687383188562,0.02502013420045565,1.1891321030461122,2.4870519589456803,1.065340496955397,-0.7143516684261867,-1.293060895037972,-1.6300102799839093,0.5915141073733072,-2.578492070540262,-0.41285110531982994,-0.1223647974427354,-0.767515581659313,0.8609943312537248,1.40682840358194,1.3729774226415274,0.9198851803258702,0.765450119234318,1.0886579731451076,0.6992779704188054,1.1827743945622424,0.3200068880591227,0.03610848810325116,-1.4308667859331787,0.33871188855091594,0
0.7164746338207654,0.8071279825092512,-1.031463533693535,0.3249689418267422,0.1262287834047516,-1.3372695010034128,1.3286824071589236,-0.13817922470852148,-0.4569173461569708,-0.7857455916857786,-1.2130260001827113,0.6200414826973706,0.47761989315134123,0.6349434559867186,1.94176115495463,-0.025522368288033587,0.18639790091075778,0.23799332450033722,0.25039245468433896,2.1813881549095733,-0.6806098749238236,-0.2774412295463696,1.177735221907624,0.3152609318130487,-1.5200623411451168,0.4057092000226884,0.8409412830816843,1.2911091375913966,1.873389274422588,-1.1260273690561946,-0.8067988180292451,0.8374445644081848,-0.22778483084889584,-0.8451342593176571,0.38524165232863355,0.3980544526090733,0.01166575656067103,-0.6778654557975533,-0.3071697323520466,0.5782822235135601,-0.8391265137732706,-0.33235157970184465,0.8289135753037374,-0.5681780105740252,0.08177723407667023,-0.6272505577523281,0.3353948005158392,-0.4824334276534042,0.914209112111147,-0.49456159185818405,-0.728288365611676,1.0916215826063596,-0.4021046223854163,-0.3764468417751519,0.06063949515986707,0.5381053453181448,-1.3234106596905921,0
1.5684015909653442,-1.8483062560795593,-1.743201784461771,0.6495387664188151,-0.3487154744210548,1.287685078911876,1.0762067825285582,1.0384331471131556,-0.6998810843137734,0.4185012833516089,-0.6136138212912428,0.5419522770867045,0.3927246449316234,-0.7320516104718738,1.5596792017005991,-1.2522341179606817,-0.5089875349696199,-0.769414977934436,0.009781641806809002,0.28994623646208445,-0.6263798588574363,-2.185707901093287,0.11816308217819137,-1.2661127807503738,0.605966394686371,0.6867431704774409,0.804020296001476,-1.2768327563252284,1.3777530994621296,-0.9083226411914306,0.2361533857993203,-0.9719404074744613,-0.7709487104542901,-1.0728747367634475,-2.1549027966698353,-1.629256802724931,-0.3714513634537495,0.9876962842875116,1.0799127301712412,0.9233679844731372,-0.034026030115719676,-0.18942320704567098,-0.5575661733756883,0.8657359222023038,-0.8192075878794941,0.34870313059753866,-1.8316618281026782,-1.6903358076036088,-0.5089336431449752,1.840292959257968,0.09956343343050865,0.08793744196947885,-0.08194986128148563,0.9445481858091606,1.1251728831046799,-0.8223773070796102,0.6311030505180238,0
-0.5687838165543839,0.06293755965142431,-0.9564592091507431,0.16120925142546075,-1.7579830900533422,-0.6779213665690978,-0.8687334565434814,0.627289282156729,-1.5578962556002707,-0.9620498000118493,0.3175923611889624,-2.448466385494649,0.16450647748250666,-0.6011796462048338,0.21406274473056366,1.2257948604823974,2.021928642033597,-0.3077740410426635,1.029647534926105,-0.11116625232811038,-0.7300516269570722,-1.0427066002420238,-1.0606145993541989,-0.025415019377055613,0.8025613225695997,-0.6741629980358602,0.26717574343289396,0.6361721394932017,-1.2201750238330218,1.8938812583519855,-0.7794465687987545,-1.0782752040618586,1.2413399778244358,0.7691432815687277,1.1191375172801292,-0.05065143444743963,-0.03743523090877101,-0.24446203109182493,-0.6545498232320908,0.9049270032869873,1.2156391777528581,-0.28348804655932464,0.6361997616890699,-0.021976909074199337,-0.2547592467527925,-1.1146373628791708,-0.19431943584993708,-0.2642956960482127,0.1919605939645952,0.16299602129910515,-0.206133872759463,-0.20561334430600234,1.4965474920752038,-0.08269981009790714,-0.1348017397979951,-0.09483058698325124,-0.4081456877131232,0
-0.9394112634424077,0.474064079600091,0.7482761865006997,1.2943186091682808,0.8809988782565921,1.9663004140522582,-2.0095299140467784,0.4758305653834522,0.026582036259806405,0.3476174024230848,0.5430097560148486,-2.1431737964382056,0.7191553427127165,-0.47098188158727344,1.7570230358141103,2.443012533767965,-0.2771054335698407,-1.2049312237238834,0.8292139555022081,0.5128266990682762,-0.06965187898350879,1.03575303981278,-0.5483604414309192,0.9813496249530147,0.6327923039636163,-0.03630263248637944,-0.6751057660278521,-0.6953618231099079,-0.25301501213818,-0.27688019108230977,1.3262195175098668,-2.157312116178967,0.503934984474716,2.05309488772836,-1.038659821787506,2.2163884486219243,1.68413339704222,-0.37231191164267513,-1.6439460973738467,1.4076126745707835,1.034579876604124,-1.1687171515374624,-0.4209306286282867,-0.783471064779319,-0.8371565460566143,0.7137594606638422,0.17934725917501265,1.2118390463361908,-0.7057248144463278,-0.6621291476513284,-0.344416008816973,-1.102298926865225,-0.039275894540874275,1.1771071489262748,0.8568843009877956,-1.5070891106563236,-0.6622215058795791,0
0.6744480548077343,1.26156584469655,-0.5043157113467349,-0.7988297036633529,0.5414198684956011,-1.4004844436054693,0.4428145363786036,0.12837904807148334,1.634083324464201,-1.632570127554993,0.030276962705901828,-0.08498657386308874,0.014054026045451144,0.25000271479244224,0.14654661469663952,-0.3439704967790605,-0.08672305774191572,-1.5889936394828565,0.41398883513188645,-0.2115267336210539,0.11149114961991966,-0.12126971527239817,-1.2633242147993826,-0.03577770579017048,-1.341574647861151,0.12241687836462546,0.12263928956470434,-0.38311631771697774,-0.29481686599477247,1.9872531393714523,0.21622073758758845,-1.0089642925893405,0.3776069332569597,0.3258007996892039,0.6451790517039068,1.1139031712324021,-0.33538384463812726,0.4611910757407194,0.05781087966123938,-1.2256285137155418,0.4358889532026824,0.4214487509923202,0.7152411820185293,1.679594185641289,-1.3421857056427138,1.1868490988459206,0.5523606371324008,0.3409956267186312,-0.01863299819202081,0.7977632429797035,0.019374876753006014,0.061512540418127544,-0.5866015881962896,0.808297540515867,0.27750961584544986,-0.6076964608383132,0.1466585543284344,0
-0.6026287609782679,0.21857766347687718,-1.597933944309143,2.228151144021037,-1.586637776496813,0.01986582615788587,-1.5731711761638976,-0.2781665503566887,0.18842068985846383,-0.18917254146995394,-1.3030245823204738,2.7676047045050516,0.9293445645471717,-1.2707845960095736,1.6705856272220303,-0.21080091580601998,1.6026630784395206,0.07245314644235358,-0.8493282419048174,-1.1994545941210835,-0.8179701936421765,-1.3377068386831343,-0.4278409217813226,0.394557339190682,-0.6842448350876789,1.233510679146043,-0.8104193261966992,0.13530909516849765,-0.38457910382369215,-0.8489405289947908,-1.1969463136965153,-1.0427077488978007,0.5878604684779143,-2.274774002978058,-1.3759439010055428,-0.7049486406600766,-0.7155408305904689,-1.3370719788280436,-0.2586263637566085,-0.2781579573557471,-0.7841844038448141,0.6859681231107061,-0.21482954998860224,0.7174506540917632,0.21612317952940366,-0.4853541374130619,0.7009037821656238,-1.0778560790265537,-0.22887036085907594,-0.05426883890387794,0.8075568746120413,-0.32782832595064626,-0.6955238209466882,0.7380138913550495,1.424102101818476,1.685696900388412,1.083445523745305,0
-0.9913645358613631,-0.15942636272050664,-0.30922903240056365,0.14269967349129364,-0.05267385790944758,-1.9518926974441912,-0.8782312355707028,-0.6773032719397112,0.2877523021501556,0.39906519221653364,-0.7088961692918067,0.7753902409579254,-1.116137520850046,-0.8386117442747498,-0.6076077189655762,-1.2979630924230041,0.6538428458193264,0.25550424934135757,-0.9855732366039007,0.33706179597461505,0.5233173164835526,1.161137298564073,1.1168610279189939,-1.1130795914830265,-0.8279839383014425,1.4338544122705763,0.21134741588343295,0.8806156806838463,1.3195916579515172,0.1830156533279703,0.8917964765048975,0.2842760166065976,-1.3762094311459894,0.5814242101877852,-1.3523170779572868,-0.7034990666174735,1.1880785506332114,-0.21913610486515508,0.369629255459579,0.2532615395656231,0.142107811202999,1.0405678289818316,1.0901027699014845,-0.5489839624125729,-0.49210471667784333,1.0886030758978515,-0.812347319311336,-1.3750577072277355,3.5325881734435143,-0.7039701096857476,-0.5805792969158561,0.6645669592450452,-1.4130869402748316,0.2036279122116523,0.683081857213851,-0.47659887441500365,-1.1457393815873342,0
1.2509259548784155,-0.6484967718214873,0.38383045669731936,0.4614044152168424,-0.944812004375807,-0.24432226665654186,-0.8392037681884708,-0.20725854116806103,-0.5583068874122317,-0.9426019321164087,0.7106622537416957,-0.8765674987875449,-0.3399090875784343,-0.47534553684685843,-0.5013431191526521,-0.16517535509633458,-0.8172179837194117,1.1844208628139046,0.18936650834394778,1.4550470505403452,0.45105631764670445,-1.537445194613051,-0.15455591812475158,0.21345917417503757,-1.1816825844061496,0.573467501645087,0.05604305380961165,0.3053069830454068,0.7110842337703829,0.6077992590971848,0.5590240066985473,0.7023702994731454,-1.3316004487616762,-0.08393965858707345,-0.8376673523175698,-1.4188468036106898,2.210990654432038,-1.015264527591222,0.1832662190098393,1.4807149699706867,-0.482873757281169,-0.4976600405559537,-0.5071588286998535,0.17452172743124814,-0.9853191926313933,0.3112030931740605,-0.14448884894219813,0.7425028130953217,0.964134344995059,-0.2797886219078646,1.0065780899733228,1.8023754857655216,-0.5840379679046727,0.7080770966134603,0.06470586344424722,0.23882741630862853,0.2380214812031673,0
-0.07700827975942921,-0.7441686450379239,1.1187880249171018,-0.7512916296941973,-0.3353800091427304,1.6204010929093051,-0.4850093808195869,0.07963850349271205,-0.29948286311979583,0.8796894574399668,1.4480403341914223,-1.660732431967719,-0.278050188300117,0.76651968770301,0.5229426982445861,0.6297707772520947,-1.1012974429966578,0.35131998877622994,-0.2694703782946317,0.566119095696979,-0.49183494887759877,0.21837309328837792,1.3149777011960937,-1.1271257555956313,0.73346566716562,-0.264277919141403,0.5396770722143374,-1.6152020073499858,-0.2604562515975567,0.24750229190874992,-0.9710528962020791,-1.0140578854608573,1.556771215800248,1.2466463735442606,0.20628779770442182,0.13361001368827777,0.6932639949543183,-0.036718186538130304,-0.49055959228423074,-0.7531231948422484,-1.3346651957867381,-1.7217116091220113,-1.2813316993923047,1.342003111523342,0.3918287737546892,0.11063687439900019,1.1213708584309645,-0.3466808656736951,0.6966730573089197,1.1599099035057892,-0.6180364839114075,-0.8931905000674168,-0.361570965237192,1.088416541376682,-0.7106454105219047,-0.2756225161163271,-0.0792828848371968,1
0.21137994748673522,1.0078199686362772,0.20199107332034658,0.2657672070095785,-0.9114090579407624,-0.9590400896456189,0.6246838102945913,-0.5948679440354552,0.8845229874672458,0.4789861745500874,0.1362595291497625,-0.3289930790980264,-0.4014154349117582,-0.5413187970391347,-1.4374788140969672,0.38900277560582563,-0.4295176087867046,0.5563116458036566,0.9618903241455772,-0.07192273805989172,0.42298272503049206,0.015513774736898784,-0.6120312532796359,-0.7452755279386969,-1.6481924971820452,-1.2660177200226803,0.9421900382762206,-0.1585336173287596,0.10036095272140948,-0.9515292220145701,-0.4141797452671297,-1.838536582586605,-0.79691730164674,-0.1346278430920564,-1.5265207216494578,1.5282148719613302,0.46667833802494046,-1.285368316133997,1.2427053378814101,-0.27083072885047466,-2.368338587989986,0.8029572001524511,-0.9635529600620476,-0.2624329932238644,1.1109127191390284,-0.6213786895809839,1.2659480092964985,0.8319418924824942,-0.1155058613637019,0.7720307169832724,-1.0666696087790066,-0.5716255958401257,1.480070252132884,-0.08220415133053025,0.32220669842096544,0.533287925925642,0.17098905290211974,1
0.046765202496542015,1.5688639891575737,0.03441081258764843,-1.1931762053192891,1.1545525195165003,0.9393569684374354,-1.2809939764663947,-0.1569013739999406,1.403114394454474,0.2766138432174205,-0.41145815161861465,0.6914310964352058,0.12632379456870954,1.1237794461306443,1.7076105711963385,-1.6692908257202959,0.1537140397891008,-0.5977466160197514,-0.5346150358625429,-0.271706600775829,1.0824028870197533,0.9157597662532001,0.39393221877183404,0.10686196955473876,-1.9343832641076362,-0.15266180372657245,-0.015812946228334058,-0.2943845078099747,-0.8560637846561803,-0.9146781874122308,-0.6490601032891331,-0.8473354019742944,0.3024097427782674,-0.8365051180251581,1.3174568075459911,-0.7697473632422878,-0.6243343369082865,1.7802452692155741,0.03412041001864395,-0.8542011704078231,0.6391286134596899,-0.45287907192605725,-0.06609054048257566,-0.3738175692871396,0.31408118413178077,0.5519938307483847,1.0941437422429388,2.0954357991501067,0.26040011690220133,0.22752150256550338,-0.2660164943064301,-1.0121684026556312,0.857628763321646,0.6833033715966109,-0.32099409894789027,-0.582451867872168,0.3203516905512276,0
0.43276214994166123,1.9040846666032798,1.0132657896327246,-1.1402406985266051,2.0169035761514413,-1.0084760643154307,0.5979213663574496,-0.0035494654761772985,1.5775539107725125,2.8128518330953973,-1.1998247263521364,1.192649756801342,0.3924291258716838,0.0101943625551796,-0.1028075967796486,-2.226358497432254,0.6365732039022204,0.48833397085699265,-1.049729069702022,0.5410252489983207,-1.2747953773991896,1.5586526291699752,0.4476771477269247,-1.5412783123468505,0.25703199961622347,0.6419040066470346,0.5811755072163339,0.14118942899446904,0.6140496926662838,0.6422873532977349,-1.2029832985444984,-0.32161931677730066,-0.09669604819042034,-0.09665947785144847,0.5080602470690226,-1.489733831661923,-0.8474313759920522,-1.0939391841169146,-1.1802643691559136,0.3760842632549983,-1.1876812569152022,-0.9706866712814441,1.4029904488389984,-0.2553562520646822,1.2047875776774033,1.105632428384305,-0.31307752838976355,-0.5905239601023851,0.531754851582671,-1.4716913359705692,-0.7447596738743142,-1.2927173025797276,0.4547675665173534,1.0353832042074986,-1.9494057793176338,0.6367351246057152,0.7549305676978207,1
1.1784952920803307,-0.9596540977983241,-0.6194971648522495,1.5729457210392606,0.26511929301985626,-1.1608513863454575,-0.16695302006969825,-0.5177529692841756,-0.5163743272946764,-0.500596862457337,0.03407741325469695,1.055940476377843,-0.586733606154393,-0.5551983978522127,-0.6378492264109128,-1.206142167046633,-0.35759658068730676,0.309649836311421,-0.47464781889593943,-0.616165174326606,-0.43103655080571296,-0.5493235894963134,0.7077356870155908,0.7036857213471501,-0.4035115995667403,1.4417535803023764,-1.3601207656041403,0.7598034645058416,1.0134076810081674,-1.1305300866549315,0.565387723498694,1.4317643236609794,-0.7160752277282261,-0.03635779032500326,-1.094627570446386,-0.9159466144202305,-0.0798389827603865,0.857901604453445,0.6345675954016277,-0.35819373886735856,-0.021329968723056467,-0.35168876440792085,0.9539103981282769,0.042898149791809094,-0.3559361814588318,-1.7509379245869343,0.6177294415628087,-0.30425219636581524,2.0003480022269344,-0.8231234694608226,-0.4705826214326928,-0.08072159719214346,-1.3533635192424234,0.4753486674475382,0.8872200014740772,-0.3279061659018661,-0.054004003324287765,0
-2.495656865224903,0.17183119755005077,-1.2080323668699975,1.2544216233639478,0.7942763623168269,1.1332027732599217,0.633606084312646,-2.0038152975831864,-1.136915091527095,-0.6507991352094649,0.2627382021950905,-1.312996577229768,-0.6727965790950731,0.6161669441678296,1.2819183686861984,-1.203270643492069,1.321623557636885,-1.1025719812301515,0.40596803597309256,0.6733049596526098,-0.033146193324742876,0.36410808623158003,1.0561613021997147,1.9266483284538467,-1.1052319062292133,-0.24722965805983307,0.511509420882515,1.8490628860192204,0.07663928173120803,0.5471956306757821,0.05665945643391438,-1.2024951303445441,0.3185628076150264,-0.6563796084901932,0.09143489701587192,1.2699806731493468,0.10604585103110868,1.3587470189370858,-0.11999615012543842,1.4871638031258503,-0.8988341618014825,0.07665745839664495,1.795057397830954,-1.6189403704191496,0.895931466146898,0.2648209724870876,0.4378927442846723,0.6031769155726864,-0.0787078240549772,-0.761307880594144,-0.6236198135886976,-0.2608162920663034,1.0046516145045232,-1.1056348673828944,0.5920092384782873,0.9580054590950516,1.664054847182349,0
-0.3381823847195809,-1.6445864264268324,0.0466690102105913,-0.06265281361255248,-0.3554287715782678,-0.31588862001130225,-1.1166650420454127,0.28179176115710686,0.599669718856499,0.5921174062914537,0.6577096151095754,-1.0300890845464306,0.47590452265006683,-1.1309418485883043,0.454616015035873,0.1888092178106288,-0.38810769150105795,-1.1202317616385307,-0.510413771279251,0.24658954784552103,0.6786599960316817,0.6105185596244476,1.3647907228816214,0.9332898115684406,0.9410346504164009,-0.30243320679760255,1.0377436943024956,0.27040803814837405,-0.7223406087356754,-0.25287516802487314,1.7321656517296042,-0.013796991155344466,0.476223468571871,0.5953001772622388,-1.4938068155239528,0.0018221384385767952,-0.5484326880685642,0.20878299292210767,0.13644302477262588,-0.48166028160111823,-0.009634470314136452,-1.0153377075152226,-0.9326199483720946,-0.2632933472574394,-1.800461071814466,0.9005608053821195,-0.5163007750405172,0.21293834359544458,0.7248498049449693,0.3964655896806779,-1.3075376856841825,0.1729863837920613,0.4093705247767377,0.3174470613640546,0.14977550896413136,-0.48029193947043314,-1.2470075380390153,0
0.43867862115792605,-0.09999151445331611,-0.27906221170978135,-1.6101235761096446,1.2196712079732264,0.24679553378255645,-0.2468088076603363,-0.8154463485571092,0.6467897882040163,2.4362848696141026,0.5782678425344199,0.9614665515720563,0.3078896391790245,-1.277979118794965,-0.2397077060357404,1.0024923480003896,-1.0047307253891669,2.021064448872297,-0.7836135763520601,-1.9643520478326302,0.927638579569461,-0.8363247748687962,0.9188143230607221,-0.06443854899295276,0.9634107693600427,-0.6628419843651365,0.339859380016732,-0.3571262580779868,-0.19226299752634327,-2.2382842898677273,0.6605412515149771,0.8754796585071006,-0.6194769873691665,0.3208454097837584,0.43992614846383293,0.256203323446869,0.1148710410338778,1.5367915725600794,2.179926226028849,0.32392112927773853,-0.4348942947075822,2.1757361729896454,0.37235310986196385,-0.25497344983814046,0.31483788247735717,0.5168708622613785,-0.43818097752406493,-0.6918668943289201,-0.13210505580066517,-0.15170719490573023,0.9038043029987333,1.877769778113441,-0.2547396193593827,-0.5553360902688586,-0.12571227142582816,0.8854167199995534,-1.9735463743396668,0
-0.9957980389321333,0.08930891308940005,-0.7357158259053578,-0.40454658361084334,-0.15745413103674963,-0.5943413247393601,-0.8584697696452452,-0.24898068243110974,-1.0927897197344583,-0.411867336353264,0.5956883730188531,0.2958945956537299,-2.696715316177394,0.7806490129768108,0.6548137507572025,-0.8337675268056806,-1.1617425187127064,2.440054935816123,-1.64756615368743,-0.8828632093876468,-0.22525588054271814,1.1522210643315338,-0.5053701216170577,-0.7575351309144245,-1.3336387229911806,2.102974316613385,-1.4503390546053998,0.9259695404354719,-0.7101835915118817,1.1696634454529007,-0.4344377041512314,-0.3388603880720525,-1.933719032158266,1.6282388284064577,0.1313713921072842,-2.1034426755570825,-1.1567469515065583,0.35997797401173126,-0.5871881346093075,1.2214162049362784,0.6143184311612527,0.995567957249948,0.43026910665340334,0.29173394926359436,0.6342948883274468,-0.4202012416088043,-0.8195162531151697,1.1717127060395731,0.6297167725942562,0.2018325457297059,0.2539271672556164,0.4421779438506044,0.4496603601597589,-3.065334979269611,-1.236016921334684,-1.7215980442959702,0.6263602235068421,0
1.6649619891181162,0.9364411364125192,-0.4182123302507124,-0.4967428288105209,-0.4202834606710283,-0.4930824643604773,-0.45539290214899486,1.542080240228589,2.305983157767158,-0.960173707404403,-0.7137273481078521,0.0754344085352761,-0.6502442764364676,-0.5748332639268374,0.9799583780311046,0.4907908379194436,-0.7635469324069839,-0.8392344034097332,0.031812167993266756,-0.4663172779169645,1.1516742415429053,-0.7068423180317527,0.5760334205439355,-1.3457427803181314,0.42194032592036235,0.465404367040074,0.6411042714581732,-1.1508858357434462,-1.3363078826196484,0.2948669551454049,-1.5303722037028793,-0.6124393010707099,0.8780456894392639,0.3064519010070143,1.768488259805244,0.30187844232704475,-0.31026862847626213,0.858432641727732,0.454055853075724,-0.31327261084072383,1.1993506349346361,-0.04612972234482136,0.12170704998252901,-0.5224507163123439,0.4225714489777949,-0.46134385707904274,1.3393749055491075,1.293706297892602,1.410524626287991,1.2189100264776875,1.7281120606909106,-1.4300098692699341,0.33271096839913217,0.9017740216512092,-1.3781716551099084,-1.5119905393534374,-0.32328741922510895,0
-1.1601738535068087,-1.5195458029428992,-0.7636420562408673,0.3056780263526632,-0.2515551755567371,-1.9053724999142414,-0.15097547554227644,1.123955754450629,-0.15033129800491696,0.33829629679833917,0.27554406189535774,-0.5753937751971719,-0.45776998039442807,0.42265917013034626,-0.7797719747917048,-0.10736894046823366,0.15939002895711923,-0.4945408170769986,0.11960679153570974,1.2401273005106088,-0.8573020700967771,1.7982017712466738,0.501010613999506,-0.8260846657314438,0.4968123684482298,0.36042333447536623,-0.09388148672406116,1.0842195072251304,0.48592571829888226,0.829263444681293,-0.4909241247649818,1.1323420295767272,-0.7793954233899107,-0.013772939322258818,0.27591540048742547,-0.44966889533648857,0.0723857311852924,-0.1953570241655193,-0.9949068704853493,0.9455508533783641,-1.9292916847514268,-1.2378867689466975,0.6333880835752287,0.752179377345658,0.7608149657340391,0.5917900010957887,0.09856574427928573,-0.4362966506525671,0.772330259003859,-0.1532569005119636,0.934199120552425,-1.6580412444784043,0.3805544421619775,-1.0813997463475624,-1.0450401303115502,0.6838141714394477,0.38745994338584294,1
1.1583638445837576,-0.3047563975431341,-0.807176453868959,-1.1670257837354192,-1.788964692125599,2.257552999446426,-1.5852107045728174,-0.24286024441946694,0.2560000800899029,-0.6812358419561871,0.8239507639284123,-1.93852618743906,0.5473239184222102,0.6673675893514611,0.06689079389289093,0.1946766739320389,-0.571008885315098,-0.2476898189086459,0.6991665293903542,0.8473315076776421,0.2967393633995105,2.446504939931321,-1.4494447745455725,-1.1575577802238937,-0.05037878063540495,0.6957931690759799,0.9182663603395851,-0.5965929053773192,-0.4582890933059651,-1.0175311529831421,1.54594621733128,-1.296104075775658,-0.11150157638444418,0.8711608334742942,-0.9249293511683176,1.1449079143308216,0.11847847097979354,-1.890713449451131,1.2972511466922925,-2.282416306179123,0.5767275515038599,0.7104325441177703,-0.8024555291615394,-0.5989728936078899,0.3281383743663349,-0.7562862747300655,0.3620892000849098,-0.4390576217887354,-0.9112240212879316,0.27945556920591275,-1.0528942097142002,0.04202087259441031,-1.2055902469361677,0.6113409796777749,-0.14172276150885177,-0.20058743005913474,-1.8485096599460555,1
-0.3520676628574871,0.5732091133279057,-0.3588336877549034,-1.5106832669572792,0.3324465915560214,0.05666739196266737,-0.21603908232245606,0.185869700055013,-0.48988743895415443,0.3104879670488369,0.523643805760266,-1.1708425658703838,-0.9235513979569682,1.160489396867072,1.5982897890207965,-0.6444053115674372,1.6978974900111279,-0.5731211952171781,0.9031262973195519,-1.439954310127329,-1.1824405999074272,0.25708105351135757,0.57827397395805,0.6554979815295213,-0.37750093665946804,0.6883620147588906,-0.30181464654821555,0.6814431080614554,-0.38680973919368505,1.2353306162288302,-0.7218210395540863,-0.5859794570617151,-0.6350501893135172,-1.667092763762774,0.2793094398344655,0.2676419736003503,0.09759792145760202,0.9273512363854991,-1.562081210989781,1.607558972548937,1.6023292239804905,0.8313223055625985,-0.06041089262764185,0.9640875124580939,-0.54829721537431,1.1505944356738014,-2.191305777191026,-0.14703037581651898,1.194133137600074,-0.9211497349142553,-0.6038027161484263,1.4206075431476735,2.5074450918780538,0.1912390773857063,0.502165221266125,-0.2754429164313914,0.5553008120275967,0
-0.5575281844959334,-0.39191493925476634,1.7108358670955095,-0.1877992648488728,-1.1914911888597202,-0.5657184875539475,0.29978920994100583,-0.35510553189805594,0.19706255129289468,-0.3642109811868,-0.5773132854028747,1.5183442018044024,0.3927778336734529,0.8772325228364517,0.14720475626984733,0.23331975129132698,-1.9864020655478876,-0.0728565163633802,-0.3761754352580241,0.15839047887327323,-1.0363943589181914,0.7190015354080735,0.8803146063805589,0.18167372019921169,0.9695747521057398,0.2888896064654935,-1.799005490423687,-0.1568162170632255,-1.3728912810312404,-0.09763965351571174,1.0389034037560594,0.45303269663375173,1.8650304587924509,-0.8696554775596236,0.6974725922007463,0.41383928138590353,-0.20072045447350945,1.435958255371299,-0.10178668307274964,-2.4381574056195565,0.28097056848738344,-1.1714205706640481,-0.07524033660645602,-0.1415882801949099,-1.3503074646676103,-0.11018903255160029,1.3720474031881615,-1.2276426516427426,-0.29959158899697647,-1.1172401415080835,-0.10606837140849155,0.8868183304050535,-0.33517878525493877,-0.026035286388269706,-0.2243736655598357,-0.6667689207088437,-1.0902073114005923,1
-1.4504358443071619,1.512034449578835,0.606692812867397,-1.0797231668951495,-0.739864538328965,-2.237503222957456,-0.045476064169685845,-0.9575699807087046,-2.444257938048654,-2.5695182506356304,-0.8616919329174892,-0.3613028083900579,0.23020492403981935,-0.35214778690990683,-0.7624042531490947,-0.3170843799465997,-0.20634051978092494,2.770889865564879,-0.0523014095773482,1.727036540802315,-0.832160958588274,0.6761872709794996,0.016001746443874358,-0.08907021502138542,-1.3625735573570945,-2.052202869891745,0.4447710315037894,2.8485695656613172,0.5034939616857025,-0.23640514549672878,1.7392098562423037,0.8689524971871524,-2.3590041181543904,0.9316086810704752,-0.6741738394941182,-0.6319852069623225,-0.7438436027357264,-0.4793039067202598,-2.051455156693769,-0.20958126779558783,-0.9170844721899377,1.9413129759968668,0.17220688345438298,-1.9421092603266827,0.26130887952115245,0.6404733830183135,0.19367123498193872,1.1132615774438523,1.5765466031246034,-2.008995546992022,-0.0529390366976531,0.04183012585102613,1.0712117317647485,-1.6108432972741646,0.38959837082967413,1.605215009841724,-1.9950652763293946,1
0.003847221291721966,-0.8102130099247417,0.2878068593248699,0.8077418528402976,0.7342059770115028,0.3208568999212607,0.9207873457153926,-0.2634600049916029,-1.9712398048989797,-2.1857600199825926,1.3102022429903464,0.330739801370541,-0.8765826555178643,-1.3101104405273356,-1.4548761778599162,0.13902140776047034,1.7618828209001072,-1.4391760437050132,0.914360112324761,-0.5075871785385397,0.6047858527933246,2.005512916215435,-0.13921460246974268,-0.3349134251310911,0.17147594934878077,1.4262635947730085,0.17510672239109373,-0.4626180535561942,0.6130740278363032,-0.8974122499322751,0.5728044764033141,0.7450028612288413,0.199119698048015,-1.0002582643008806,0.37731812855295577,-1.2560518450322486,-1.4412198989662603,2.4776065341380806,0.43521828984814315,1.269980253774284,2.8965840842288655,-0.2620031787540124,0.18486986842649458,-0.052506402531689436,-0.950746246741724,1.6224123116656768,-2.3433571635892414,1.4469627875530897,-1.9311757063002197,-0.4060194800276723,-1.917345987964929,0.5018901864242158,-0.8773150667452535,0.008433681421521472,0.24672445867440368,0.03660967788664394,0.15251685130616316,1
-1.0221497676297646,0.9362912386489388,0.35421736881758115,0.05068210464538319,-0.32529914216573086,-0.32235761213084013,-0.2459508913878312,1.2831566629634752,-0.06067071427557287,0.24251355310003142,0.523879821156307,0.5856533727480242,-0.2831418469943676,1.3491558752453416,0.07732120789177337,1.635491140416709,1.380749804459346,-0.989231058093722,-0.2114595713095217,-0.6404601895295102,-0.15301772543857242,0.9904461471839513,-0.07148485084231404,0.1318533388492734,0.08799974421245293,1.0512968234402973,-0.2847268062745211,-1.2009811962977215,-2.1235240026233457,-1.2953370476153387,-0.8327542218462304,0.8070178471473408,0.4135869015335346,-0.9668812990901067,-0.034136061787766965,-1.4960355279300757,-0.45379042855697377,0.1899088929111203,0.3532422673593333,2.758742285492627,1.2531006080894362,0.6241750203411583,1.1763829882242915,-1.5090345878785705,0.3761104484936907,2.3810117190813394,-2.168776500653261,1.3823669965493264,-1.8728125370058064,0.9684792431652489,0.10288258718187335,0.878410643176222,-1.5516470411650893,0.30398628343941736,-0.9036855834993981,1.9811648289908548,-1.6357668778782986,1
2.312886957672231,-1.133365990901286,-0.05672921693843986,0.36090793452681413,-0.02213508772278222,0.013756020778589496,-0.0516684984664438,1.3171562197549462,1.0609608530260324,0.7570167176384984,-0.8499612906590625,1.0828129007281304,0.11513428772859438,-1.9548169180175181,-1.1265730898800737,1.163875865952188,0.5300465566982323,-0.08188859294224325,0.32607417446874337,-0.4392054768827107,-0.31347801004908654,-0.8282601224648839,0.03757248648728327,-0.42608580509313015,1.2649819267203588,1.2320502238041788,-0.431901407126694,-0.36794839281114144,1.570768423768299,-1.0102261001909154,0.5582739284882552,1.0125177725842358,-1.8944102548936126,-1.1970182143931958,0.1558019647967179,-0.6786715417433469,0.8080816418073997,0.7408472627015404,0.6111621987289247,-0.5999297500677904,1.4395898430456373,0.2563254230532396,-0.49333029305970266,0.8101900287162357,-0.48809116680651415,-0.15839344090242155,-1.2967610547270667,-0.6187242143192974,-0.7085051302493061,-1.2440962433878493,0.902595489081318,-0.5703366860072192,-0.23535925009456515,0.2069075998459711,1.3827348535647717,0.20876351978212337,-0.7020093287495595,0
-0.1203507282838796,0.6303368748935401,1.357120026170365,0.4528339487718682,-0.9951847304066719,-1.6121906596448323,1.418179457586685,0.5181236427656608,0.26361548450622363,-0.6246489113023102,1.518336532679624,-1.2585910804276468,0.22895469521186787,0.6868987275711478,0.5476588382167045,-0.8500073792751384,1.2649291942949408,0.2917237095921911,-0.3575028062504731,-0.16608988288732274,0.04767445206002579,-0.724935113968641,-1.8504154434190803,-0.44432996269175995,-0.6268740942743959,-0.3312209304347379,0.12474348593776227,0.5258543779808259,-0.20591743444970864,-0.4136239909546226,-0.09976851095593658,1.0719323214426075,-0.7924379630529347,0.03399935153264223,-1.1290270291218245,0.3679344304305036,-0.8713334474351149,0.5433286613608295,0.07641952330117147,0.5106387673513839,-0.3951648718747982,1.0202171064063132,1.5068410887609824,-2.0633461307577936,1.0008157687611385,-0.03505283035345386,0.03158811744172443,1.0234950496112913,1.0454611918189858,0.25506282069712966,0.2600290992391377,-0.7371962068345544,0.5906222243468904,-1.0980520806926455,0.2699331925463961,1.5840060910505074,0.7783221217747622,1
-0.3108316925459552,0.3165382171399484,-1.0199374851814296,-0.2713094781686114,-0.38916830130644237,2.1175898397361492,-0.013066876824931104,-0.7549683100421366,0.32419723676641854,0.5176041708100186,-0.19553470056425287,-0.8557729021888758,1.144826324748172,1.2030918545375358,0.15603550419913717,-1.1417882730172022,0.18217231316992238,0.31336123731680565,0.8515504156421179,1.5459268374592465,0.11407599522504165,0.007949670102172778,0.04270623646988987,0.37688522401023605,0.36112563161461425,-0.9624358385600262,0.3778830267407235,-0.21509677164637064,1.0379677812457833,-0.26067022385788274,0.636953423068641,-1.4290962418531696,-0.7447350722376189,0.30263724013610854,-0.30669712312760256,0.23942817832886354,-0.07078506696737968,-1.0201005329384245,-1.122117202024879,0.17751907020952234,0.11451919880688705,0.14132818191943605,-0.2597998618508467,-0.007470207285598387,0.8913383770265851,-0.2795876307714334,0.29426205338620387,0.5893639167726922,0.014473958875532305,-1.8548327018968893,0.6787006150536644,-0.5817204690470046,0.4351041496601747,-0.3541348439601094,0.270340692115078,0.8060360449982182,0.400349008527089,1
0.21745980675334875,-1.519397581358065,-2.207360462579549,0.7778045887070841,-0.24416399200918154,-0.6467450750686878,2.1831264938612063,-0.18960134936287462,-1.538319692590377,-2.9099123258693895,0.5647076799297719,1.399145270743935,-0.6567899145657428,-0.4525763180450242,-1.5048986303348315,0.3942909654491336,-1.709589229002058,1.0708399637800488,0.6793002435562135,-0.16831972577090237,0.9403678868822771,0.0972819587479779,0.3954758254912786,0.7570869058876991,-0.931510106045372,-1.1446786178724868,-0.0353874241664938,1.8320955836913722,-0.4809110693675919,0.788684777798161,0.9411803771236167,1.3549059002646935,-0.6338730469125295,-0.24075270549238517,0.7401118540635764,-2.153749047548757,0.7559308844303708,-0.34411383469298934,0.1267912740277888,0.6327269862253744,-0.4731878819689874,-0.8524584965355183,1.656451224355952,0.6423988543068303,-1.0256155617049394,-1.3700346943748207,0.4204128878990358,-0.8597732080431928,-0.17457737302069376,0.190201572357994,0.3887930877483128,0.7154595292915322,0.6321708868891416,-0.4324070446432429,1.1793671864061053,-0.004511405435830391,-0.6828739715764827,0
0.9950711986979609,0.04890078416419343,0.1962369045250513,-1.0013034871811288,0.35720170971712484,1.8681916915084944,-0.38535092098733914,1.0873224847203868,1.6325069277823747,1.0011834910307364,-2.462528935209747,0.3141106861810781,0.5478227327278943,0.689288816864491,-0.7838758019292571,-0.4850522852188555,-1.2418999546813667,0.8412766505872772,-0.5240067471595294,1.9604360628508701,-1.1416327749756634,-1.1002080824504468,0.3327325171997561,-0.781399217311992,1.2183922393201165,1.1548296954495405,-1.7732393120199434,-1.5417452177397175,0.8975823414369846,-0.3880065521506154,0.4699295141317364,1.4581967577520476,-1.155801251815601,0.5036127522898398,1.2183894447345665,-0.26678373560257435,-0.6508815672197028,1.020087376613759,-1.1115078962964176,0.21518448665205106,0.660483691901921,-1.6588996731693892,0.4393383650239209,2.348139230174565,0.7648054375114528,1.2198521252372694,-1.738733090992011,-1.0112787152345522,-1.1826691708012862,0.6959795415198614,-0.018747242372491004,-1.431544195604037,-0.779199819785987,0.8542493537666361,0.05126709515953607,-0.4819046419760455,0.2883233536972916,0
-0.9027826281599504,1.2778766757504076,0.8749182419357772,0.3955603497731742,-2.2724829099058876,-1.1104302921785723,-0.33796798717368265,1.0108508034651469,-1.683726332846175,0.7946178333757443,-1.6549506048513833,1.0735058232964105,0.26531736109450427,0.4556812978098688,-1.1962470972173183,-1.6023209404349652,1.9201156362117344,-0.15177536102409986,-1.419659863426112,0.29894562571432476,0.43103693497063283,-1.857251158936096,-0.1442321497305297,-0.178089490205024,-1.4429221434043837,-0.683859684567913,3.1871407284579147,-0.3616695036775337,-0.42435069908506085,0.17424745043614068,0.46845595132863066,0.34201741509567524,0.4818342038559785,0.7440271896658535,-0.55601339637872,-0.2662778274622866,-0.15793205829571177,-0.09539345376307755,0.5366530228266447,0.5193767077740067,0.9610860064779485,2.1533271855010248,0.6623214558176013,-0.2552008475563973,1.0450591538603542,0.9817689463117008,-0.33175402841213814,0.8634060657579815,1.1352131395150937,0.5611445878549783,-1.831404248051713,-0.6465731921938084,0.5771887897462072,-1.8673717306406823,-0.062057171091005885,2.1239946510366345,-0.912125846053239,1
-0.4827125159180141,-1.3191942523037605,-0.0019454440160103902,0.7915135847012934,-0.3080995855300732,1.1734236529983568,-0.5545492285612603,1.6981570868855678,-1.542435824793202,0.5244355468890687,-0.12359828965591546,0.5548531395951456,1.4031516620613969,-0.57643726232387,2.6098144333257607,0.7024630041944152,-0.6220204923311031,0.5320440099780672,-2.245904199382041,-0.230455410168799,-1.6224511905157455,-0.32861853971910027,0.7803990802091285,-0.0383814996435357,-0.08713295559986571,0.32874632351906047,-0.7581022474024015,0.5743558399518814,1.3254859874246456,0.4027085665334305,-0.3606386135208116,0.3942489667650007,0.12804585422659295,-1.6675729747236652,-0.8341018423543776,-0.9151742427925823,1.6924586423634225,-1.1405923071501314,-0.2915737904920252,-1.1419077458407838,-0.26125316108098373,0.20802502410536627,0.5497148393091701,-0.6619450297738684,-0.3147345984708272,-1.6667021640613908,1.6680103698774136,-2.914907137724653,1.7592232792277485,1.1445569750911204,1.3431523318894707,-0.9719715551713246,-0.9219739062478663,1.1953110654909622,-0.4052081564976302,-2.148223055173307,1.3404172181079208,0
0.07545210474920112,0.13682575896961482,0.022347512709884252,0.12479385033210941,0.4075081486557299,-1.653171616894422,-0.3264011562170385,0.5319640646394819,-0.7287199441511474,-1.5989353626247391,-1.2548183212594248,-0.7028719475056224,-0.6299980040036859,-0.5120591442844431,0.13402695971390932,0.26703589043347065,1.681706941263838,-0.015850576051921236,1.6651268192232838,0.3059397676268674,1.7735288077459037,0.33248607381612433,-1.9823233636087945,1.5275622903784851,0.5022041283638763,-0.7945371982284596,0.2545362331060632,0.425603075212059,0.3463179521484962,0.702429818240008,-0.5110603940614332,-1.9313434551373319,1.6993421241512603,0.06377326129824785,1.0969220503219834,-0.21383437644845052,-0.3228359618569142,1.5535469313728913,-0.09671903583443482,-0.5383005956675846,-0.5537175103925995,-0.3515271527227638,1.183317340183412,0.008850457945034603,-1.7296077327816395,1.0964194326008225,0.9785056465818086,0.6138576569856694,-0.8402821098452611,-0.5674700584555802,-1.1671863859238911,-0.6322539770474376,0.934424157067304,-1.1440417341887765,-1.1151065964949194,-0.8473826970164509,1.4716041148865138,0
2.2411782620209917,-0.7494893535593149,-1.6268577526583539,0.7855388493783031,0.3004715680824376,0.2607962686256975,-2.2321691133084487,1.3275914255391033,-0.026839865115178597,-0.33718032141700355,-0.1032662462983252,0.18432604157048055,0.6892175410237404,0.2832678846376152,0.05472849027539492,0.49402697993868383,-1.135884522099695,-0.16381600006252384,-0.6884781979399274,-0.22045510200621507,1.7478494753589275,-0.6292233049628981,0.6597894041327644,1.2128945432485088,-0.6122010990562438,0.9772891452170289,1.6638747840028443,0.21615714193411334,-0.5173144517057311,-0.43247279544401557,0.869080851749041,-0.6570327092680429,0.5497744042819225,0.37517710189102743,-0.8722933050656316,0.6171647008579771,-0.7678590631611549,0.9675848534292916,1.3267805221292863,-0.06402240319861292,-0.9533798653507725,-1.3686654177212738,-1.2759773183152359,0.4498212660978925,-1.8313003991235803,-0.7125851389800931,2.170865362694276,1.0894052540031285,-0.026009765255651712,0.22896905882868251,-2.3041594969066925,-0.30620125213820526,-1.469938197307316,-0.9434908357338122,-1.3136298067174201,0.7416253324031712,-0.24972064996525212,0
0.2301036959264375,2.3110165218934946,-2.433158563917753,-0.4150475130630733,1.5738079119722461,-0.0608119223681065,0.42575161444289417,-2.079302094092395,-1.6771980575159455,1.6453885487581024,-1.2701110487712268,-0.0010467816428549742,1.243123586190953,-0.2129558478736536,0.03509592792536563,0.5423716721266093,1.130305500032469,1.2436434690832934,-0.1906499067916652,1.532242825116677,0.20401653654643784,-0.3299790096293291,-0.18769832227501704,-0.7946448291786005,-0.602836944375469,-1.3236377954580858,-0.6085128674066742,0.22563893688425013,0.9476100782585378,0.6378497009524946,0.8221493752747218,-0.7063711214368638,-1.5854031166121048,0.8220746158086856,0.63179526115636,-0.020106321209691587,0.790713580455043,1.5708284657257907,0.26035329386624817,0.34325055240151175,0.40211041495019134,0.3426822938112844,1.859671985186914,0.8023054481450413,0.428624156097644,-0.46555545493740913,1.288353897412454,2.372617355639355,-0.12162233200645102,-0.5050628104796457,-0.9878052770168888,0.5925188742790821,-0.7590326948362434,-0.33112318310734484,-1.4339970150701553,1.2283848685779706,0.6778146327813052,1
-0.30330189260827495,-0.22139013764828916,0.014379726244843636,0.09980665033539605,-0.6988008599392533,-1.1623605130609687,0.47091284274576894,0.9452814265795491,-1.131985722078386,-0.6039020253392952,0.38905978653306966,1.1143969497000492,0.22884131013837444,0.8927313420702929,0.6278700760437721,1.6090598430406071,-0.5033010161534885,-0.23149967088227877,-0.8566254380640994,0.12171953698688971,0.5034484323283683,1.134219195003528,-0.4856153557483648,-1.4226818774737067,-0.5532637377251217,1.4727867940703883,1.641285818386295,0.33929804666031144,-0.8133871453747498,0.20769322138411697,-0.9220927054470452,1.2463103618117115,0.8218727137235255,-1.544230365456458,1.105752621836427,-0.6060069451931682,-1.1211202002055078,0.7664010059463005,-0.2341961892017474,-0.14698068466321906,-0.8928878731423928,-1.46403240829562,-0.8338581131114743,0.7406033435668097,0.07738206024158681,0.3393182065072056,1.4550283692162824,-0.2632709194414987,-0.4729284380379129,-0.5250378541764693,-0.40773152733729734,-1.0452094613786542,-0.3110844534924235,0.47396128601025184,-0.5791337058842635,1.0875528242750063,0.12683611662826824,1
-0.28119326876486245,1.3491581373509545,-0.099769764030942,0.3937339400672001,-1.0041836450785069,0.365277912637427,1.0055149769714624,0.33084237606767536,0.10211615809350122,-0.2699385558004221,-0.7109519494756353,0.16576926648095416,0.6341496003789563,-1.236560480799075,0.05767838851390559,-1.7106373919821778,-0.4392190660917432,1.3037578563658052,-2.532604834728573,-1.5881369123621676,-0.054035193345191426,-0.7763678566086578,-0.14846819229399258,-0.0781593515582743,0.5224076945887913,0.43342740786644945,1.758008866524843,0.11276271262505004,0.37065709926019613,0.8978598402914042,-0.8210447495909384,1.4010928490437025,-1.220422900932087,-1.3858296648186303,0.29404882963523465,-0.9718242205915014,0.7445218862454962,-0.3802164970258017,-1.9431727859093628,0.13597145050639534,2.300982465586121,1.2161477458143704,-0.44299086004979094,0.15097745246061306,-0.17153306691531692,-0.3381495943416013,0.35632713622974466,1.3878718132922008,0.9827694697331693,-0.22530949829499253,-1.5805716323916967,-1.7224544051445971,-0.5505997167034667,0.6964779761504045,1.170824909673052,0.12387414026488043,-0.2665041801616909,0
0.28334385673326756,-0.6935422907583282,0.7016529985449401,0.4084362063785291,0.09636692515712338,0.38009492357944324,0.3464307279969387,-0.10854503425508909,-1.112436756188479,0.49592770698920297,2.564700327566127,0.7082106029361558,0.19658199225257542,-2.1742578595479194,-0.7775523061305355,0.3960594115356705,1.9623663876492252,-1.328394518281863,-0.680965617833983,1.4026928597139086,-0.24287604431119741,0.14397157617205233,0.663983153244063,-2.2116473999998605,0.08092412826862816,-0.035966152741674064,0.17580577402864367,-0.9757552150690192,-1.2513128534803937,-0.7091689368080702,-1.0598887977295266,-0.08492831348001915,-0.4122348220967252,-0.24111626027926758,0.4892661766570428,-1.0240935847889894,-0.7860020374966838,0.8108611796554781,1.9696445399404758,0.21841258134722655,0.14549974617816377,0.5243643403618968,1.1905379993092489,-0.5049684617393044,0.5908322103761691,1.4712758130762376,-2.0839307449743703,-1.0084868793818902,-1.0177490701799625,1.5971761887412383,-0.16016877104606098,0.28706619513490544,0.45584754491074303,-0.3184167215548895,0.6495396404601794,-0.20472380281106473,0.3504174860838409,1
2.1187074044407814,1.3998074987688076,0.013025107570205925,-0.8431557848385957,-1.0926991862181774,0.45930212604150056,0.19719942915761945,-1.1525404929839325,-0.6234349391545649,0.6460158286602641,-0.7459843231937059,-0.25087045171485456,-0.6932606625916141,0.7612906114115564,-0.8080703204488128,0.8005777478081185,0.26256840511452423,0.636400668740863,1.0886677919249605,-0.10897368725648822,1.2106252276270058,-0.3632843530838273,-0.7973263134630426,-0.005259329207662737,-0.20316432673896145,-0.4709091249168779,-1.1638644106681801,-1.6996028627930806,-0.5604683693360728,0.40649937359929184,0.04019937327326075,-1.3046046854455822,-0.3072017474091238,-0.4147600561933133,-2.1461316567130804,0.21093366758577167,0.08349690186547393,-1.2446914819867332,1.284171029461004,-0.6317960758387433,-0.6731665036306564,1.9057342948032847,-0.26731644269437016,-0.8179778119398233,-0.3767268824333373,0.9772734296174856,-1.176935167171786,-0.4414451063896411,-0.896886157781755,-0.4899902259038465,0.5801739277772578,1.9166278747642689,-0.5938496721540658,-0.3573412657316013,-0.26521528239658043,-0.3966117190973236,-0.048278252647448644,1
1.4432159658658439,-1.162607644973861,-1.051625927756765,-0.2541826723878478,-0.7595110898587651,-0.47578223774480133,-2.0118048088786464,-0.2575232718802682,-0.18834025789928024,-1.5734679798858038,0.22182973860915123,0.6389942329622202,0.8920931264110826,-0.2193729049186076,-1.6141337974711671,0.9767291685444083,0.19265388744363013,-0.33286983768271594,0.7007558133988708,0.47990538238906416,-0.5744317722327044,0.16071767988040925,-0.8997003704988285,0.5119423932469599,0.815081104016508,1.2550951900147624,-0.22599641206987342,0.21827866100968546,0.24576228371884987,0.6897242824547416,-1.0239055088770184,-0.0747755126421873,0.2720781580211284,1.3282540008906787,0.022798340851294185,-0.5140111835622272,-0.08486257021144361,0.03357509617575736,1.5026097593507823,-0.9424565560123283,-0.9693226736823585,0.23427553720463304,-1.9590505214200018,0.3065207218139472,-1.3486997326268322,-1.126981047918794,0.4752139815956347,-1.466333799682705,-1.5806692367548474,1.6584084336968228,0.567273056330837,0.6535868359502113,-0.5923774158058067,1.3185685515347183,0.1914631310240837,-0.7290505782114062,1.1130779377051903,0
-0.6361949600408533,-0.7216304053455225,-0.3609250007454891,-1.1270999663153545,-1.0686835692409011,0.002546921468943455,-0.8080990690930824,0.025296369776345397,-3.118070513017329,0.3962043276030536,-0.5071025448353715,-0.2661992476087237,0.41434089131620283,2.1208505403514373,-1.4626787213085322,1.2043346844046792,-0.9410276287861562,1.0135544510822045,0.5682883342232279,0.3098025680334785,1.3383271403625165,-0.6354079692300523,1.6856564515632364,-1.2465262850252004,0.09671516206625667,-0.7344151000549577,-1.3038732950495397,-1.8994396313186972,1.1380432896538244,0.23465287903550558,2.6893172158334036,-1.599977116306402,-1.792449929564535,-0.37432384501027577,-1.4937361262997244,-1.3363348055244189,-0.48885760734525585,-0.8222830010910809,0.3619134280719475,-1.872637838892035,-0.38784399257908364,0.1643737802983463,0.09595110206192146,1.287131495013589,0.1764997520210295,-0.04014834946213225,-0.15469018787666572,0.47193767866829256,0.787923630591917,0.5913545366633034,0.726763681336852,0.24691601467993082,-0.11745208521012479,-0.8431014732277873,-0.6386544328168243,-1.7766033965082861,-0.7351765289199415,1
2.012551277829951,-0.590432993853772,0.1297336570650842,0.2551593963081719,0.7080684613217683,0.5629290970088673,0.34821530745995366,-0.48297553068090104,-0.3938717875215543,1.012512296683384,0.4184008382428777,1.1156968403066734,0.06626244783646058,-1.3085639331528414,-0.6851556004447763,-0.6239392024756688,1.0652039387079768,-2.6422338666264733,-0.10150729263532839,2.424107897015127,0.4646813525285604,-0.010852287303433362,-0.08773669797954935,-1.3540750612771353,0.49670704144223404,-0.3539519151768958,0.5448524427953213,-1.355470503264492,-1.9558925644778862,-0.8374129210229282,-0.6323775753184598,-0.2614777964553887,0.43408853772786987,-0.0890675088725859,-0.9168662391808156,-1.8642118777423176,-0.7737483302236843,0.3992347234206358,1.864376478609673,-0.48387506028035854,1.549171078728921,-0.48844110223296405,0.6440133826815343,-0.37225032064077035,-0.053820803585923865,0.6631714565759905,-2.4851891325928857,-0.6760965365590221,-0.6702165691201329,1.2081053278843912,0.1518841520561083,0.978235869721913,-0.030156566946343583,0.009598288530686132,0.2648747120842942,-0.03162445890329541,-0.4026994368903468,1
-0.7495760570279365,0.6214457118114285,1.4303909523859273,-0.9119581586316278,-0.11885336268900491,0.5343553286374954,0.4817425050132312,0.34946171970820145,0.40876669725755266,-1.5252178020398566,1.3002727838372505,0.3989220952687604,-0.877069192370795,-0.1954015193009724,-0.2782117175777187,0.7748899842271817,-1.3687362529328713,1.7812262692528822,0.18451463996843748,-1.7246295348094436,0.16958150517747622,0.1593185036118656,-0.07005755969961121,-1.5615242083433962,0.07124167256406976,-0.23880466484614912,-0.14196289749764474,-1.7676020192374202,1.380989310867574,0.3268277737341507,-0.8611469598796297,-1.4357868462197805,-0.6192429304791739,-0.6613337455221595,-1.6963545399141788,0.5335518611299698,-0.9353426020072901,-0.04773448447161207,-0.7095537145184228,-2.280908670296111,0.26135673243243807,-1.1542538456454425,-0.3670353307623157,0.22508337534110856,0.5015503118893104,-1.0874445834148228,0.8347537472026193,0.5257598043070609,-0.2536224751384936,1.6203987192564866,0.36505468569424965,0.5447460688155875,-1.1690090445941748,1.0677347672409565,0.6701265107261607,2.5276486786066132,-1.4294274193359338,1
1.3534998869451065,2.1690978539372563,-0.39624271470407735,1.439662575956403,-1.035390573215527,0.10686217110119306,0.2817683384741965,-0.6913932350863833,0.7134425631505732,0.6723774701056826,-0.20968947217676057,-1.0397736397738864,-0.7219408743239654,0.7375443815418344,0.0841730565075895,-0.4309520475506708,-1.308242414595247,-2.0210951973132074,0.3877210176554865,-0.020128257345215318,-1.1407515005801605,0.7645483163109267,-0.276183152577251,0.9147446272036871,-0.41554057836195407,-0.24468721031420756,0.1426264549770765,-0.790974104331185,0.5175630610245703,0.2673274827067091,-1.0947335317896143,-0.2687489384913089,1.7002788595837712,0.7317274585145919,0.35397625188048454,1.2486224622335191,-1.4544377546512028,-1.3205701421929037,-1.0693979829435434,1.3258971040638088,-0.5782899386053023,0.90140488250422,1.4697120692251988,-1.0700021118600889,2.247516412149264,0.9859648502848835,-0.4978740085265479,1.3183020952798563,-0.39787690831067535,1.1397966915331936,-0.7055600358175196,-0.4754643150802624,-0.9353466434020379,-1.1171140704360787,2.0931750742117936,1.9182183769801238,-0.05892659825367016,0
-0.43269005452864095,1.693624274366989,0.9629137449269519,-0.9473893032194685,0.09674281428747608,1.4661050876959525,0.7216772231951508,0.33503349149441375,1.1787389464424258,0.560719354842839,-0.16116303123860976,-0.07228729319213474,1.9127814322682573,-1.9543841741555819,-0.5792665586457598,-1.2385812109900856,-0.6055304118032507,1.0546818188658444,-0.8504588746955685,-0.5053787456456382,-0.8219606994679063,-0.6525508576728987,-0.6208085724343807,0.08931165481432034,-1.2846599956958284,-0.5542514996105294,2.3472689044815045,-0.8974424991466449,0.9322554265294409,0.6460387904322662,-1.0338951637439715,0.07009745149923909,1.4003213280479292,-0.3824034885107316,0.7461514078848053,1.588807856809868,0.6190618016644294,-2.3414048294976504,-0.2257725356190101,-0.04728611071528452,0.9446783563772629,-0.10914796762340072,1.2048315368714013,-0.051917271002501736,0.06643863296899086,0.749571803387604,-0.08002565785891733,0.22265971025233244,-0.8087353946764994,1.4878347750612888,-0.957954216615097,0.8958882604713759,0.931093158298648,0.9188414135945207,-0.3005954125793928,-1.2823481107656005,-1.4099895222428107,1
0.30561693404438706,-0.1955033834789743,-0.12627307733943982,0.2604864519374681,-1.8156163880348426,-0.1046441866668839,1.0509355827229165,3.401860554810503,0.735909987488622,3.5441033322084166,-0.5309181229551092,1.4571223637226085,0.4986073419760874,-1.2586477175967261,-0.5231796342412766,-0.9560836201227723,-0.2531724810257782,-0.41122520896373527,-1.5001262763518988,-2.956534062464197,-0.8172634435618941,-0.5352214435505629,0.7813482396844963,-0.4743810960363579,0.9186273040822526,0.4025442972869521,-1.027399155760733,-1.864830275559807,0.3977607432736053,-0.6322950787976135,-0.27786634204114413,0.23377377105329783,-1.3658854271753784,-0.7710991286459903,-0.5403285165898356,-1.823551533960501,-1.1832036560413086,0.08746982000712444,0.3102201144025837,0.20079642803263112,3.1158923285778064,-0.08840431192404516,0.9647071112037074,0.7478186761107821,-0.38215496481017347,0.23231891550694653,-1.6821041528164675,-0.842030943350473,0.09714550134687072,0.8850889139360444,-1.343259436384396,0.07775984851294125,0.0767596905093101,1.439098741430993,0.9689496058108577,-1.0831624768090717,0.25296001915584626,0
-0.3617588953319596,0.16324655088276802,0.1792669050034352,0.20134887847331806,2.1045687245424336,-1.2263590711313277,-1.0970025373851566,-0.3908801404911699,-0.921543773539133,-0.30250133463189344,0.02203252524009733,-0.15332446155592283,-0.2741621555349221,1.1499360673266403,-0.17908406510427716,-2.3961552838655242,-1.3150293378803737,0.11433530475603662,2.0422219609702963,0.3454530107415284,1.7036307811992537,-0.6754532370990518,0.7888649807227001,0.49721384833354143,0.8490947441647608,-0.677022464598996,1.4771516515953205,0.15114054211339145,1.8201704638292386,-1.1673455379965327,0.12960181893723197,-1.188009565089214,1.5928619128127195,1.3788187736355233,1.7667334505477104,-0.049465927761991,-1.9354737127596777,0.004534515095407207,0.17641319922345214,0.5921208280583223,-1.1715080715845747,-0.7504774159431326,0.7483014762946585,-0.9165490806937593,1.4478370396741818,0.3757282256745119,1.5162692211778397,-1.4057579302564984,-0.40933861988345305,-1.6781700274969333,1.3204238004743398,-1.3925623302693926,0.8975720154218527,1.2656201419143744,-0.31935639312705805,0.45356849297574914,1.9490642709703818,1
-0.07298068738233619,0.32561745655744156,0.6695867383145827,-1.9844808594467116,-0.8069751159855384,1.174626609806073,-0.3233104604744661,0.4744750141181413,0.5537307481307241,1.4423925090190777,0.16745573473385178,-0.7272322512257534,0.4159212232628216,1.8537365880702048,0.53828925712884,1.9266680747076053,-1.1381492219132583,1.3757344848378263,1.1850557770658097,0.553482196840117,-1.1510949572977076,0.6822171960368109,-0.21995056517841807,-0.3357442318433327,0.12288177543049938,-0.1707140822929334,0.2030706684025528,-1.3393759100022984,0.29854230025408046,-0.09587978238229738,-0.9143509418387763,-0.5067309609140865,1.6739915888282855,-0.26936049707399423,0.3256871197236083,0.456022291400539,0.020417602682883357,-0.6159888279535692,-1.3554451860360677,0.5501321556107482,-0.6208420324276199,-0.9247245356394063,0.6470137944389064,1.8197978900002845,1.12811094516228,0.5394830070285223,0.34578250312795994,-0.4105506242044978,-0.08979963745056439,-1.2596109304345988,1.0442790576725487,0.47954876669626223,1.8650424524630858,0.21583136505237466,-1.9485148918170736,0.7437252884331732,-0.4392301882235619,1
-0.31142072148755606,1.865108885032272,-1.4613882243738565,-1.3261238677382707,-1.1476620156195314,-1.1328195363740607,-1.5215783493794637,-0.8328776432660946,1.8100959407217643,-1.9036255502257566,0.027974769012344847,-1.4277439999628545,1.3287126377976748,1.3677812057202905,0.46407379278248734,-2.144820967983722,-0.4099701725321271,-0.2208137841723269,0.30309980504999906,0.7062577203722922,2.2807322113247177,-1.220378082918682,-0.03366950550199572,-0.012320581272298011,2.2577319584281574,-0.671309704253534,0.628167553559427,-0.9043648988115982,-1.7553606687540468,1.0495612917884933,-0.6631180205966188,-1.2998923621295901,-1.0426474516715218,-1.2541499025642697,1.6630293396468605,1.3272411416242373,-0.0008347663972285695,-0.8073941646019452,-0.2959785252512152,0.5689194213057241,-1.5272179099460534,-0.13483750694313848,0.9068453614511126,0.1597736606129542,-0.6171567773609605,0.7592158046266206,1.324530403392828,-0.2466902751456554,1.3641209416124713,1.2737349146966945,-1.293863267040252,0.022581897735763842,-0.5635003144534281,3.4380794418380836,-1.352947709673317,-0.06998159853438239,0.11859915096334593,0
-0.5452121330486759,-0.47057864134116806,-0.540588953229018,0.37540431566678306,-0.3341703676796167,-0.1695044361167298,-0.7895332766958975,1.1846174856759375,-0.39449232933425343,-0.4327178951178289,-1.4447245573692378,1.2450302421149748,-0.9815880451094698,-1.3419839708478645,-1.3017484543827098,-0.7381142440653081,-0.34935389160944874,1.7773868608169054,-0.28374243255836507,-0.6051903747857472,0.030851417633017048,1.1160906803683082,1.9272388422472342,-0.3074586452530348,-0.11063481274912038,0.3766268870397993,-0.4772744589679001,0.9578166268324493,-2.1337263353588507,0.6781045264643385,-0.3128886876601378,0.7319585326512774,1.432520381161676,-1.0127282713574643,-1.044683355571744,-1.185896415158686,0.62263739579467,-0.6000197693264553,-0.9161350043535431,-0.10659540540985062,-0.7956508051538392,-0.8321967212934918,0.9910505890883593,0.08799037356764272,-0.8648603584114518,-0.5594044304605191,0.4725193232101505,-0.24538466086458524,1.5243028655248558,0.115913312747878,-0.19433487745170144,0.20975236064149175,-0.7855717854983447,0.44804988120952405,1.1886881384028987,-0.4218216252054519,-1.426041957661142,0
-1.1798870113336617,-0.699980057707538,-0.3571093815876422,1.3517405634644568,-1.2486622010123993,0.360769386961295,1.263373676430658,0.5334427159583369,-0.9516124547601426,1.4959723568051488,-0.4535028179921034,-0.9122681294742269,1.0934942953384525,1.019404609239194,0.4028793295899345,0.3162046096329473,0.5648844456750258,0.9275353827006801,-1.7440527455007429,-0.7707776732150834,-0.6142132851182832,-2.5608707512817364,-0.7378569963138151,0.24413983808177883,0.6749183681839054,0.0492487540324096,-0.10084543114422297,-0.15613328872373491,-0.42143370267182956,-0.2805107481546286,-1.6740767389390903,0.23633474264036922,-1.1270972620065909,0.31724140564092024,-1.0426921954065043,-2.221472481492365,1.4040232382957691,-0.07910394188495665,-1.5085451751938523,2.011341013414713,0.6061909110394406,-0.9518499531082733,-0.8641122847915261,1.0262535309954333,-0.5891891184225992,-0.5018674805205197,-1.2697903302135258,-1.8073410440567954,1.0686544253494965,0.9380314400264091,-1.418304732249984,-1.713451722042403,0.3500800561259922,0.12421099119183882,2.649017291965354,-1.3569051704202046,0.6752829061498586,0
0.6925522400246064,-2.850468373710647,-0.3122504384237011,-0.09162851233515791,1.943552226626221,0.7431178252089047,0.12264107811988283,1.9081262616711223,0.6482485686036378,0.6387251515807086,2.2176520032773777,-0.5581798632517299,0.14891410534863625,0.5382746059461293,0.44925645436177664,-1.6338893278809414,-0.8513058193236231,-0.6889894029802959,-0.16891136375651228,-1.0120230953517833,0.27588407595255926,-1.1408133629294521,0.5672766479142038,0.4214671275843027,1.396689505740175,-0.7138272247498062,1.2470960896583054,-0.8918282723427209,-0.03834794162848621,-2.037139187251926,0.8681357779166825,0.31766121137877645,-0.3048346296517835,-0.03597384529055022,-1.7054099189846688,-1.048683986898512,0.06560210691110004,0.6358094591275766,1.7545284347801522,1.7269990388943728,-0.24642035355457412,0.09053253461200364,0.2676863706447135,0.17994140671151962,-1.0385924047361523,-0.6828103972608123,-0.8724356569346314,-1.3419485726599416,0.5825606778111567,0.44914835959917804,0.45508405259053786,-0.14526652522560565,-1.3139591287744201,0.49712069343727977,-1.4606357667328556,-1.5680407545909019,-0.7989794037621938,0
1.504407052727734,1.5255031812905049,-0.45153124709081005,-0.23036387150943438,-1.760676837220009,0.8207350093531278,0.5640252878258044,0.38695489217664497,-1.3322950306045471,0.7308848362136202,-1.8374237677332117,-0.6855937509766769,0.9663624302046403,1.557247404955973,-1.2481115057196694,1.135533056223915,-1.15244436687098,0.08900132044247573,2.774126952488006,-1.109659506931059,1.7389511153694468,1.58428952421773,-0.039922548004514204,-1.5064499786064147,-0.4678824709112983,-1.484211501338862,-0.030766852314972486,-1.4585570895137263,0.06404967383755732,-0.7728561547096464,0.6545788973554693,-2.3826625343291634,0.3726019949206004,-0.5761695914471012,-1.617517585008342,0.8711319532608557,1.3155933538570055,0.5902302936799216,0.4014625323979756,1.067401001857867,0.34992132846485,0.08355855657088818,-0.26059317317244013,-0.624008314152302,0.9020505448970819,-1.079895705995942,1.4755432244459483,0.8977428282216047,-0.04795045567855167,-0.07476435661349555,1.0965010165181992,0.13379244174253316,0.4555431463223769,0.3523607567448775,0.4599713398264103,-0.11804592652131672,0.18351112702071876,1
0.6883842895300589,-0.48809095357595017,0.6218347670690165,-1.069103480774734,-0.41922435449827206,0.006132583154507805,1.0251388090715137,-1.133283909905175,-0.30210226435237564,2.3820903367453448,0.3608504284026334,0.5568832686307327,0.7200184992520341,-0.5531259508202212,0.08340963333376111,1.3591897292998034,-0.5483385145702021,0.4541483609203798,-0.3805929215793655,-0.2874397648246773,-1.0036272713302001,0.5306323372315462,-0.3086180469556387,-0.5065792102914818,0.2878040097245657,-1.4447166263245954,0.04206604781322836,-0.3832513256342558,-0.2192154572301071,-0.9074311984287499,1.2247001588738515,1.7137635283817598,-0.19992811626274065,1.4056155320219674,-0.7599033616608385,0.21621015170231905,-0.06089163476052766,-0.34023758843277396,1.2103951712806986,0.3009492058660578,-1.8812536820800494,1.3258726830339396,-1.0733268820322563,-0.335719329416221,0.19491471883813347,0.3276395685993025,-0.8006299775783664,0.11781414460898867,0.2950660066989807,0.7429893257251768,1.275735859778165,1.83931268216301,-0.0386613068380625,0.2842673602982554,-0.16178188096556298,-2.3787558038837053,-0.565034693910389,0
-0.9097800618657097,-1.205925978599589,-1.7454654976011232,1.554605611933865,-0.06408149444169103,-0.4540003460910826,-0.5820783882105212,-0.8130445296694897,-0.9410130759985228,0.37732717419197176,1.6028456188000035,-2.086313049329499,-0.16557778737555284,2.0778018015347905,1.4701713718660134,0.1525846505380066,2.300858931763884,0.07546536534046136,2.128040367519701,0.5151036123174,-2.6827005694038775,-0.6856924995445028,0.41081142793243364,0.7403196277720365,-0.35749306799265906,1.4774763616981545,-0.5081499688886638,1.0837785116799705,1.9822067658497764,1.5243798701922857,0.8130514764834096,-0.9700071120089834,1.5061680366838213,1.999276790263964,-0.8727494873969237,0.6449353130372156,0.31843115332757455,0.7721300808512179,0.7420155144906574,-0.13796919634161608,-0.2764404133479734,-1.2910017419264341,1.3802528093928699,-1.8036336641206772,-1.152394361502744,0.34556783620243936,0.37900262545163876,0.16105996875853806,-2.589208135749282,-1.0070500704818306,-0.20788552724429035,-0.19620558620665002,1.437200483390127,-0.8691215802859602,0.5101045868728735,-0.27202991693428474,2.6039873288870083,0
-1.2462938558408545,-1.0587716279525656,0.29515598458941356,-0.5234776693745153,-0.027854289119993044,0.9683729799896164,0.018170934822884097,0.30890356948770054,-0.3399364573632012,0.6353186355501866,1.9519741886730653,-0.5227358527108081,-0.7364500815213393,-0.6634830888098984,-2.065515372321488,-1.0496437061614783,-1.4425783971314885,0.8237831155957844,0.47810267406571033,-0.1283010009686551,1.148495894945422,-1.2903348633393334,-1.150871881688818,-0.9648505112821524,0.33146162679857694,-1.7414319931553286,0.8796628878521702,-2.1428081342276926,1.2494315670261829,0.16282755304503807,-0.8864783081592587,0.7611028247074777,-0.4020234567208462,0.2476874737297146,-1.9612038218319385,1.1863808400975129,-0.6035804850973335,-1.0312363726751372,1.2827030051804875,0.13670666237292295,-0.6453229152758043,-0.2116879069848692,-0.39907159922736074,0.026543860705904563,0.7011965870573538,-0.977729718250897,-1.2340803430217206,-0.09926405248251739,-1.3651007097455135,1.6422500508872158,-0.7113273070728894,0.531305047979626,2.1353923923763665,0.10871955260518289,-0.9190706821674862,-0.7359940470290165,-0.7543582071421062,1
-1.0928242450043624,0.4420772436864795,0.6613799238148955,0.1498857739415708,-0.4205622705784165,-0.12288252754636772,0.7012019895640528,0.6556977816652441,-1.4235728481285108,0.730068340919753,-0.43632883373437076,-0.1814237550451733,-0.14120200329433327,0.3595938058914586,-0.5315346461221546,0.1568011885574101,-0.3715945348694242,0.1706286774853481,0.10438694694404076,0.05693818256237612,1.0907296381307894,-0.5874006291792909,-0.2396377102148648,-1.171193517143241,-1.051458389409505,-1.3290221139898049,-1.2568059790832165,-0.7126991318319847,2.0244557223226614,0.7739383833624705,1.8906717280636751,-0.950911447700113,-0.6503372182970012,0.24766028602604445,0.8872535202430606,0.17742073551835408,-1.235032547670108,-0.9170034808333646,0.20652063554782793,-0.2674193583977595,-1.4191061793213626,-0.7812596336832724,0.3024694179502809,0.0589127670792177,1.83701946082171,-1.1959243881488282,0.7683600174483157,1.0449433355377766,0.18324850668623327,0.5466873890665809,0.23473566148402258,-0.33887838079054333,-0.32544537672673135,-0.8352742222965872,-0.8092197226106798,0.20378944429341175,-0.3739014474051745,1
1.2775189834717036,0.8188941005728382,0.9268651162184274,0.11432692545422296,-0.8018131619857471,0.9768743427116597,-0.3554838780500344,-0.9335806980141386,0.8187673686617485,-0.0720466783815048,-0.7457780012024396,-0.20758680758255812,-0.07218593562966576,0.8666125903736546,0.3368678986385193,-0.5623938115172864,0.009119112911240934,0.5927671750727644,-0.8696757412458723,-0.37085566208267884,-0.4430306751309498,-0.9983308794890887,1.4504525593177737,-0.07647768675843515,0.7828204980827632,0.944642317590267,-0.761859427951464,-1.0909548410573,0.9571547963339223,0.1147095032174264,0.1983065276565419,0.5523452346635298,-0.4430527640882602,0.3823750418967741,0.7674857713627902,0.5693142775139094,0.9307968349981689,0.5321432963746011,-0.1346125965036194,-0.3906866974793741,0.5680633930224981,0.42362713125066936,-0.48037476257669387,-0.37144554332861957,0.7465140095845892,0.5824043529923415,-0.15551807659969036,-0.488867412466433,0.43906074715156196,1.7964967013614255,0.38690763126570493,-1.0132337476285151,-1.6483613852667427,0.4096319545623502,0.9958866264896556,-0.2236463312925737,0.7336426173580424,0
-2.2585477212726857,-0.6761712734752717,1.6432804846600055,-0.7587138273423721,0.5224027182075109,-0.98802791496815,0.03936701962906127,0.22193938361982782,-1.6044449456717536,-1.026900631698166,0.7725702263474956,-0.03944283366319727,-0.07454162838566288,0.27075049285368,-0.15993756989608426,0.18539472906783883,0.6293469750628556,-0.4600247402967609,-1.4711049430108774,-0.6847719084270263,-0.13423958125524071,1.4357583240580658,0.3275953739696684,1.3979700220579383,0.1706287889565427,1.1746152342615093,-0.9448865277799448,1.5332526313521988,-0.5240297992402986,-0.6302748623067818,-0.8447453743022509,0.7250126514884866,-0.9174485938433732,1.8335558252811899,1.6723843466720836,-1.9467949685673864,-2.8225019063532066,0.03300544687758708,-1.4484550956426867,-1.421572280676264,0.3969947099220038,1.0140116391811125,0.3500344027295059,-0.08241924928310113,0.575401373279677,0.3926325965691001,-1.6748927393188717,1.1942377710178955,0.36870793266846136,0.24120963569156653,-0.14931624563382992,1.073842199001016,-0.2573851304878894,-2.8844288236409454,1.6161913726421517,0.0027261506277599565,-0.6253687100153773,1
-2.536548560697855,-0.7202073358040978,0.8818136864195089,0.04222799074586085,1.3740745330052273,-1.3181370790080293,-0.49179035423378475,1.5712880496754718,-0.6230911154566664,0.05767145508968774,-1.0844375806508209,1.2811954369114529,-1.6233565027185182,0.4580776679520317,-0.4525162019000059,-0.14530713162045467,-0.2393725192568087,1.3640476912572406,-0.01624829226409279,-0.4865102407954099,-1.2207062198918672,-0.840162827187721,-1.5948039193061223,0.09879350895882645,0.2617473862373482,1.6313791818561545,-0.837123982525742,0.951322927585627,-1.2787644255181758,0.7190397332946838,1.692142787532058,0.38816470265484043,0.39894631159511806,0.9156864253670972,-1.8253446058342435,-0.5138322022686773,-1.3497281548459075,0.07571707595155823,-0.705777212472682,1.0822103895920168,0.8525728742967057,0.5346118099242485,1.1906013158341349,0.23729280046001872,-0.8103088915443962,-0.2538847841743701,-1.654135546222745,0.7382453394179783,0.5094552853027902,-0.47951576504674953,-0.462491114896701,1.863866502756314,0.5329489720825948,-0.606499398607147,-0.24714734376649472,-1.4632710652882002,0.24228333221240947,0
-0.7030329556122177,0.32699032685884183,-0.36455423444152435,1.5331639396385992,0.6102599676901661,-0.1470889525294578,1.1318314379384897,0.0638034508183092,-0.762728615634743,-1.0086024257976043,-0.2542311900887356,0.9940873616299345,1.1409966275273904,0.5593522484551253,-0.756759942948172,0.31270740016255544,0.0631696817155574,0.8756900633948317,0.5173840724544545,0.9147997488297741,-1.7609135371583107,-1.6268645949977882,1.1638021693249123,-1.4527738088492705,-0.04117649698897788,-0.09722038095552338,-0.45269983312100315,0.5263711123031929,-1.6879232529328903,0.5149757924945972,-0.7987115026323703,0.02757758722574237,1.8908075476668265,0.21154976028273884,-0.4106589276184758,-0.1937220011266485,1.8055939956116924,-1.6591207051454917,-1.139868207931698,1.7012267529733334,0.41364460808154113,-0.8546247515755921,0.36117427483604325,-0.19822010944649704,-0.7119617654028995,0.2824528965908208,0.6465717114294672,-0.9883707403556983,0.6051868216800252,-1.0461801899564047,0.9079690138590518,1.0427430849739072,-0.944199876775619,0.05678268139318287,-0.8046471104572753,1.1236581724896502,0.5076821811239027,0
-1.3456385320167241,0.07786784669771096,-0.5559613867715968,1.3521880691672816,-0.9390850303841833,1.1415712354790233,-1.0940520853653426,0.4631831817317056,0.9590021846035689,-1.065518769083259,-1.3033026415863245,-0.11549554458436254,-1.0284498569132705,-0.7742939423330877,0.5191785240239897,-0.020661897715542846,-1.2229685327960378,-0.23053317008937732,-1.1981992507616903,0.8682350886500413,-1.1919446647757095,-0.6294075448725045,2.100002953331989,-0.8335740962284962,0.49596687736462886,0.42424939783296794,-0.19890660873963664,1.1297271225859469,-0.43206548207419965,1.4344121575742814,-0.2524837095961864,0.008683466074514277,-0.835254456714933,-0.04313237351355731,0.2437867704006895,-0.088427541336636,1.2811346356299154,-2.9842402052722945,-2.2803379344878025,1.8768788798178764,0.4780676179464033,-0.23136114843005542,-0.40844293511145474,-0.8569474600348785,0.004327919421997601,0.34295519369584027,-1.5883146012105458,-2.464483819668559,1.677145906959903,-0.8248329091020158,-1.3353092939029263,-0.5706731162367289,-0.30239168189364873,0.4533184944593877,0.8286504866958345,-0.41979575920757856,-0.8457580447611265,0
-1.1160087584262148,0.9886937192083104,0.18827999601741072,0.08306780413086182,-0.9314183911638736,0.39883742108311443,0.059598821086003444,0.4467599607424465,-1.0550968604545907,1.277684023286764,-1.2453128227750794,0.5934895050882052,-0.30666097894486694,0.2564497574289758,-0.026823572683585917,-0.9835817379123519,0.06622656052396249,0.5888041205730352,-1.7509321052521454,-0.8373188189518891,-0.717291277154357,-1.1043062628651663,0.32951391724702533,0.5007389454213825,0.9084017245497419,0.07738307562482741,-0.49593661641037745,-0.12383892996585978,-0.4715507051237857,1.0893257494964697,-1.0494952100917576,1.2594655662773093,-2.475263778829536,-0.20554686547582868,-0.023507812109690895,0.32868615217947234,0.0941154691325423,0.24601002994977644,-1.5089482959864222,0.553791704822319,-0.44594278426119427,0.23898924336408284,-0.265832002534248,0.6862330766690846,0.7805596578691494,-0.7641609644111055,-0.637274674543783,-0.6502870312345199,0.9666441975170986,0.7160601479206878,-1.3471050528838948,-1.1305277615274478,0.36738957041183945,1.858403303129988,2.1789191862323594,-1.014376526652615,0.6456684322628566,0
0.43154938043317825,0.5993929127836868,-0.0077717167487521294,-0.7730565792686738,1.1718272074708291,0.15650144586958234,0.30499810139877476,0.8612423031418659,0.6566505207187495,-1.4335202514266443,-1.7134815326360564,0.7268779286213821,-1.2456386163175142,0.5015231564861066,0.2265446881369513,-1.5745088983072322,-0.2211143965730759,0.5326766440260114,1.1806044309068078,-0.04962681121676048,-0.0635977635150611,1.9844932572907426,-0.6849475781429716,-0.36838764252503986,-2.656939125564441,-0.9104662956715334,0.15564604848362817,0.23816962885941986,-0.33952180949490535,0.23484099320415186,-0.6513296046931691,-0.7365994689881848,0.04814180766089637,0.16465029648817392,-0.12601919052326677,0.8438374988129195,-0.4372937861192785,0.731767811479619,-0.8254903113481785,-1.0779283095324677,-0.9347243245265747,-2.6238736430716525,1.9607136541776693,0.5101690527531169,-0.6787861792528667,2.3748293906078546,0.09661594935918133,0.316227723187073,-0.2502447660071235,0.5873269035379098,0.01082067698061307,-0.3548588584818416,0.7111543088398545,-1.516084945272015,-0.4462950542511583,-2.071122092556657,0.37959277747877984,0
-0.828448328992417,-1.3315521356070454,-1.5329731006605765,1.8262973316470579,-0.7138102441936336,-0.60893680028196,1.107587461364833,0.4452085601866252,-1.6795167497498926,-0.9096302334531925,1.3558397968208973,0.37898173966385235,1.0280607254584488,-2.222414018458671,0.02981421550835637,-1.3201714352573906,1.2945362869714718,-0.660778596058226,-0.21986440491326162,0.5884824332985996,-0.3510045181055132,0.4814913349444495,-1.0471516898810784,-0.6024192300825357,0.4385350663889279,-1.79414203995278,1.1632702470350782,1.181792141895732,0.5534749572699494,-1.5278190011163968,1.9324093420408244,-0.8538659306060545,-1.2536118142336174,-0.9130222126078278,-1.1631549092551827,-1.2773223164416403,-0.39906174623127544,1.8896884521945196,1.0436601957138334,1.1662230128189583,-0.10042707487070343,1.3513480206941373,0.18344912423221937,-2.526677275222692,-1.4183555282373117,0.9725014446560636,0.15212464550569813,0.48107460474244884,0.21246184051977832,-0.1541240539240054,-1.2393306519641438,-1.0201368623242193,-0.3924882194177774,-0.5981837535882709,1.1336671818942843,0.10097652231664797,-0.028356641802784445,1
-0.8795139844659302,0.12849621965688848,1.237175107929173,1.2879799205287312,1.5400134796809841,2.1385460319893674,2.7475488646591524,-2.407278735826542,-0.05869621545940698,-0.3966794883172686,0.5411720244875889,2.3414325784025256,-2.2257108892605113,1.9625238317327212,0.3697089867298994,0.47428774554862024,1.3834924316951709,-0.5833989767146516,-0.7164315021004496,0.3820016478668691,-0.07154159243830283,0.7771337787608535,0.1472764112232572,2.1670651205275666,-1.5584421059496565,1.6565746464574589,0.7143808288788335,0.12468893248721719,1.160888714660546,-1.5327076975469704,-1.126865724544622,-0.41278732529026346,0.22911009677444188,0.9334664312396816,1.989448524514838,0.4449195043745456,0.6754791115637204,1.630250128037577,1.6771204548737908,0.4251168027936418,-0.6420259855777294,-0.8107280939825842,0.3121128030358689,-2.4211296569403267,1.7279521345385367,1.6199560293051722,0.6585621155370793,-0.8451270962450759,-0.7178526938820473,0.0694508077956137,-1.1860048922306026,-1.3762240163491553,0.15153260013789152,-0.2609862190479414,-1.2852696223457694,0.23054053700100247,2.7471922828949453,0
0.27632091690156935,0.6508245331642047,1.6488260761051852,0.36075254171848725,0.9064113256479072,-0.10228101028370844,1.2155735198104989,0.4912464167167034,1.0222108536814323,-1.924177773074618,-0.5869236255700585,0.5149206238652777,0.2542974630904702,-0.36439901498811056,0.04220821854738859,0.5527174623443855,0.6419634046812459,0.24936390276979228,-0.5215619741566476,-0.055022991673731654,1.0714225906173211,0.7039642735410354,0.3673747544226217,1.977974703786227,-1.3144887295954129,-1.0854671962203388,0.9645522696395089,0.7709450642914581,-1.1629656684369412,-0.9940474769670125,-1.873016530854189,-0.7299916805966512,1.3226547470399284,0.366307944909977,1.3604603676550702,-0.6927738579717809,-0.17720008182125976,2.3504426098025246,-0.9094931115482178,-0.8008346549483721,0.7746391217967268,-1.8629520189205069,0.6167126046412672,-0.7765730684165709,-0.9238504092519921,2.2436421318016295,1.9397662099723614,0.7717842002691275,0.3492832747846674,0.15245767354970757,0.5088662095608059,-1.673452798291723,-0.3474052255458848,-1.482436980359557,-0.22302207966977847,0.8238527640641061,1.6859666852524204,0
0.6901808594328561,-0.2760176006431005,0.6762381643075166,-0.6030177987439539,-0.9245305137609895,0.9428350840075066,0.8808488408152405,1.089779023301138,0.606991047546912,0.39791756597449024,-0.8202184577449909,0.0033122052976136997,0.18635939169112142,0.8492667947912229,0.6437661492666088,1.5566561313344445,-0.3090748720250084,0.3507749428176152,0.609828851241749,0.04905837626308924,-0.1366867100746974,-2.1089425574587324,-0.5612687893578537,-0.44415731252555724,0.6399801958507648,-0.24646619127681477,-1.2769494342173513,-1.0134416264076336,1.0590287140633448,1.275291414515481,0.5572500987889091,-0.3240637674778725,1.415002044428476,-0.5385307143571954,0.49767897892587104,0.6448611901652188,0.42924411544747093,0.6946062255664724,0.28679432914302805,-0.3328991374163504,-0.5952126998824835,-0.2278497830627014,-1.7085319570837985,-0.02571709978631797,-1.247716454777545,0.39292018917597443,-0.08013024417918345,-0.8749558436006379,-0.6868615558825456,0.48704849123288235,-0.3026242626640566,1.2153035456898922,0.2749274060339573,0.19423199540421748,-0.2939701845029022,0.14769204644631712,0.6586276027305106,0
-0.655962954519326,1.0945356199378764,-0.6105731037736163,0.13447119172118474,0.7425318326182384,0.5764257286342546,0.017657663510744423,-1.1741655488399902,-0.19762825032404419,-0.24101406294026456,0.2751404174601256,-0.6608373124059944,0.6697971580886343,1.8454673873776868,-0.7764235625592093,0.8025027294568842,0.8503559329690098,0.21137980943167012,0.0027069491815895283,1.2472543056538972,1.4025746526354754,-1.1338502577561038,-0.2986112733184903,0.6781322069296004,0.9579735508717325,-1.7938465541083473,0.018565041063498374,-1.3316798458049715,-2.026806482042282,0.3136062060818196,-0.542267068434419,-0.19633779933533219,0.6007246361452128,2.122205217140607,-0.02819554220514816,0.4738582645033376,0.5525733250512944,-0.9116553011857412,-0.12345656500054103,1.3031434022107728,-0.08705007283887804,-1.3969238394956938,0.29741982328860944,-0.24103690443160708,-0.5886683731382367,0.5118676846421613,-0.6009048221748192,-0.9914089272983538,-0.9569052180883981,1.4197353114044533,-2.037178725653453,-1.2057313168083494,-0.02965136217068715,0.8969186896928258,-1.0164433749866544,-0.8620890270298033,-0.5773219673870957,0
0.0435425917613931,-0.8688789124036894,0.015555658405095136,0.8508881948575624,0.44128382666039134,-0.2189691383746879,-0.5440955865534836,0.8162956511763634,-1.9777075782150155,-0.5942837639215787,0.20825933115163853,0.4406808916856794,-0.7475680202575681,0.11792961919180578,0.7397056290309205,-0.3466636753571995,-1.7296094208708155,1.3204825607922421,-0.11647729692190717,0.6977774233445591,-1.862040662557869,0.3588461444471468,0.45230548252009345,-1.3871912711162264,0.16445291973950005,-0.21428763011098445,-1.2050952843846359,0.6526481145882466,-0.31921369994127463,0.25329087159080554,0.19661442080877228,0.30801492187933294,-0.6794035159921176,-0.7707108204491094,-0.95566053470747,-1.2780896909493524,-0.9505826712220525,-1.2085759159845633,-1.3717366152033066,-0.11795019344987968,-0.06219211339522793,-0.31531228694134306,1.0462913339463686,0.04214988047873942,-0.17960407242034931,-0.01605564503873372,-1.028798172076936,-0.1412953906372955,-0.8280420475065792,-0.20986116300076516,0.8469813957746576,1.006157743515285,-0.49093267667862645,-2.7278638001726865,0.26492663211810996,-1.3122281570698937,0.6660523138641303,0
0.05893192507814126,-0.5022732952534734,-0.3854149538140171,-1.0330752890034745,-1.170172406587278,-1.9048858855564776,0.7708380327446444,-0.22886672983279954,-0.5053193532568709,-0.4291692086725107,-0.14430924911334375,0.8915007921325562,1.3236809750006788,1.0966943081132692,-0.3762889445177019,1.0199597649640637,-1.7112985813494401,-0.38956524853425845,0.4337727724771844,-0.43801419727096497,-0.14236077405867037,1.0084783073962722,1.05674945115342,-1.6056705115944665,1.3469897490456517,1.2393668956119834,1.0832402795236906,-0.29767304327849775,1.4691055816298446,0.7415222326215738,-0.6487051498879282,0.23260193911486174,-0.4200125644148487,0.2887064216171666,1.0908123716507714,-1.378965010235539,-0.22091721499614347,1.113286833934131,-0.19587668898772675,0.39364302296951587,-1.3502945354380291,-0.8693611502088672,-0.09905437095211742,0.27616411564798277,-0.5625832038848968,0.8514768589912681,0.3891582117085498,0.013142897674589262,-0.0540180638700141,0.28015412170405657,0.4057467432846394,0.8296790821593462,1.0624171155569013,0.6703271328262204,-0.6876146392930922,-0.4191243093437198,0.24760148826098208,1
-0.4592713043830376,-0.9347874312667304,-0.6882877460963306,-1.2984165640742031,1.1160430732259052,-0.5196968597893837,-0.13050961400579067,0.6082086438644744,0.027328567719134528,0.11223695213042312,-1.7838951853874054,0.32199784353632227,-0.4997632949415986,0.027289412492180788,-1.929693736804653,-1.195050221564028,0.3264077333172478,1.7330556234884256,0.3822380206520318,0.9904662006905388,-1.0487864276127454,0.49870785553427555,0.7384621272998697,0.25388168550369844,1.3874943615258335,1.1639727490434901,0.7196566605295281,1.8041964108014692,0.4607423010486161,0.2613456724193633,-0.6312940150397996,-0.5661556699848851,-1.2449476549021548,-0.3587940929613051,-0.2444458065495711,-1.0387855786826585,1.2054076481626184,-0.10912903397743148,-0.20871956125956131,-1.2054316469985809,0.3639758870457825,1.4481358540168887,-0.4750828755302099,-0.24567692414429917,-0.4227039225477012,-0.5821347225719918,-0.38952188630214696,-0.023903896501277177,0.9630222036962247,0.8258184852970234,0.37017809573079064,1.0420922644968587,-0.0831650164100096,-1.0852806634384964,1.1238040382322407,-0.12238184494005448,0.4359582123047091,0
-0.23788322443561985,0.3756808430577051,0.532551244138761,-0.5413408286383755,-0.3420375141223292,0.5828876155291804,0.7435577284104403,0.738519118071413,0.7077363245052188,0.13948362065248515,-1.0351784554558385,0.5863932935829177,-1.0060609996875147,-0.2198234208716853,-1.1751118307970043,0.12190858593918613,-0.1681587680972764,0.4288228985940267,0.08826032199712897,0.17527912017083785,-0.9538305293408031,-0.7654878011696588,1.494570077073332,-0.16853530362960403,-0.5333323774770236,-0.20977420890200996,0.48286051173696387,0.18980308713505567,-0.15088984532045738,1.423088528388143,0.34146415922787426,-0.10992116653094189,-1.1353604272467603,1.4244072475431389,-0.5786500705685048,0.7276963058968585,-0.46663360786328356,-0.517485783777136,-0.6205054413027183,0.7021636219947067,0.15919857919749378,0.3878945389857948,-0.32720340568224754,0.8001873264698344,0.6834188084675501,-0.8142682213867397,-0.6135728742486228,-0.2812201308757638,0.9439497126647487,-0.9856573961107752,0.8207098174993297,0.15149446528983973,0.5256554394179005,0.46377972719226196,0.21726647668650603,-0.7200294436485198,0.3091635472900242,0
-2.118691686264732,0.09208574300619655,1.6513316332651287,-1.2679804987587842,-0.5706043645755129,0.6863962894868566,-0.3833842021287868,-0.5605757259618277,-0.18793050980450088,0.5100862788254048,0.5802091548853312,-0.49313990775497885,0.5252682634192579,1.492959618759316,-0.2444203766412029,-0.2873772004234361,-0.7788456674510844,0.0045355050099968545,0.36373394742516313,0.14289612882596592,-1.685507078752035,0.9792352100060414,-0.1980049562633336,-1.138783664530069,0.2572619911675661,-0.17910258845261856,0.27495328719202294,-1.372770694300194,1.5563748882879935,1.058480719396108,-0.7923187936990792,-0.530255518491684,1.0203505358893694,-1.1561551277972268,0.3945184603894505,1.5408073272366047,1.6497936865067473,-0.32280508668255575,-0.18861664014478788,-1.012342352411806,-0.6073541436635366,-1.6428392243866476,-0.6176857925397985,-0.411411094737309,0.01982827921278719,-0.05023438755280175,0.5214295983573827,0.1343185200291444,-0.31467758699072634,1.8688990389005442,-0.8354046473170984,1.3276967260708101,0.49518651437660327,0.8798642655367129,-0.9958396491720941,-1.1700274095513514,-1.3282381816015247,1
0.0868881745800273,0.028709364204585013,-0.4567878450491461,-0.7364703539443029,0.32022945244177553,-0.2656143611623453,-1.6934890683427004,-1.556431039871312,0.6606255482531767,0.8017737453756613,0.8188626528838603,-0.5567450144704604,1.5550176365674362,-0.695810904276757,0.9057390824379091,1.0769090790217961,1.2523075381627835,-0.21712786596760794,-1.1430854298432644,0.3261273780787177,-0.372053710419521,2.3244623927332615,1.5711100719603492,1.9245192699415368,0.1571494950836517,-0.9542171221383728,0.34012416596740686,2.142167115923657,0.2487493016622364,0.6466954218905202,1.6628203630306428,0.7063542803961197,0.5452161642572065,1.6434136243178004,0.5509070304502294,0.8566673496682392,0.3026186505535038,0.9196672143292997,-0.2985862474511281,-3.0666279910933945,1.3988821412450296,-0.39568154055632376,-0.43293953780164895,-1.0257248105098227,-2.5922461738836478,0.012021104217095627,1.1131626642941332,0.7935617778442152,0.8301616212629694,-0.31580471942687816,-3.1269649091528993,1.2950700252547798,-0.448566344070537,-0.8032996414379501,1.1215768556247947,0.446515264900304,-0.8440788430084467,0
-1.43630373861129,-0.7768285445308672,1.9413316708081347,0.3066917438375253,0.31050914708363986,-0.8833715492411454,0.6507064454192208,0.5316236553339095,-0.029084177087984327,1.790464250518051,-0.006473373051868726,1.2000787689731078,0.542827542768359,-0.4690606487678685,2.032151765766413,0.022064585264451188,-1.5489244689461459,-0.6322594179307869,-2.6331743303860127,0.5444702120757227,0.2731564258966593,0.2887144058849636,0.3748555778948353,-1.5548888467723538,1.392659087837702,1.0330117788908872,-0.2772233968669613,0.6041073888993037,-1.3144884324996908,1.3571303921857207,0.614258702608093,1.3011150494859482,-0.7800888299306388,0.6092683682776505,0.8435390369035719,-1.6059665437184427,-1.6460923829678535,-0.4157577685900703,-2.7217842267617725,1.0707754963469276,-1.7373419554294116,-1.4061605124330538,1.1589261354511124,1.7716634204950579,1.1092594261359432,0.6966026648459129,-0.7561466250662314,0.3856679315894393,1.970794308457993,-1.5042910151056024,1.356380354554195,0.04634445618253795,0.6965673793252181,-1.284695608444935,-0.38671764969878414,0.08713347855453306,0.9393795946086144,1
0.14699108642232092,-0.4700448251562584,1.8294586354869826,0.39286567533700195,0.13084861168383702,-1.2917577663695532,1.1452716413779438,1.2942796573793498,-0.615477583692106,-0.5011203822944104,0.7670781024377817,1.0330158969627101,-1.7459323503719315,0.9267609410287565,-1.1353107831628841,1.8013006778590497,0.2642958488707203,1.4585800957707304,1.1498309219985627,0.7822209116949058,-0.8427846574528473,0.5470257221308715,-1.9525953356174612,-1.5752701073741717,-0.48701120195942904,0.8200749520167243,-2.8223437859485285,-0.5971992495113524,0.2895417111076762,0.4414301034229154,0.8703702393718876,0.1955475611838592,0.45961287213947966,-0.8788933795607612,-2.1988796914745032,-0.23119780612162044,-0.4250966777326253,-0.38310721221724464,-0.8109151884892193,-0.9242333179361305,0.495902753623439,-0.12326948758151146,0.2678164454315987,0.8891101605164314,-0.44889952491987833,-1.7172298845204408,-0.3686766104317564,0.33896258748316105,1.127204089705921,-1.4118779297081023,0.26372044706221026,0.8842580652943268,-0.5359777965984522,-1.073699315762172,0.2963361569338016,-0.662796550205577,-0.5281556714052568,0
0.6728432998754641,0.7208892215251782,1.9808302936876687,0.7108806321232867,0.002351173846333069,-0.6774491086564907,-0.7801327784847355,1.1142100584136299,-0.7350659280213623,0.974400714881315,1.5210265438845512,0.47755469548947593,-0.34374017528429074,1.053037219557096,-2.2433920767410385,-0.18163797771497214,1.1410103716299222,-1.1406988039342023,-0.1552411948129073,-0.11853263931860035,0.46283744709535485,-0.33182200465324363,-0.8164340211894432,0.40959247774286894,-0.3457122544646733,1.1565225539608168,0.015360262561323472,-2.4632786082855542,-1.6952905281348538,-1.0204334187777637,-1.5595604928787856,0.16227425726481717,0.5138361439234774,-0.0556905569870729,-0.4882401617020744,-0.03419780823005818,0.9200773971427034,0.23319924095088673,1.1728174972894336,0.6166578146194045,2.6374081573182684,-0.6601666519998898,1.0762837878528875,0.7784371994048424,1.0218885674276192,-0.059373912958845566,-0.9660490834355794,-0.17342046472641093,-0.962821904706591,2.1228446947016844,-0.346686542153531,-0.8224997789627347,-0.15837221965597595,0.33393951443621855,0.25405630094196996,1.399203972851227,-1.2953511321951872,1
-0.48611177786232707,1.2447400704361364,-0.5666273048930148,-0.30688604870796493,0.3235080414966398,-0.3001043778009493,-0.28438205479314904,-0.019115781598416197,0.22515853934007035,-1.824831104090333,-0.5302219059350121,0.6347778691978762,0.06861411077707902,0.3176336998971041,1.614737911493019,0.19925480302313456,-1.4798089139739317,0.851067576992325,-0.6987912677142696,0.3941580156719128,2.5446370556042606,-0.4447805606573606,-0.5585761371221295,0.48175488579517883,1.5348327103788268,-1.5195055962642436,0.02533877685196876,0.5913468505068342,-0.7927602763930123,0.16115895983382708,-1.0791584540685746,0.3027176128050942,0.028845861543998798,-1.6290773561951744,1.2644447490587225,-0.21954877139736764,-2.7541178562257613,0.41286617014246324,-2.477873801691383,-0.09476053709322774,-0.28530734394235563,0.6991795336270425,0.24003609265572481,-0.19244124533031418,-0.4088582911377051,0.27617409413914956,0.04492139434260522,0.06379126569174617,0.5875023134304788,-0.6791869786383604,-1.7656806149442297,-0.18666463596022015,0.7626441696792247,-1.0879508315199844,1.1872684068868247,0.9192600014383999,0.6602886473541713,1
-1.090793396466903,-1.7596042212035616,-0.07100932155554823,0.5635055181694208,-0.2306982376999834,0.39155713241887946,1.9914147959714779,1.6922191934580324,-0.04303288887673921,0.32769367022024437,-0.7346208923081199,0.6321426367785169,0.3728211715415431,1.1214171237513986,0.4878401535459463,0.23382140685097758,-1.4696424261727208,-0.9019960506172067,-0.6128410948520435,-1.2792028193326552,0.6395092980836443,-0.28692670980655105,0.5839166014005077,0.35898213930246947,1.751301681567024,1.038188962499702,0.853895210732895,0.9527413811333009,-0.13047793122240312,0.31141907799245966,0.13425101460164623,0.6905257308545105,0.20941458000453017,0.5200010633464129,0.6444608210329261,0.04751831978366614,0.12044574408367137,-0.7586316700227297,-0.8688405806611263,0.5682789577239612,-0.444213776828528,0.503816260442672,-0.26874849024754527,0.5586425863029711,0.47965180757645487,-0.8668490179098,0.3258526932820054,-1.17485300973336,0.3775328921754856,-1.7006313725886337,-0.1627531298045337,-0.6657382333235351,1.5020624509900316,-1.4271331320540637,-1.1708668760803866,0.5361952191755331,1.3750237111500814,1
0.3500684167106825,-0.5947259257046353,1.2392733302089787,-1.1633543089170522,-1.9418469078250342,-0.3958139797881411,0.6510467070909549,0.7426718914890567,-0.5345688948280787,0.43340152843347707,-0.04938762139849133,-0.04678969932023089,-1.5619474622167893,2.5078286928607745,0.387584350033479,1.2658936339501654,0.054456340425120535,-0.16665421988271673,1.49993561629216,-0.9475952312246382,-0.7155874922879282,0.26712362025645137,-0.9528290860010576,-0.4826745871497084,0.2641147369580376,0.35378769290194584,-0.848356172283894,-1.0267260434680254,1.0613643400079242,1.3125390389151628,0.3904066839906219,2.095634045408987,-0.13617719724988836,0.2976691667180427,-0.08031048020035152,-0.36543692287755297,0.04216833303867006,0.19329574051816586,0.04099353334941541,-0.8627268710215763,-0.022869072375144725,-1.8436991163972274,-0.28727258473920403,-0.13754937066819867,0.5115487896500381,-1.0063272403160153,0.1470174016841665,0.500062295420522,0.3719665932163823,-0.9183880843128901,1.6668996474789954,1.3947203628886347,0.18193871355452634,2.673766321025174,-1.3183346816624864,-0.1298426050827558,0.5453995058485456,1
0.5130990128379211,1.427704971820779,-0.46330420768070096,1.276269376844485,-0.8536923883645375,0.47287225614352335,1.2624835637324758,-1.3101331430566043,-1.9179343388432613,-0.15686137932848648,-1.010130939585679,0.6297420161156488,0.45533654477864544,-0.929603472599129,0.7251055684560765,1.8405002323511364,-0.9721383336238152,1.0758859938763257,-1.8161063510194968,1.8337533918121256,0.12096131675669129,0.1975098813168486,2.123607097784444,0.5818854691616633,2.2482091218782623,0.9778160236672603,0.06523801730377878,-0.5726961660230319,-1.602810597410328,-0.4438270350993362,-1.8732696074842954,1.678004771204365,-0.6302464357545046,0.4444793064487437,-0.8497221447390898,-0.049480621181952865,0.10767508785502053,-0.6173303646296862,-2.0465841357369245,0.3953791386452882,-0.09472042903666306,0.8207382322146582,0.7641569395261804,-0.09054906025182065,0.7903887550031464,-0.1332436745782229,0.04475549322128607,-0.23119197030197297,0.08367589235290092,-0.426517005812995,-0.11684210666116399,-1.5309828419629625,-1.1529020436295256,1.0484465383973574,1.5506132567583617,0.0403573569733938,-0.49713003600001837,0
1.5786596464826503,-1.8147317958124967,-1.8176698063059862,0.17401306236212732,0.3637404178428502,0.8163204291834111,-0.5736353365741895,0.24509376292472942,-0.1646558975635418,-0.5769043607888634,-0.11403385222604565,0.2001786520939711,0.16509848658666945,-1.5059179912017213,-0.16082966009583705,0.715782580396122,1.959125798871326,0.7512506534686656,0.007437000722448136,1.0012753920260644,-0.5701778292504587,-0.4349577212573184,-1.0391550579339524,-1.389317925182464,0.3897061593343792,1.18017380097149,-0.684426644046254,0.367861424777083,-0.134638524437494,-1.225117104043763,-2.4435551227508165,0.7921513087805654,-0.8748500088134187,0.2735059896129701,-1.3542795272324315,-0.9514322739435515,-0.8054263916685228,0.5013082773238067,0.2823976444402332,0.07296207143913165,-0.776074530339422,-0.5460798634845887,-1.693374784737457,1.1999582097649721,-0.600116511323376,0.11827829135911058,-1.4244034775994565,-2.2881116501787218,1.0288859364816616,1.2887944157327043,0.08489317262031885,-0.3660316034191622,-0.48904458350779584,0.8216912679881039,0.8424868661337965,-1.1216236305317697,2.2732607525139827,0
0.9959714064622585,0.42970925468691273,-0.5155879898703608,-0.5318908219509055,-0.05660425617758294,-0.538761262350511,0.5085540250272303,-1.0535588530437106,-0.899309728236464,-0.5699721965302368,1.038978849800613,-0.24675647524889807,0.3541346419203847,-0.012920853484961548,-0.2518029345313112,0.4015567000920869,-0.7426720715640294,1.11658752549603,0.2689219176303492,-0.8566127303236801,1.4731270846050435,0.3487470465089862,1.1898189574156381,1.3437583471524974,0.4311061810039352,-0.7771868382547698,-0.5616419469442656,0.294177301973306,-0.033483610701825706,-0.17378470414747313,2.177179163188722,0.9621325383327702,0.3995384177176323,-0.34014131470800835,1.0623826165880463,0.6899532800524953,0.28130535593656397,1.5284808592726251,0.7298723274463662,-0.30485188484454917,-1.8150135413284456,1.1393379339757566,-0.3670739656595445,-1.293679759549439,-0.756162928114293,1.6027169450765173,1.6721211435951753,1.2494047410220601,-0.6685160218847263,-0.2646243246077051,-0.2882819444203949,-0.7097409859700408,0.6242987752848748,0.15672277993315306,-0.5575552547218096,1.2887029752269072,-0.5437715795550114,0
0.8739089071109949,0.09562960261889304,-0.4670916196008778,0.8588630117113196,0.503795822817741,0.010856823504473537,0.6702217634461562,-0.5988252948958127,-0.7985863723890929,1.0961410042549093,-0.8999340081162519,-0.6671327917064769,0.12196123104253029,-0.6589607939559493,0.0001818670826871631,-1.4806134386437368,0.3962831256716663,-0.8318371802005764,1.0107576917983225,0.31768291163888196,0.3497617738973476,-0.5493013644928727,0.13660569044275467,-0.6665080506944845,0.26300256116543225,0.6329811480532139,0.882626676338496,-1.0256868236816266,0.2018666796597339,-1.1591658102725808,0.32008956326679733,-0.708769929461329,1.2374292406442058,0.15531539477767567,-1.03329363950394,0.24821001531586287,0.30262832604864565,0.07264521643384035,0.9699978481631463,-0.5428911108230587,-1.022910646661919,0.31391714067866483,0.8776336383032272,0.29890181994549136,0.2220974633137491,1.3120629381601032,-0.28806847164597027,1.4984659796301523,-1.3340123698845268,0.04824590013615404,-0.6929259781490461,0.1747981116994923,-0.8269106567665323,-0.1070968680286563,1.015239907384805,0.8286695571115307,-0.34083910438330556,0
0.2831483869726248,0.2293210612974831,-0.39622253746141894,0.37568939137987556,0.0821702784147233,0.4481629472027673,0.4245751173028851,0.8795705868667945,0.45459556707175663,0.984716315093462,-0.5091075873410038,0.8760309309505562,-0.6775511180739732,1.4999680560517747,-0.5691363110507874,0.10153289677675342,-1.4417977375606097,0.1534687506104472,0.9946448782791176,1.1396103405505962,-0.24350227020787654,0.08496752464630496,-1.3608899435286446,-2.1624708246994806,0.20524986823004854,-0.5291513778115141,-0.35523048243653776,-1.5858158730509688,0.7401179668404514,-0.4847111468104388,0.09847130864449664,0.5473379854911381,-0.36204363531808303,-0.9637935196453652,-0.5581531864938322,1.5883383064412409,0.8373527843131093,-0.23517745162876252,-0.5903524505816891,-0.39755525564582056,0.8989651946919057,-1.0102402543292937,-0.03369394468789662,0.5005349848389196,1.2103150596957264,-0.1930038568000486,0.642282508387628,0.9607226684625283,0.8758803855775861,0.11780218955116853,0.5657388961595284,-0.6215892588154969,0.06256458407122127,-0.2485196411232922,-0.3536736501538301,0.16906051804880143,-0.05668498310049782,1
0.0574207165902185,2.169809878527107,-1.0515954681107589,-1.1804667563363247,3.244441729579417,0.8123135405936573,0.3532398000637421,-2.199136560422058,1.2184221601469811,0.27102974092626814,-0.5986333928276228,-0.4347014721672461,-0.5625238030882848,0.01351784056186616,0.029594156391543003,0.6414189335700637,-0.976857967861553,0.9901913680415679,-0.381258093661733,-0.12684605421752954,-0.5546977914346789,1.2593596668783773,0.37732255676694115,0.5436411777850221,-0.4736531020177257,-0.990713518006576,-1.3497945672911105,2.2618469296736166,-0.051832052965910744,0.40076386799472213,0.20006895845104034,-0.18526008630873275,-1.0468111367541422,-0.531667701379716,0.072721736802388,-0.02423398879489507,-0.12585283724996577,-1.2866895030903862,-1.0928190555594661,0.22969761163849559,-0.10409096827816766,1.7735037103918598,-0.9639173435246943,-1.1136043642893838,0.08351008541318003,-0.9863643514100038,-0.13022118883440295,-0.2995036321001434,0.03354065762672515,-2.637735234689755,-1.899569309023432,0.49589694610427104,-0.40746434207105214,0.6780735039100587,-0.6425448191172739,1.0024524607714616,0.3109402227680029,1
-0.5005648325707954,-1.4107959303492281,-1.54057557547232,2.1507500545519416,1.2025593815687268,0.8973726130730548,1.2966419692439541,0.3486490382708898,0.24387668384092262,-0.08536270611928541,-0.8503040879426377,-0.4801096072440139,-1.2964983572354085,0.24127846471348036,0.993640956358545,0.6705464255867404,0.3607966851931355,-1.2246703007409068,2.1254336769155837,0.34354623859894345,2.528865195854963,-0.2156039395765038,-0.4145155167502889,-0.6145099258030333,0.6797009792444604,-0.5835178036648304,-0.8601252891417426,-0.36429617758208094,-0.1200726059247393,-1.0781344557104773,-0.7159627223968942,-0.7128030808442031,0.21303521060684041,0.9297805719680594,0.14541293096496521,0.8801465941577604,2.4758305202278783,-0.22106752425831092,1.327151804036756,1.458202132358141,-0.8993393938684809,-2.2458108456069334,1.8717623807651675,-1.804481860860525,0.4114906573012636,-0.4917546714679485,-0.17143143466248492,0.07977504484017799,-0.6872518264480433,0.7866165776096182,1.0830163072096821,0.13229640510452192,0.16542597113696203,-1.0655614199170589,-0.5982904975862793,-1.3412612774663126,0.35372269409133295,0
-0.622907495113305,-0.306345323149355,0.6291522507007199,-2.0299535470482772,1.1333739808465524,0.39551456862799605,-0.8841633049250187,-0.3203772129736328,-0.7075531237621305,1.647905144016393,0.302671091371917,-0.7827673111519888,2.7432157943967157,-0.4124921547596517,-0.16579788612316293,0.4980576547075519,0.5382286862730099,-0.19690601514091202,0.20274723676731213,-1.2098313791604882,0.7761094325718423,1.3765614827186312,0.08905358106079707,-0.05088466539981361,0.43613471887611804,-0.01921669318418987,-0.4420622715249093,0.29970329823947117,-1.2608269938678516,-1.2739555225754042,0.6982093037275193,1.6662430116618154,0.9272859848712937,-0.6685479540462876,0.04083189299462555,1.941042415537428,0.8952827216353915,0.031461293563513924,0.7436254881763293,-1.0187267516799874,-0.21954312214195354,2.258304542259715,0.2551846757380716,1.096011418134557,0.04679066299615524,0.5447459288321111,0.07295950421992485,-0.10964330523778465,0.2628166559571681,-0.4516251728930937,1.5631096771101007,2.2152786002062412,0.23872183189839902,0.1637480426476218,-0.442290295570349,-0.5774278616422839,-0.21331034869424034,0
0.26553502883534513,0.3098210457526596,-0.0731069348763677,0.7527578080053521,-0.7667741510162939,-1.3283481408442328,-0.09461902299591239,0.34762531338579683,-1.9750411246811732,-1.2354093055646547,-0.0892123128323544,0.46481052373188325,0.14352219820832787,-0.8069579323567053,0.19630384404708137,0.09041444778835152,-1.440907428518394,0.6012993828320764,-0.20559611574765232,-1.0243638501743957,0.6225732012962794,-0.2506834517421953,0.9193452867746748,-1.3150868696817797,-0.7283758799956775,0.38539260364538275,-1.6008642427842397,0.5839162678849976,1.1450037443263084,0.84745843496698,2.4012170807844333,0.3846013465592763,-1.773387951595975,0.4211094260070761,-0.38374616146039114,0.058970239396515294,1.5946193786642973,-0.9078402322469836,0.16568308935910364,0.47314952345634953,-0.06067892508283661,1.3653830379865795,0.14989117059382592,-0.26076443514886993,-1.4461662670738298,0.5594274766857319,-0.07114179237379112,0.1745140936890936,0.12598602573070206,-0.3862736902641099,-1.3663266929833005,2.1143051663636134,-0.5516499900936496,-0.4028901002157977,-0.4894963662591124,0.031016131749152475,-0.16894787426881278,0
0.24421312281584448,-0.8151500957132515,0.18001801374557244,1.0608761824324053,-1.3672282793200417,-1.7350568314303414,1.9395132989441801,0.7180447447042834,-1.0287972883912009,1.4963305060032033,2.000157069806109,0.19959993983197208,-0.4988883754979292,-0.02306570682864056,-0.8191908868581286,-0.23268193397762318,1.9228969319753264,0.06645622510092285,-0.5886209670116802,-0.3206747005371697,-0.8249839383653694,-0.3344352624464747,-0.09174579666593291,-0.7013700000647407,0.46188747471499675,0.5526430763324961,0.715179828413034,-0.7834551342039107,-1.154424100617497,-0.5973561819166251,-0.7581257671401789,-0.03507655643075832,0.08859868197165213,-0.524016425104254,0.7194508193607372,-1.1832276278049088,0.9172131393021881,0.6267500144631367,0.5921528379069989,2.075163282143146,0.4509410873170792,-0.569522782733484,-0.6988304001152201,0.5548873617635781,-0.6701274196174105,3.0690355909764326,-1.1335279269905014,-0.8019047786187049,0.2282797179645,1.1623796744156794,-0.9206133068081787,-0.43129597952955856,-0.2580671217958355,-1.1089398139030813,-0.0023077032406367782,1.1044241708571525,-0.23271709410910457,1
1.1452605891767063,1.7280925792407664,0.08457785973921222,0.7163605757611995,0.0015031652484954815,0.2912467912184886,1.286440839546518,-0.23958789931456168,-1.263431589119791,-0.5726146600485812,0.2257025645143686,1.0335243383552888,0.24505662859942007,0.45338853041883875,0.016612441861513297,-0.8458221869546487,0.6856979823237465,1.0684071112325704,-0.5581034226041144,-0.2977088204787126,0.9841520883464662,-2.0455198418515477,0.6218813569755058,0.01415038459251041,-1.0734624005951985,0.4790619428320146,-0.09830033328762608,-0.8527120906232114,0.05652798797210336,0.6314742027250736,-0.5633886931323696,0.2536526533466189,-0.7231898592662578,0.048999991673327394,1.1199003917272683,0.2179899058352896,0.6921492294488477,0.26764142616891967,0.29994296548591365,0.5320454934811484,-0.23791853141805333,0.6074051234537735,-0.12758846522484638,0.19554359304396168,0.4138934481133387,-0.14898974280082555,1.2550511097544956,0.3616940964213158,-0.2104736121859454,-0.012754052310099028,1.0070381966600475,-0.9700612967939078,-1.0299632771328753,1.1128775704400247,0.9817861562336845,-0.2799635316398434,0.9449743677243866,0
-2.04075927978421,-0.2698838913242721,-2.2769519618208287,1.832694525114724,-1.764056768463822,-0.5236594127594957,-0.8638227417584236,0.8325862862759487,0.8756105641169755,0.6303023063595785,-1.0118906690094156,1.3393233348624156,0.17673136467629585,-0.31367341968387435,0.9005101661302983,0.26518073549444987,-0.6397265059322398,0.47028846408848124,-0.005261486274095433,2.783651911668505,-0.26516525543326835,-0.4604473158915956,0.49533489200162645,-2.623913002683089,0.890084287329493,-0.4578765917215914,-1.3405614551617697,-0.5387511673469567,0.5322120426461426,-0.46371482469553676,-0.5801038256240013,0.6174281664628091,0.8120624589527701,-0.7011078828212858,0.09103741893080744,-0.2936305514462541,-0.969636577800532,0.5001900743503648,-0.6277987398730683,0.758851666303297,0.688254783320509,0.4378351403834858,0.19509314029467464,0.16686668743932323,0.7456243384239206,-0.16282927727714394,0.7328776070100161,-1.0576178787815451,-0.6816049270774338,-0.7954562623300221,0.31284028010334464,-2.5550107999157103,1.1338277990686392,0.3105523465550123,0.20797379354634396,-0.5143942957254176,2.181543057369105,0
0.2713899217579931,-1.0671712391981023,-0.08602903861598199,0.6270002941923954,1.1755272809095927,-0.9324208506420194,-0.29073080059246476,-0.8530096104073122,-0.5843737832450472,-0.8179944230613863,0.8480533680039677,0.8550283260931905,-1.385922730329987,-1.040975155072801,-0.2919103735050724,0.5791558998092807,-0.6677804367121166,-2.3692402562121884,0.46804952977271697,1.2942907564208734,0.16988839773538117,0.4599862571853162,-1.912833514829239,-0.27786702673053243,0.8962546021883068,-0.11839545958611146,0.9673977799538117,0.035214698601042205,-1.1714564541393975,-0.3931179891696007,0.879781436830342,0.31059067607937,0.7337672364482619,-0.4848949056503288,0.7294037825570446,-1.5026052814539252,-1.333620880754726,0.3933220516872535,0.8407229850590582,0.07832817029247752,2.077709024287251,-0.10118184251466311,-0.5987793624459171,-0.40122653849004986,-0.8270977344711238,1.258571440975504,-1.5531267829737316,1.0807436438781148,-0.784954179928947,0.04018625191951305,-0.11887053614242694,1.5892479076556687,-0.4064749154818678,0.052359789158732434,-0.37124871650595254,-0.5208203918591047,0.16535553063291486,1
-1.5027997121814503,-0.40366658064975414,0.8781187737771948,-1.9516243084662013,1.4396871083956009,0.574370627017428,-1.5386470320100736,0.410585880514263,-0.7686876220937097,1.0591032016884476,-0.11179775371444893,-0.7917882906515,1.050804199999728,-1.550446931115197,-0.1508119994567669,-0.18042014786973762,0.31436325545663146,0.6769825084836035,0.5369091295507072,-1.1219601574536935,1.6596490204436025,-0.8508407001712632,-1.9033167235158481,-1.1759562175844445,0.26648406507134936,-0.15274312742952506,1.1454825192661346,-1.0326626746018968,-0.2664445286171951,-2.9798154582428245,0.04327856624476418,-0.9598759219960393,-0.6760290200630285,0.2972412561814798,-1.069495007103405,0.15073790930337155,-1.2171230750646613,2.5479827866638405,2.2627667439496335,0.1399523157712961,-0.7916693635082808,2.097179841865036,-0.2942750517853098,0.6806652811395292,0.18194455881077207,-0.18380183906688138,-0.635026090995724,1.0383253298195338,-1.9400397050612477,-1.9536150409954491,1.2212745267677887,1.3577803782582478,-0.2854436379106838,0.17072084668457782,-0.52569952957184,-0.5732684470357187,-2.0242462326819686,0
1.3614599065609698,0.2546474828634237,1.1100494664189766,-0.9852859026334178,0.7625563226944765,1.0442220902489197,1.4953578886752192,1.0521576058689994,2.2964180155875367,0.7265362258605258,-0.43319620362300254,-0.5708456514794295,0.04265852733450342,0.3582983395481776,-0.7299996365268999,0.3191841799774022,-0.26698932251964735,-0.6479380744681611,-0.6023016161623228,0.08352962815516704,1.3280371429295623,-1.0400476869950823,-0.15014348770811986,-0.9149644928131683,-0.6395041088867798,0.029008651079102624,0.0863988662242248,-0.8006667729000632,0.3120852812299489,0.6500427108354747,-0.9522257396012264,-0.3691235974562093,-0.8607952672152754,0.9229424956744419,-0.6201465776977241,-0.06988373107803195,0.3828290237570373,0.6207860651932526,1.0796108907984001,-1.247098262074131,-0.30546381634667175,-0.2904645502084171,-2.328750790846302,-0.7483678647659002,-0.7564457382016972,-0.3512149188392734,-0.026612569796427194,-0.04185296276719927,-0.6236144549197284,-0.7405602751447399,0.12032470397798621,-0.7094048832929046,-0.66609839156493,-0.03466709230953496,-0.21617104101205337,-0.16841171945299074,-0.11706031969350955,1
0.6474300955262365,-0.7519541013317126,-1.0727104009347277,-0.9538231284269816,0.32550936656110885,0.22440055279906734,-0.8150567125002913,-0.10361852887953751,0.592735574640828,0.3682111445007426,0.4718537675162621,0.12623650812631568,-0.705272951365322,-1.1080189397655875,-0.6202949160771596,1.111519872197146,-0.3423302893237125,0.1984796478115984,-0.8478212429862771,-1.417869640737913,-0.007503777671862724,0.7745074264610862,-2.2318130300547527,-2.1405809533252,-0.531898642501099,1.8413269804885768,0.3124307752138712,0.32332733658500956,0.5373793578123653,-0.07549626707603249,0.0636920703679903,1.3150348410003656,-2.0188784621546003,-1.623534449972506,-0.15962441226925844,-1.6372396896670491,0.3577591669050424,-0.7723820186892218,0.7840731583595866,-0.0631227397028503,1.187375741197627,1.2080950264491366,0.01688971497469339,0.32224040459017167,0.4534381878381665,0.1945085647985777,-1.2997279016036258,0.4725347738243615,1.935772288658709,0.06567478065313398,0.606874046213319,1.2071910302928677,-0.7593003564433092,0.8754515489141275,-0.31767698445940556,-0.9348973772864303,0.1789392254734658,0
-0.5677160015338661,-0.38836649149047564,-0.15412522162795014,0.7504617021409234,0.5674040834310122,-0.41730097257988125,-0.2590082050099812,-0.2312987059032683,0.4527190559604611,0.8069811319054508,1.465869563762052,0.11413150818538967,0.36484636437168755,1.0005987367920186,0.5040782623607946,0.23772057822516324,-0.9953673448935229,-0.40270463565072084,0.6569094314272322,0.5742777847409962,0.010718694763474017,0.5155006459145576,-0.2268473353550659,-0.7461366113437257,0.7346954571558711,0.6008769929031369,-0.56778739588585,-0.7361575490227211,1.4231056281709664,0.4688268699046971,-0.10670477228029496,-1.6165884468710316,0.1301266784826843,1.7098550429895334,0.20447708676444956,-0.3791174857976564,-1.4235814735062897,-2.086132707779099,-1.2153617830408683,0.22073612269012416,0.31080313057241976,-1.6943509234460787,0.684571018484343,1.2433502728487675,1.0966296165779068,-0.665364979386191,-0.21833312360861967,-1.2068628440219735,-0.16936760761415295,0.3203228506815859,0.9473967943214893,-0.42749703601396066,0.7129213069043155,0.1744402510529569,0.8200620143436181,-0.3843945617636091,1.5962684213767626,1
-0.34896745419521313,-1.1902707539484212,0.09750180035733153,-0.010305428988499647,0.45715487421139583,-0.44406139625640906,1.307462351572008,1.2566211036408166,-0.8837861902632037,0.27397183041624845,-0.22992341998118673,-0.20415417484920365,1.7969040017515514,1.4520219673948649,1.6204318754369342,1.069802806427936,0.6673086027059012,-1.1317463732177129,-0.3510163748969196,1.8862189008265646,0.324635789796406,-0.181926073911995,-0.948531736947456,-1.243182202780991,-1.229261509779466,1.8360545219033697,1.662648301155102,0.18980099112365953,1.4031386215120156,-0.4149440836687883,-0.17900833707586417,-0.08123770624119436,0.7675518545337366,0.451368226585049,0.0025880464104177776,-0.8597610023746474,-0.6314148831962151,-0.28649055523766054,0.08327978407746421,-0.08882763292884273,0.2867563273788253,-1.6323279772392068,-1.3011540151354002,0.7605042813170841,-0.06834449066636361,0.4722589350854811,0.11903690677072379,-2.6059291125751716,-0.4252868965803561,-1.0956498938678312,1.7730692159741006,-1.7163104692922733,0.019281632076257858,0.005945223490043791,-0.558478425367004,-0.4879351211233115,0.29014236547961186,1
-0.16767558383219527,-2.691527818214793,1.5035481838199927,-1.3060661064300987,0.6274023100642915,-0.31391979756960114,-1.0401448087399492,-0.015630184557214346,-0.3926291457370304,0.2936747213737612,1.6478087076990646,-2.4988971102046,-0.7727621932712754,0.45719368315407855,-1.6051765055813036,0.8663029924263687,0.2064279783428607,-0.7266403527188213,2.2934577603520916,-1.2215592317097466,-0.9474373468393552,-0.36844258117233336,-1.4393037747221211,1.192176254664926,-0.19642217392513917,-0.15232632134548493,0.6462842083260117,0.21293085505490636,1.4637237307742748,0.16660273349706137,-1.5025614897651547,1.2690937897350019,2.7524744377225123,-0.1724142288513764,0.11852109627730911,-0.33108074656198544,0.5765455363405084,0.43379618356822885,0.3494498532866724,-0.18662927274986948,-3.580097913942347,-1.035775366109457,-0.0757975833932742,2.0303892476492242,-0.5601239097216297,-0.6168733128038554,-0.1524277754400348,1.0325186000165716,1.6269512301616846,-0.13265402582466668,-1.260077994472345,2.3204221282405766,1.657217017665567,1.1772852256288255,0.2184246018833333,-1.2402838288118403,0.6499702674209662,1
-1.1765932010966746,1.332090979426142,0.39883413463955275,1.3427855054710822,0.2462101901280893,-0.27331132097378813,0.3610581598569802,-1.666014517559707,1.0860101617264746,-2.1443526485785984,1.3375604339933382,-0.7435496798313773,0.05049289497767588,-0.09300246940729037,1.6570644723383567,-0.4157365176591031,0.43805807854938017,0.5895067951252986,-0.4752051226049928,1.1915748357186309,1.7766170882953578,-0.32148928284180744,2.300597246983937,1.7130311515721384,0.7652774192534864,-0.17249624070810718,0.7402815921418889,0.6966795397426823,-0.5109575359805938,0.588691134702544,-0.11437479962294844,0.09627084306323139,1.1205462877216994,-0.330604198721492,0.4130168303926617,1.4473920583994389,-0.18390347594051581,0.9225111773478928,-0.9340086668265847,1.1984692345964394,-1.753626711537844,-0.049280773631548584,1.7142857132754512,-2.5234091462336807,0.23384062591880606,-0.05498022459861321,2.19820301022857,1.247588473585128,0.6554972029253029,-0.6657419234966934,-0.28461818451361176,-2.0824236109967775,0.1814353001573828,0.9821782006563707,0.2237334133772225,1.139852595672832,0.676865164448975,0
2.923456220778415,1.5400069876217068,2.7367315903625977,-0.288840407335981,-0.8292787109795797,-1.013795087677236,-0.8874961778612724,1.5861177092798784,0.45072362684925843,-0.44421825842480855,-0.8858738433656671,0.8551107200298911,0.5231085080074266,-0.3262453375966334,-1.169817911228121,-0.46533894017714333,1.5073371229278039,-0.45449327231835596,-1.0842313424651786,1.3274631775344117,0.901594804183648,-1.9981858962435441,-0.25432109601069824,0.3843607689868667,-0.7043227286311078,0.7080283272001235,-1.7955881959591846,-1.253564322490937,-0.4284344409870504,0.516211050313233,-0.1118668648743868,2.0115746372767336,-0.9201404096761777,-1.3030436746421332,1.1168063480007224,-2.3657421716076725,0.06183727209844289,-0.3791498659878734,-0.014941482039800445,0.06092174268736911,-0.35414962996774124,0.7415110334098775,0.6481638213455062,0.5715760743095845,0.5832622839687159,0.24734714279793446,-1.0722296073801674,1.8474814085145055,0.5506776914645691,1.4678182412256817,1.5138186826978535,0.34434092169283137,-2.354214205824982,0.9761539581313639,0.9294926666959421,1.7093528070629425,-0.7280867089402796,0
1.279260257725146,-0.12009226877290118,0.14554383049741615,0.13317001711086018,-1.702474666693568,-1.3223774369028154,-0.6055725083075996,-0.3853141739593347,-1.0111983692372963,0.7642656431391105,-0.4755060273808604,-0.8255115291710565,-1.1787338826290117,2.404611709450997,-0.11821030020038155,-0.020945749294392697,-2.249386689125028,0.3578120041644612,1.8091128218800603,-0.6060839253550203,0.9773354634529774,0.3445010260793313,-0.17842985537825198,-0.24281750964763274,0.15997238781298392,-0.379911558164612,0.05969941471824907,-0.08247894384911898,-0.2546318440937863,0.7055581405383363,1.7465701919614074,-0.21966698192966685,1.3722337232316717,-0.9268102012704688,-0.45200329569377146,0.8950419662600952,-0.01861308026385914,-2.114987635455734,0.677772163062259,-2.5488484248076464,1.0372219734015788,-1.5415789523235786,-0.29022929878502973,-2.1321596114343984,0.2964777181173468,-0.9795879587838389,2.166156436987425,0.7672074058841799,1.497887403248976,-0.7114505887790318,1.8859631800687877,1.8370920704366385,0.05646872701690267,-0.46115685558185043,-0.9674049456935657,-0.8707624661889403,0.7411349592444774,1
-1.3925835897188619,-1.6783305593047593,0.09975714662477711,1.4405953483706906,-0.07900125537004139,-1.4146550981303125,-0.897700188475859,-0.7071158034946728,-2.408866216720567,-1.685345802051896,0.24903759155617744,1.2593660838634573,-0.939960415005677,-0.8022356486443116,-0.4210779556100643,1.0470779189389912,0.43092276199023877,-0.5036206756586853,-0.39535618476219453,0.8666337466059636,0.2904757818488192,-1.2108103935793944,2.7843037770337014,0.5741467756934782,1.6030636901551178,0.6090396983206513,2.119549915676739,0.9940281127249884,-0.08417218344527294,0.33880584316019174,2.758456788784132,-1.041388430374376,0.12136742184421262,-0.5429046688466108,-0.5482313522394179,-0.5214551529797685,1.2726577862213075,1.2760526865887485,0.6058033838469495,-1.2712023931617857,2.053808637908411,0.4407522494784972,-0.8897117364530206,0.18388174156165502,-2.782414523439116,-0.33314136890812285,0.5674694592780101,-0.47042583652324277,1.3067418614749318,-1.3441950027333782,-3.1209929939439847,1.0374585534494194,-1.0979761855020111,0.22238879590200733,0.8491247750867034,0.6363272415051001,-1.2888288965990855,1
0.47212466469209063,0.8179516947096481,-0.013700469925569073,0.5969755023128465,-1.012812430331311,0.0542298928148814,0.6126755116964456,-0.7571883062726305,1.3058590502133773,1.416151734569681,0.2657555652205449,-1.0648461290938929,-1.1784127139363358,1.8388524576866463,-1.4772353196611518,-0.7789293839750703,-1.320780230471853,-0.5799345865816873,0.734118933919467,0.5244801996234617,-0.05889966865907092,0.1467825403518642,-1.426856874041339,-0.4672977635969659,1.362440471820272,-0.22810698744401225,-1.6665569892374708,-2.0928478340643584,0.14731960825913631,0.008699937339952517,-0.43307188137071845,-0.7275670972357527,0.2701105025225893,1.307926558175165,0.8638322285928115,1.5087220818682678,-0.15465887396017164,-0.9786733588919215,-0.05900079693808269,0.24836532786431922,-0.743007980705592,0.09739887429787648,-0.02932357540400368,-0.25030866917115807,1.4372141317820781,0.560628000152288,-0.009873305595225777,1.2018232319219158,-0.038150023351221245,0.03028400166604491,-0.3890717993100806,-0.4739784794433506,-1.1019023132797094,-1.6116761574501226,-0.47921377701074636,-0.3682027403040732,-0.3673951422581825,1
-0.026621203038460595,0.40482130583114023,2.2215928372338016,1.010185372423636,0.25407833808585356,1.5528968407249522,0.6325583709902584,-2.475304485488258,1.2182637290675853,0.20736439818897062,1.6654064205709678,1.327743897222631,-0.97276700458312,-0.6467086373425704,-2.0713139834636722,-2.1125627306090613,1.575603115896931,-2.354021610720429,-1.7102009504420441,-1.478847150515328,0.31169982332764723,-0.4705143611731096,-0.6834978523063406,-0.3774159831159424,-1.6810557643700839,0.5709683791973614,0.12290365770290261,-1.494470624362703,-1.6203556770883876,-0.2913494031378806,-1.338442034975054,0.4668540722454278,-1.0073826826975565,-1.3714340182689568,-2.2453839111033194,-0.21845509806704838,-0.4275594116593735,0.15683963941406037,1.3758533515397475,0.75530577937811,-1.282764613848463,-0.01969392935350694,1.0703918090324454,-1.2753021324973788,2.9042008432649826,1.4312921610698328,-2.8668999254234375,0.4503943999535023,0.37789581350159757,3.4486731969642372,-0.2941554172973384,-1.274329916292088,1.892091567943192,-0.4560901174496632,0.9232709149231542,2.1208289709409893,0.6938203545615931,1
-0.7314816297701632,0.25171158858127896,-0.15492939265866135,-0.12636242281599383,1.1185880822545857,-1.3618362966509763,-2.5773960422484583,2.0768097721059076,-0.6333038564570924,-0.751538279691894,-1.639382274836909,-0.2738281883891136,0.6485934742915259,-1.3268658565368274,-0.05930361974553878,-0.3533399403634167,-1.1401743118541552,-0.610764548938112,0.8903550130009962,-1.0550502937308253,1.1782650382456425,-0.15499880102267458,2.020921007863241,0.7844520963932486,0.7238339148390078,-0.2730462438038443,-0.46587092327941204,0.7390500027747485,1.4675448916897784,-0.020329846463202624,-1.1081312715887999,0.0614794031250003,-0.6494268970062647,1.584353330147246,0.6448351760560606,0.22523918534166368,-2.1556406852654515,-0.9070643439573779,-1.682689071360505,0.5890353426011419,-0.24273057811937607,-1.0664419076129312,-1.660458088897877,-0.06950941078128177,0.05584667543305153,-0.03104800165636959,-0.2860813137392867,-0.68539821709912,-1.7005397990716353,-1.3852809864132622,1.1598692221412716,-0.8626249432968087,1.284472323879564,0.7365526147767101,-0.5872328122389483,1.0559614443077394,-0.11398556530899977,1
-0.3242819523634871,0.35247100754655525,1.2824946171893459,-0.1939731344360208,-1.3239803528995473,0.41487631092675853,-1.1376716124838488,0.6414851469105665,-0.3734918788173765,0.09086057856089148,-0.6335946387750304,-0.22412126482817252,0.2716155424245606,1.0103593464191873,-0.3874849017300507,-0.21834825263453467,-0.6251056992851091,-0.3997962066958361,-1.6023233973842732,-0.4241878643877587,0.30765244940553593,-1.5753567253470018,0.7410137005201192,0.18853184324312908,0.24993000257409426,0.7610198638681209,-0.288358448799721,-0.5342644296525674,-0.7179649257112297,1.0649912279811056,-0.006710683211807952,-0.35500049409602763,-0.7312117984030703,-0.7340767785612593,0.5604782696640683,-0.08969998347708993,-0.010389939787957042,1.5248435818430242,0.012777872996786881,0.0888314096082799,0.055474244848431144,0.8336685292716298,-1.7304549092030996,0.2854525353400013,-0.547963584239171,1.4180589426889347,0.33961585085516566,-0.5057283150786771,-0.13012238141890475,-0.7106487307167225,-0.44801738744043457,-0.6256125646753258,-0.6443201176581714,-0.3314636949135845,-0.5800107605904539,0.4453358097016411,1.4919204915373756,1
-1.570927572616016,-0.8585254837596554,-1.6331272670184087,-0.5191337771008578,-1.0019390580383458,-0.5653295749440881,0.3709285393107815,0.6202801354836335,-1.0170754655899674,-0.3266199004536163,-0.20852513770484135,-2.6169419198606247,-0.1427989501286977,0.7977537983936663,-0.3293943301875473,-1.9196837260889943,1.5499476111805581,-1.2570337221637764,1.7217829798757538,-1.5804180308475393,-0.2858321257277443,-1.1844452943315373,-0.9338582869401928,1.1263318501690067,-0.8055068117608395,-1.3481281298885612,-0.6320692254345139,-0.19412829557410172,0.6894920001805216,0.5366071054106891,0.3943736031747595,-0.7652101168807973,0.2170920935829497,0.642122303814954,-0.8809201712188298,0.7720333554966047,-0.8381668228980179,-2.132282306990836,0.8615356186421016,-0.5613256200515252,-1.4149703126685804,1.5030370546851752,0.7301621567333846,0.25617541131150345,0.29116090033755154,0.7101789314904395,-1.2447665092827207,-0.6415591446917164,-0.8099958621508808,0.5416684254842875,1.0605020172973978,0.19512028524806932,0.5369740057862873,-0.6689004196061171,-0.4856360369957061,-0.8582038599042525,-0.532383699214538,0
0.5916104351725416,0.9102283108283002,0.5643066115942967,-0.5902724522720065,-1.5078132464534546,-0.8558029912890303,0.8135485530999124,0.24049443829669706,0.06696355821721253,1.3721403194479502,1.5185170732661666,0.43435762605357836,-0.40721300689318846,2.044301609091936,-0.10771932664786063,0.6994342990985287,0.5774585072988192,0.3904820204328114,0.5464230279345179,1.6347692256087938,-2.0113146963078363,0.26020268776806876,-1.1514475071515582,0.18213830719625626,-1.0490366244429201,-1.1429113356206486,0.845243203233044,-1.2745990824109081,-0.581312587274859,-1.0796054538817343,-1.4404322274711168,-0.5518298940460887,-1.058455604038975,-0.25057306107723315,-1.209351091452919,-0.8862604789855459,-0.790534149747073,0.20585823336719938,0.6785515760338336,0.24352749892846767,0.060014212143762076,0.13965164793498586,0.19517023634467037,-2.0303460944709526,0.8167084466983054,1.702938048510237,-0.4420022475740352,1.1692860312547277,-0.7414969830099171,1.0128274308755811,2.1073876838873695,-0.03997175286822346,0.9979620288064281,-0.4958858336966584,0.3002049654361039,-0.08647888457783574,0.02015496765147865,1
-2.264690953568963,0.6708574383506251,2.012440945548723,0.02670431858104143,0.4967882744705684,-0.3489125481946862,0.18071420902340474,-0.15478768914063099,-1.9712514888934727,-0.5716001444608351,-0.16131314301039046,1.0335487133152073,0.3684904981220858,-0.2646266485108754,-1.3433929436759917,-0.47461610041658286,0.7088318989775233,-1.3448370900903173,-0.7945346073167465,-0.48514142644512265,-0.4760728904123986,-0.8707517084220097,0.6190776685604203,0.2870203608124122,-1.6672772705314343,-0.6100694555581837,0.6939595334604147,0.9717036440508948,-1.7079802769840906,-0.7267190930644808,-1.3152389217171174,0.8140233863908852,-0.8203992992906646,0.263714497994031,-0.14189491892842787,0.3806775037477152,-1.2194899750968253,-0.24471620102797853,-0.7609552617945856,0.2005851446061631,-0.8219816582576264,-0.20636122721483124,0.35092614447370657,-0.6681004534509729,1.222510755136393,1.0518543601428085,-1.8795359577616646,-0.6921717925827092,0.8226934112045221,-0.09132138253364791,-0.11796383638575697,1.20700171102261,0.9008418942209382,-0.801437946100093,2.588584444745489,1.8563427786411038,-2.039227414017119,1
-0.5605077034251291,-1.0577005309890286,0.580665931156733,0.2189913967046867,1.0429330104437762,0.31177047983860456,-0.9524122498703863,-1.9725694286421356,0.00011964567373854019,-0.12572048849420228,1.021530257491181,1.3668816168471865,-0.5751237832756275,-1.359528223601541,-1.924862211315721,-2.5171136226375026,0.8026709443578984,-2.9851763911598876,-0.3982618178983055,0.546311446563191,-0.11934040263300744,0.24870736351797162,-0.00492842831586581,-1.0641059954058316,-0.19047495934517167,-0.017673536626670698,-0.10353536689382546,-0.286994333389183,-0.473099424397264,-0.9014102283584262,0.023905292820918234,0.7466980495489568,0.01119114368086345,0.7719987579085388,0.19999168365036118,-0.8487651768766832,-2.088617108165165,0.9924621250903691,1.3910187630212825,-1.3101834130420473,1.0279591172162905,-0.4452680665807321,0.28097723598936697,-0.5173989959314348,1.245536671003202,0.1402994977375125,-2.5484645801230688,0.33502714852704574,0.6091924938127329,1.493986756103993,-0.3950756093671971,1.179612047238636,0.316933636103582,-0.6686100320741967,1.5499075958687543,0.8178682475264676,-1.1626240283647014,1
0.28159517678911217,-0.5696287621053564,-0.9905150595641974,0.32673813919614836,-1.9326462480507114,-0.4939609802122939,-0.2903305280647528,1.7063389541483394,0.9867682944792007,2.3887658709167074,-1.5819746147892169,0.6254883433150713,-0.6029247639485579,-0.6982227840781663,-0.02475173023970451,0.28350471465285665,-0.08857652293996517,-0.8648146119714462,-0.4954263562148804,0.5291789646102792,-0.7347659134673044,-0.43547519044328803,-0.6575729314818817,-1.460521359778675,0.7548124700980547,0.01917048847125453,-3.1521887866627476,-0.09826147037527856,0.6687336861297914,0.4190037520005862,-0.40546072182144977,1.0890853599627552,-0.009348947623469227,-0.6066808714688106,0.3624633950443201,-0.5310036256138633,-1.112990788051351,0.8984430814282555,0.6484933298788617,-1.275499752265909,0.16802728490463192,0.8358799942243582,-0.711065535178739,-0.8514690567206183,0.49685262067603325,-0.5497266006028722,-0.6532748943739008,-1.2829074306254398,0.873128104338558,1.147427459681013,0.27501786081131174,0.01371301804472063,-0.05795326565648719,0.08275674157300449,1.9310082362411494,-0.0705131647557716,1.2253875708108168,0
-0.9223921486403341,1.2344789874958817,-0.894267274486863,0.6201210385438755,0.9021894704587724,-2.0218345887485323,-0.8597284269524028,-1.5945312197383656,1.2968147598076327,-1.8053722476179987,-1.126711440239275,0.5531741840651131,-0.37808822275955,1.6301461346434767,0.15102677259468378,0.26701064630996435,2.1436822683085928,-1.3140196407219207,1.4321597211671158,1.4968220068017193,0.9234194523642077,-0.45091549202810943,-0.0716625254077844,1.9929654845672506,-0.6746236406072883,0.7590348709871639,-0.19425003286309026,-0.41483229016314715,1.1349288829290503,0.349080238455361,0.32020948915912456,-1.3676202591767896,1.1050226698604066,-1.7735347827658332,-0.4108984479803573,1.4211302415443323,-0.6087104562011209,1.0577176906781331,0.9415903843196481,0.7038772841538745,-0.40159780200918394,-0.005383917236628558,0.9302901152256376,-0.37089165513870964,-0.8232163511924515,0.9171560056233873,0.055202120124044664,-0.2912332107806529,-0.9203062354492297,1.2561959223331158,-0.8639088100342672,-0.8383246732568879,-0.22726381193921172,1.178118806994328,-0.4206914972395537,-0.5061369331842974,0.7686247305599317,0
0.8203376005462433,0.30969371083753794,0.41645751168084794,-0.0892517855743433,-1.233735139189841,-1.1576502966868274,0.35908798523291985,0.8610804696120956,1.0949550186468304,-1.2044300496477678,-1.9627241123058932,0.7894793911635847,-0.46589348289068405,-0.18715748955294445,-0.46917078333803575,-0.06499339305768778,2.7948263818957506,0.9263331220062779,0.5212485416221402,-0.5328499096645519,0.22399046176660026,-2.3795946743730347,0.2640289970535461,-0.37701797740102305,-0.6340254345968473,1.179313112927003,0.8515870289094947,0.03394469203342608,-0.05491594778469184,-0.16689206772964077,1.0199798985157187,0.889508934503392,-0.7142436078183819,0.6179723654912475,-0.14546234681752193,-0.8929360334509601,-1.1684114029545964,-0.3659228638818726,-0.507028506022796,1.2730168519418523,0.5194787899244293,0.7546461729313706,-1.7198912991898847,2.172768264148319,0.5418273893845121,0.3286320562859994,-1.532407375482647,0.9383037655245386,0.6234450442020538,0.8197777809551976,0.8023178397739785,-0.5566216372743262,-0.4763892971840649,1.204958573727845,1.1593896047798367,1.0800943166237005,0.8675309763432183,0
-0.5006580076582618,-1.0235813405420084,-0.9774513947897373,0.6113252002089741,1.4020262397510117,-0.6218139558640826,-0.37420655809654774,0.344147350463319,0.09423607239680958,1.3749927173032275,1.3634122925750893,-0.8297524140280758,0.1810010183189298,-2.394184657472058,-0.019017087185511834,-1.1608804963416672,-0.987073498440667,-0.5808456002998347,-1.6594388957559112,0.5728138874260088,2.36383710198778,-1.1084913837546277,-0.4555181511575232,0.12814289612804838,0.49880917302986555,0.23829022090482582,1.559041676676142,-0.4393200797151757,-1.3429985439037277,-0.8574250888000778,0.33378827402077293,-0.059890854761168094,0.4012516200009852,0.4587959261214339,-1.9344425853996567,-0.47078745589811266,-0.40059752791736386,-0.03351396193322213,1.9037895405206584,0.9867272136678529,0.3288505613069495,0.7842466479755125,0.26582351634551904,0.5473255941251037,-1.123594432088731,0.5636733789527151,-0.5583076643468571,-1.2471666644360515,0.04392264822046147,0.4423110286015447,-0.3609148543366303,0.6378068279929373,-2.244871901917555,0.7947744436847007,0.2673244338247512,0.8818807586439126,-1.4393888821352434,0
1.758618892599928,1.9881430408564444,1.719817445452553,-0.8397799991730257,-0.24335785867971402,-0.2083436615243215,0.07885901430177936,-0.7213264379450569,-0.5687464605033242,0.973816724535199,-1.3123803552806337,-1.2395417798210506,-0.8717439821773879,-0.2193276308885271,-1.0175520459540077,2.20051024763544,-0.6967682027956459,0.1692884409294841,-0.44058690489594743,-2.2873953363808077,1.1578545519613284,-0.7174803780991211,1.2900416157919532,-0.4232800013221207,-0.8344015744144012,-0.3798324645820909,-0.5004022312543979,-0.3230531369857014,-0.7344094379499272,1.1440379131504124,1.274807872103796,-1.1335246058260597,-1.1340921154272137,-1.4258309385969743,0.34067937617,0.7143610688833223,0.32217943298900575,0.4200412151896251,1.521628061137472,-0.68096225952421,-0.4308098888290778,2.1270502335187342,0.16909033040433719,-0.8476442350635571,0.6012489228640417,0.6395974282128248,0.8581306112165729,1.2961303602209238,0.5951064242430818,-1.4778673259733572,0.9044230289839356,1.1426240707502577,-1.7308279747950364,-0.9156644039311241,-1.5056322500616843,-0.6885086459515004,1.2176069820752868,1
-0.22711890341618118,0.1099500648193171,-0.3534468961771388,0.4068197305190075,-1.068451695650106,0.8485892305288016,0.19018623274675098,-0.6118961154368976,1.6376377307107495,1.8246358743358295,-0.39489527048491435,1.1948882983228226,0.8313664720238372,-2.2449554579169946,0.7507391589863697,1.8231323366146341,-0.451468629609181,-1.6611788143555166,-0.8441534511800602,2.3310032350066114,-0.24734992857086552,1.7711584481623117,0.24515950106291678,1.2683378618461614,0.8780481395600321,-1.1211512144512603,1.4805825723554094,0.4236102036002014,-1.0192727449868833,-0.7158278584423307,1.3872774198461941,-0.6386380818323317,1.8706695395738064,-1.3517929034196225,1.665383042844061,1.9839857573742004,-1.580078504088596,-0.25485191118822664,-0.2433167274326749,-1.6542500147747463,1.3927613584393526,0.11612931884152304,-0.3765569204736356,-0.15273101733192568,-0.6157741570422087,0.7031468445762087,0.4694338727406107,0.4001571032851256,0.29413604859173625,-1.2506265354125727,-1.7363448584168113,0.881191776013485,0.016456686840992135,-1.2918469903492575,1.4798722603273886,-0.48273748877735523,-1.921518002945019,0
-0.043016264056025856,-0.26689322073498345,2.20512779288931,-1.2783557914062664,-0.7824624172345372,-0.13021715226833436,0.5034299595196873,-0.24050106806078062,-0.1427947829853964,-0.2470823659217069,-1.1949237052802582,-1.2753079216039547,-1.648611132339833,1.4648855856178002,-1.2429500104865698,-0.28343393066911,-0.6984045613937373,0.17934682484373493,0.8710428461702411,-1.543352497897871,-1.4506135621213585,0.2243669975677818,1.3190362001183535,-0.587452505971767,0.6541723704624793,-0.08763177992560713,-0.3014934897887596,0.4733457120279994,-0.5539646109285706,0.8944149984959302,1.143562176074728,1.7208668298636565,0.4123777880612447,0.4945565345628186,1.4008755798857104,0.7810920336837199,-0.5634341896033529,1.859695097450121,0.08002135405902214,-2.1160871927467633,-0.37353867282762143,-1.7952477631899484,-0.6019946627380778,-1.0812423605403587,0.6125249450677053,-0.4132575691239746,0.3337400926857995,1.6534373719900475,-0.10185326375432456,-0.04608427230664256,-0.2504644833808408,0.4497672128272234,-0.06269646085830036,0.18991769371532627,0.053484664253787235,-0.5899745755808398,-0.12914124639847122,1
-0.4764869019799366,0.24327730492283947,-0.4210286023139143,0.5273864113382443,-0.2695524371460165,-0.3547849472274411,2.14564396591059,-1.090898788237401,0.6069968505072972,0.7616054066054485,-0.7215128974723692,1.461192535791892,-0.4860148620791958,0.5889903477204412,-0.402003011353975,-0.36282539221888066,-0.10732693018450594,-1.134417555521389,-0.464347158979872,1.4853708403867494,-1.777828500902897,-1.5632817554867011,-2.427933390859205,-0.21806908170290143,-1.3564599630460454,-0.7262984135518684,0.8191165837861338,0.044038855572320776,-0.31314970391490465,-0.11255141573392713,0.633042333647351,1.1171023181772255,-0.7421350106785808,1.215455231779747,-0.6768091505617747,-0.5198799747085846,0.05354470851915476,-0.6611078443827785,0.33488860891827327,-0.6707028249545883,0.7123418325706171,-0.46514327511433917,0.20528857677543175,0.3820274703197561,0.7679119649724662,0.47761121013757,-0.9877274096023029,0.20436101509600624,-0.020501196786585536,0.7118082209796766,-0.5198891974448753,0.1489353685987898,0.6850837014882427,0.7518757163359604,1.0768510159120104,1.2691309046490253,-0.21503097657676037,1
-1.2674412848750232,0.005576685410080789,1.3975015467589837,-0.012253931421221309,0.8176940461113935,0.1330842341040441,-1.2980772499813122,1.0114476618845087,0.4254690289088646,0.8179683314531198,-1.442724668000174,1.3940228383074889,0.6088965540054762,0.7268581282449346,0.48666537560841094,0.4375702444890173,-0.33014204883802717,-0.4049449305991948,-0.43986444760827376,-1.8228187907829274,0.2995935696042537,-0.35055708601016383,0.2858501209364241,-0.18084801267165276,1.8144708563809306,1.69291473431393,-1.495805591845742,-0.7584356609117652,1.9486573075202416,1.1770333268630848,-0.9301618515582605,-1.9287960844101222,0.19707230263067796,-0.6802936396083197,1.4484392561698731,-1.314390386169914,-1.1850055739952863,-1.4693917000137486,-3.2569356942968364,1.3917347659095947,-0.4149025149140391,1.016608686879048,-2.0200929205272105,1.5588348183492309,0.6431183622861302,1.5867158180630438,-1.9927493614888157,-0.7622033805828354,0.4409424856411554,-0.06647089761264653,1.635339684868958,-0.7477179086202139,1.204831907474134,-1.878293424774019,1.1668920895258905,-1.0402942092668936,1.8418236911082084,1
-1.1293483836456861,0.18768023038581172,-0.46893878081284757,-0.7734106772787429,0.7543188266694874,0.7292808920019339,0.8605373538860206,-1.0539948350670028,-0.5779352390975697,-0.32458754432291637,-0.17123408026382642,-1.089823179542991,0.632311629938903,0.5665996052943257,1.1193624615595554,1.3771768829878892,0.5280980803248891,-0.9204287165977497,0.9485755570433771,0.4361132284721445,0.3830597165277281,0.5112917406778533,-0.21314331925142746,0.012746130502329882,-1.229062471928139,-1.005680587862034,-0.5373869706845232,0.25244919952987116,-0.34504133909521306,-0.13553142056529752,-0.7653498935292053,-1.2185666050512225,0.5701076672168214,-1.8632041759206923,-0.21462520581235753,-0.6335465097105408,0.5108657836958322,1.6162539083831806,-0.578238258602128,-0.7353390412398447,0.42919122951415073,-0.6345190105391177,1.3437718433041888,0.25757512109710345,-0.41890032067090344,0.801483900716267,-0.06032131718040759,1.0515170497559576,0.32917157381987916,-0.41907293864717615,0.40390828112477567,0.9063866841854679,1.473936369516771,-0.541350753395536,0.6405536767862879,0.004343378451268009,0.2991523243057718,0
-1.0822172904001388,0.48895766890942444,0.08914877087196296,2.105754170039068,-1.7361491705363132,-0.8588833974522965,0.7097331381821456,2.309565467961531,-0.4219034115188337,1.1715735241785252,0.21551356903370206,0.6770143125540504,-0.39224803391883073,-0.2862223000803632,0.20438389811685367,-0.923996442735164,-0.6906819484433726,1.727133914400524,-0.5026713671400835,-0.26063449536855826,-0.8791922142616684,-0.04539780997696987,-1.2977192704164209,-0.09359622125362221,-1.4027781836300066,-0.6717436028314429,-0.9297154644852311,0.9192856833399042,1.101653011657713,1.1780346064402976,0.7334609883016088,-0.7651579623856802,0.22308884367653162,-0.2581921146939158,-0.2385073173064594,0.4409466018413016,0.5362568689720553,-1.036202497657507,-0.6144000790705513,1.5708816188728971,-0.4200210336630223,-0.5694140453987214,0.8989172691571118,-1.1857855830307114,-1.5182054481841414,-0.9988099486702725,1.7263883769014061,-1.114510878144812,0.7100155610647627,-3.2098562501026526,-1.7445450227536632,0.5111194892050896,-1.1938437765774281,-0.9625016103368946,0.6589269839298764,-1.190716819443057,-0.3172024515889619,0
0.1977017127519319,-0.19517512434131062,-0.9506200675509374,-1.0434320161564203,-1.7258946506769446,-1.3576393375802431,-2.456156085563827,1.5014192782481455,0.48642152731480687,-0.09361119249129932,-1.9535840268516302,0.9027689177791242,0.7365689773769639,-0.7805295255574272,-0.6697849778074301,2.874141008287313,0.5883813592199668,1.1488469572843043,-0.5173770573543,-0.6020048539854872,-0.3878115150279745,-1.0167617578420498,-0.7907981082054719,-1.3517395776745278,0.0010822738465004675,1.4807434531345172,1.683901966309563,0.6362777397554793,0.5196655138122873,0.5360272176967046,1.046488022213596,2.0575019888717283,-1.6369710484909767,-0.22890042549363998,-0.11665868760754104,-0.3660008496096263,-1.0080400179120306,0.19829915147926816,-0.5720774427069681,-0.09606802810624443,1.1860463616193224,0.5521494673660566,-2.5250496767061508,1.8732825623552538,0.13470694199655564,0.15238657716707402,-0.8425163420663516,-0.48631223463453194,-0.09637583229958918,0.9880045307360431,0.636737994041609,-1.6797610174171886,1.2958460648755665,1.8055293380488946,1.5150500508296834,0.5455036179119872,0.03754416535784464,0
-0.663045454902917,0.037082319264671634,0.16530859008239757,0.19321368273597048,0.4426852271195374,-0.4962999214362789,0.5131516885339845,0.38824549642177036,-0.11780253954113508,0.46613845402070536,1.049866968173742,0.762241191574172,-0.5263928030722252,-0.5313878996715276,1.259587439108127,0.8136318478003762,1.0253568274623193,-1.3180984167421494,-0.5704807331171073,-0.7637473451494574,-0.746751731228098,0.12004572714122182,0.016639476162062128,1.041129013297844,0.12372909005492372,-0.2740134339878019,-0.7904466237983255,0.11168464141100938,-1.0330647673769375,0.011814953430748298,-0.7082675997742721,-0.367148459477151,-0.6926610383729438,1.302906758150239,0.09554456558110044,-1.0870292939576398,-0.11872364124591715,0.05702220880035896,-0.06239071742108756,-0.23721562010317626,-0.5339036430959144,0.2569109673103576,0.8362570614761314,-1.154594462399493,-0.2752789266503004,1.4798130096005382,-0.6411847683056758,0.7765827859657951,-0.24618615416575787,0.14127463267371565,0.638209062854477,0.5282911657500001,0.2960513307062635,0.27237141765226364,0.00415996772740391,1.240999401757055,-0.3930551314959195,1
-0.9664507454073322,-0.19897669265893053,0.3852114084501374,-2.6148986128820315,-0.3587388794612236,0.04961810812903064,-1.168664824219277,-1.3108603829883243,0.47714925100098465,-0.18717916102621246,1.5105355031493,-1.8000200281892522,-1.0243441245805294,1.0166686604226778,-0.969732811427374,-1.1974746068428543,-1.1573204596864073,1.2397571404315226,-0.12380324472471911,0.58507735035867,0.7260222258303504,0.865960501402355,-0.7235542057865608,-0.7370174927004236,-0.16826205536931,-0.7447066729870869,0.34070154099252836,-0.6007578092931875,-0.8823159798894094,0.7091486007213889,-0.8732579668097153,1.1935446149213351,0.8035312909343244,1.4111422260810396,-1.3113630262584202,0.48676676494129567,-0.5761883641025465,0.49693468423058956,0.42892073134261627,-2.2116923656674907,-0.4304069296454235,0.23937883800321433,-1.376519740193571,-0.8688833770847677,0.3062179873985279,-0.2005266214151125,-0.4675786661174262,0.737242952476805,-0.09265357532290308,1.6943110255732328,0.6822513449517534,0.5405153578540852,1.0384707364049073,-1.0581486662623718,0.05769018146527822,0.9296837033536365,-2.949300955572423,1
0.4397962326343907,0.40145308086061654,2.627473307618071,-0.2867747121130756,-2.2336962535101774,-0.16622364146875077,1.794072359758975,-0.13454004682555337,0.7869875381506372,1.441524970946714,-0.2077941018758664,1.2683052309670877,-0.41810471043163,0.8412561444315632,-1.4726714575206454,2.367433501472601,-1.4609182920862225,-0.6887911421619535,-1.2087687230465078,-0.6252761655663379,-1.3408745873498065,-2.3013920638431307,-2.4754422547972625,-1.1316729665420568,-1.2647314323238301,1.009192740927864,1.1299286413437293,-2.2745815011221406,0.604387527497171,0.9985215077155718,0.26752448161031667,-0.5573392701136959,-0.06347709066292892,-0.9402809455978368,0.7787950956657937,-0.2405394755811819,-0.9518789282503767,2.1088240936741367,1.266123861790501,1.491256832976677,-1.0465526877600673,0.054026606159157775,0.491116088919494,3.0484698119331193,1.9329792806015675,0.8599659188977687,-0.17813929013052462,-1.7551273498623812,0.5436648114699115,1.0149879188274682,1.6167673023058127,-0.1333876580286099,-0.9916205841750746,1.0367325505617166,1.0636428862271783,-0.0010216170812352562,1.3005634732149485,1
-0.7162473124631187,1.076663896271368,1.0673312769880852,-0.2958332140455754,-0.3434659101466001,-1.0736654341008869,1.6000614422629407,0.723757388813001,-0.42663527667580453,-0.1301132704425881,-1.1729618120884282,-0.5217810483975084,0.4884782179081632,1.397754835874623,-0.21569373946178227,-1.327515299966883,1.745802777276112,0.4423355490165705,-0.04171105020016308,-0.20579598854827072,-0.20299417902048514,0.36597878976117004,-0.6254671772923459,2.5965838820856066,-1.2058258547438887,-0.6138346814777128,-1.388216403297107,0.5048377155322193,-0.5835851690133836,0.9404547770969184,-1.3510025796245742,-0.5560375229230916,1.0416401217090263,0.5993084331683953,-0.17559894519439792,-0.12230891983158916,-0.25080376607553995,0.8676680563342634,-0.8791439900680613,-1.5333786766758766,0.38943328492132795,-0.9304852743537149,0.49794941679486027,0.3535794299219829,-1.2976482613268363,0.462553102504993,1.0710966040276808,-0.7785114181227386,-1.0116315813894243,-0.3181607965371783,-0.5636076831757926,-0.9360624661625103,0.1340293318283073,-0.4870265280748998,0.016663490451318926,0.060095455766034575,1.493017351204767,0
-0.7470832217330056,1.1171774870532976,0.8755879507794734,-0.3650941178711011,-1.0436386762107501,-0.07455873415644469,1.184237147397011,-1.3037624509941534,1.1011113384800952,-1.8582408938499737,0.01679686636107872,-1.0010598832498738,0.4210074685046686,1.5104221975843029,0.2153094917686714,-0.8038825487459331,0.5651675452698616,0.8352351812720927,0.3353070148599806,-0.6038926355843288,-0.9714448150149231,0.6667506953613493,-1.0292810592573034,1.6141960290109305,-0.8879365172135628,-0.052739808533301506,0.6627110886168865,1.5559475529614557,-1.4414106251963137,1.0575870684051918,0.8761794197216923,0.8171788970438549,0.8263310718304637,-0.06606809406363884,0.19841887781630624,2.1181251786708195,-0.8517219908773861,-0.005270021435145293,-1.031533915384868,-0.5259986234425896,0.8361963581898455,-0.624776048661244,0.16977083204488308,-0.8633475328031532,0.8490210758252826,-0.4700844794056696,1.644031568255294,1.0476549872607865,-0.23467757593250074,-0.13481252272881272,1.42320120590954,-0.606295980054634,0.6967388235195741,-0.09330426408412684,-0.6135762107025917,1.0935634024793686,1.583847536621614,0
0.9896586101850101,-0.7417343340947837,-0.6064292265479219,1.0588567019137198,-0.07838271713036021,0.2716549322558286,-1.5651344827177975,-0.5261986222172452,1.0845487411215526,-0.1561967209153434,0.08135918536736716,-0.4195977666073692,-0.5951871672432303,-0.3609926384408694,-0.6397096856990521,-1.0257175432976189,-2.4164644789071374,0.31079389460030565,0.7492981416922929,0.3023720441590262,-0.014395013407873197,0.26691807071273205,1.5915789400778801,0.4904600524384815,0.052506510970922154,0.641546398469985,0.3160266372040174,-0.3035719559282721,0.8688664281356555,-0.34024638529761697,0.2949470881076511,0.732289020614402,1.3969795723725216,0.5203078971321359,0.5391579744363402,1.7651874292204608,-0.0766390514105035,0.9982256888565754,0.029814297586580427,0.5536605136887489,-0.7359568430524375,-1.4816066109889587,-1.5625782622921323,-0.1909661295757195,-0.60294391567943,1.9605145120990084,1.21677584444499,1.376546417662531,-1.1794703506951918,-0.8078453218018424,0.8622040997647543,-0.4070908957857729,-0.5213871884134288,-1.4208268755826718,-0.5419987951853049,-0.06388869310500403,0.38003444871533826,0
-1.3905528105893832,-0.14248609410258692,0.041116811596260475,-1.728400380875063,0.6506690619185305,-2.0691028228041817,-0.3305127619441797,1.3457478706024744,1.1620723632027017,0.33334624703018473,-1.691251494110407,-0.8245425903991286,0.3038312381226571,0.8354533280098726,0.5336535596168224,1.067578943046736,0.1864540703821142,-0.6249094052770551,-0.2430786509481775,0.5410832675092218,-0.968896336015271,1.3730987426455739,-0.8258877257599513,-1.0083190995376377,-1.0331587400111844,0.5544584750156378,3.0025620936998596,0.5932621473104275,0.9243585198451687,-0.20071904223073866,-2.408207094705215,-0.11592550981442527,-0.0637224490811193,1.4197647267988471,0.24407329210832973,-2.8249046386884915,1.9722211799742144,-0.5238679905020145,-0.00020198984735666386,-0.29699481344552975,-0.0599753699337784,-1.05714758935749,0.6039644953723831,-0.40470585722148866,-0.1717665877221989,1.787365650239861,0.3295618474596154,-1.2593921192919866,0.25518411860506623,0.41956221138218264,1.2288523992044307,-2.0467733225181544,0.5490948165937048,2.2363410913081845,-1.9008249210744166,-0.9873589125145035,-0.4167979212206472,1
0.45505014884996675,0.22849624144751324,1.0491870109715322,0.9462901906369094,-1.2983494910954065,-0.09529970308819395,0.13177665475443498,0.2879267568742793,-0.45067400505190647,1.3625151023629152,0.4095723646461154,-0.2763373681322798,1.2749122585621837,-0.327292718424605,1.5267878291034924,-1.9104077115427578,0.4344397302908747,-0.40246428657007327,-1.682359442343326,1.47088961302615,0.26755336345686576,-1.3753114200759442,0.2816259286436968,-0.22292514346834053,0.703978289591311,0.1826320138914539,-1.14072106427932,-0.4629261356102515,0.020318346397610997,0.4178804898244991,0.39752818196014494,-0.24918464518147967,-0.7778642422701727,1.0089576431446805,-1.9561364241960078,-0.37794420621765784,-0.6834149128298679,0.477751569685247,-0.642206083375956,0.6013797708035125,0.34910894450474644,0.796316683884455,-0.5053369273458157,0.11439976808997304,-0.25635942785608595,-1.1598559871140124,-0.5961723169204625,-0.6197180437013803,1.326438128177244,0.08023786199595355,-0.42021123413524974,0.12554445608345685,-0.366430947669474,-0.19592347398027307,1.5276230441772891,0.4009801047113816,0.9342013233848517,0
-0.9586763892932012,-1.0681087069186557,0.03148869684772378,0.7149056284097238,-0.2543149543274312,-1.2629769999163958,0.950257105114229,0.28282771602336676,0.5451667477767425,-0.2960521612528834,0.039390055618790734,0.1429354190172099,1.233005993359333,-0.019320771460126646,0.37320387584510284,-0.8494093190092151,-1.169459205827919,-0.31661661262983776,0.3802374950913617,-0.5742969993541396,0.40783248071759315,-0.03454211696250859,1.0847346372194189,-0.2861673566188114,2.761689948143667,-1.3880960923939472,-0.3615880569058424,-0.5059168699434687,0.6618121618376644,0.6781134153185422,0.19307458667752378,-0.889417393229974,-1.4603280569915733,0.6616420103074335,-1.1303765276390523,-0.7637924348529398,0.5359487682762758,-0.05731997175608024,-2.253519983940848,-0.6645908098645298,-0.42330403683635937,-1.1142145038558733,0.5714909964154672,0.340132207577162,-1.8700053805953558,0.8964819833524217,-0.7031111392665063,0.47528259723404387,-0.1499556941855532,-0.008233799275408042,0.8207746006361376,-0.10931873223014216,0.47747711097528006,-1.6317386279179493,2.2438187344241016,-0.90740882434906,-0.5480285542545622,1
1.5968258114305989,-0.05295986151717899,-0.19483077907009452,0.5973582696027516,-0.8962107001299399,-1.2933812489462768,-1.6177904716247418,-0.019103295018636383,-0.49589819527905316,0.667953573774151,0.5646696062795821,-0.2991521267119657,1.2117343853147928,-0.8198415271091323,-0.15731941069056418,0.9281154895608564,0.2395708543345984,-0.17177929626016394,-0.44090901329072524,0.6886549314748073,0.44742305460278803,0.3471506808751921,-0.08185364945464894,1.9560199844241013,-1.2780419579763331,-1.2476996323677338,-0.536133797271979,0.5626261876791306,0.5191284989894703,-0.37819446684359354,1.0647924274403586,1.6088713360667688,0.399693995974032,0.5991558973156095,1.0769655286319455,0.5677167336441368,1.1930401472407495,-0.5983720348297628,1.425307664356082,0.09755400091044245,-0.8069016500693803,1.4932689482059234,-1.158020409072791,-0.7668208651429509,-0.9094382775916552,1.8287976513862694,0.9707740045278104,0.10399854777401045,-0.44655035328894443,2.1871135303366773,1.383091065100691,0.3159139620146866,-1.1507496825445052,-0.6839657827605156,0.4982842202234825,-1.0411434573106735,1.0527213132270914,0
0.8743941095624382,-0.02497022705028213,0.9297723061036773,-0.8861910643501569,0.22499910836416914,-0.3504677657498345,0.6741376182535802,-0.9929481063437386,0.8565213602261023,0.9993331363090004,0.4994660956027606,0.5507099953255942,-2.3033739669380218,1.5521244465598563,1.2320366071808382,1.2766371687332125,-1.5599684189434322,0.5598057775631688,-0.6025324422888767,-0.40514448600417863,1.8363145618977534,-0.009284652804150752,0.4349096942258319,0.574202374505879,-0.6823033948982042,-0.49974296093164255,-0.5713648964196643,0.1230385343607094,-0.1636530110234873,0.3838406842838683,-0.00841114883509548,0.9032748795204393,-1.6306714527237685,-0.36686449080185946,-0.389332556058305,0.08000526000706552,-1.4483410746842136,-0.17015846392794706,0.38886289135986696,-1.5996655528005874,-1.1995589704467025,-0.1090099637406208,-1.8393493516717485,0.22280913612856426,0.625373261003052,-1.2098582782190666,-0.5808367366692293,-1.0642494453722484,-1.0297152844109652,-1.3915155828566095,1.3373113795510712,0.5201150011339373,0.17387230309174329,-1.7248962860945238,1.0281522048165486,0.5296355087869058,-0.6099018758811099,1
-1.5792861116601888,-1.657002357435962,0.2917859630385258,0.4721087304550007,0.24422320237062245,-1.0476763462810594,-1.7171766220819316,0.2212164250302904,-0.9067263252224098,1.2786097249850552,1.0786725108446396,-0.24782701889260286,0.8154496334109276,1.7809045220725437,0.7852769759179709,0.41886082260553525,-0.18491097176236743,0.10253767378576185,-1.0160070913529207,-1.090670547565547,-1.2435676210131135,0.05627209468624335,1.3309408828115343,-0.3577922487178851,0.6648137165281005,1.9356000788999466,0.21774235443440598,1.0639395308131667,0.24576835327459168,0.01574925928822639,1.0136806028954417,-0.14496253330835882,1.1597538916706653,0.4989213220615552,1.7994177933622675,-0.374444902806619,-1.6766001699078086,-0.6402301945174387,0.4214477256111548,-0.5476445521775927,-2.5136322180739286,-0.8737622197044995,1.3466293696492624,-0.7586656089745197,1.1418215519895019,0.4430042410545774,1.3680379839869496,-1.1698219858537386,0.6001281266541564,-0.918947305691268,1.1308274831471168,-1.2469562820319553,-0.08066533917503577,-1.7576944890356134,-1.3418928387948132,-1.2193021287317067,1.1278615686310327,1
2.0369184555458975,0.1809789199266161,0.4244194007740599,-0.8687638232751212,-0.38850242995951295,-0.30505840737890605,-0.5953096773753389,-1.2084557665328155,0.5287994982290869,-0.5113632284644508,1.3741584244267488,-0.28530995049509345,0.7090902496659783,-0.206049673672373,0.4599978307883065,-2.5078988630701127,-0.38184242511269356,-1.0776225649719535,-0.4013551790551138,-0.7515170081930427,-0.8750664503703884,0.4913925260106741,1.4319976238088918,2.679087303475509,1.7921479550401753,0.4147690828431644,0.6674631053625734,0.9073636977058429,-0.8935076673554487,-0.015022320774670715,0.7439712595226438,1.5562712117887096,0.48865313738184774,0.43349442942761435,1.0622676700201612,1.517914785615383,-0.08021845370581585,1.2156987592939124,0.5166040493955141,-0.880279101761983,-0.7913063817955752,2.192044870221435,0.20216594763546789,-1.745834968495485,-0.8117831783984159,1.2007225904180856,-0.17930100478142932,1.1881298699082499,-0.5062487393309659,0.5555982863510028,-1.0654054091151302,1.5188163108307937,0.7715934746029566,-0.9539746932539946,0.40508201430194635,2.0778987586377515,-1.1975495779569505,0
-1.1366072142501638,-1.4910378352416962,0.5685039705562965,0.7181905779988463,0.15925100180808052,-0.5520824854532661,-0.9734673542965255,0.367662816533732,-0.9355741565439625,-0.46682482719816376,-0.4770953573067646,0.6228497691384629,0.3790446619068103,-0.14548513239839303,1.6614288632363852,0.547030031953405,-0.4362343024836137,-0.551255555237366,-0.3600790794945488,-0.824840445454799,1.2433658941285148,1.094549345361899,-0.4500826212938941,-1.0167233102726032,1.1562508010921695,0.8588454743194457,0.2805569118770013,1.415435244746191,0.12648442661070552,0.3191975734835527,1.1564674186070985,0.7594566646931907,1.161070799510795,2.4321346756518634,0.23110143820900053,-0.13302747397024436,-0.25037110023920084,0.8455706399955843,-1.3155836706119641,1.3278338461652412,-0.2217655237681782,-0.09441922221930607,-1.0225132437387203,0.6874416008251496,-0.16279001967235754,-0.2073289828474399,0.057818748831801686,-0.810214987194527,1.1684479688960796,-0.7580939154289679,0.3513947137491821,0.511026459251922,0.19889634491398775,-1.2512351752788538,-0.18382090744629279,0.9545255973784393,1.3502690744756058,1
-0.08582302633551582,0.13501575819423312,-0.1109057962264023,1.0681859705463128,-0.08166452263326093,2.1574741962435002,0.1533241892933673,0.5745379382085817,0.049190547528126106,-1.368372247152997,-1.232758003527255,-0.6565563243609338,-0.7690777284957607,-0.4384473477565014,0.11071525331787027,-1.23988921442895,-0.6186316784900819,0.6917245675439794,1.9212973172643841,-0.43006569013469836,1.257290046681406,1.7304750074922706,-0.9061834081400282,-1.760722285377309,-0.2600318719148658,-1.554004774641892,-0.9855465619475159,-0.2549291511330146,0.9675547660984288,-1.9077124883473067,1.6744327747856105,-1.9237847322297088,-1.1438604391283287,-0.4935102496881148,-0.6579659544486243,0.09539651739413517,1.0876509799131875,-1.5780956413962854,-1.1043167264524698,0.044189000545571115,0.5162065204997006,-0.36581582979264987,1.2158069490650054,-0.3785071558377044,1.9397863235461201,-1.4921693954880304,1.170614882725143,2.570321578956362,1.401551760822786,-0.6311474643992485,0.7005330607708438,-0.3050029342840999,-1.6655750692659794,-0.370121596954656,-0.2822894274783726,0.31450701079752696,0.4186532907209955,1
-0.28949304903003387,-0.6874574448386916,-0.15070986717010135,0.40323294402093424,-0.022678627832514623,-1.4390958762224495,0.5477757552995622,-0.4005034963206515,0.24508687015066521,-0.4195469359634603,0.6113861833099543,-1.8113298192691025,0.30574958449462986,-0.0702970626376042,-0.4207169660199511,1.2262341233728047,2.2043120925366932,0.23963664728973078,1.8791904785114,-1.1421884339693784,0.08660578499740404,-0.36498583370989524,0.2037041512092643,0.32542622521916265,0.9416962866062446,-0.8617455040001709,-0.5394403759550196,0.8974090554242034,-0.10673685296431067,-0.6386680492425492,-0.18501930321694815,-0.4738939292472902,1.0908363168975235,0.5011050831385762,0.661071790703666,1.0789303800520336,0.026041142132247057,-0.21212222346171336,1.197657830352128,-1.1182217725616916,-0.7015940797863417,-0.22200863631534482,0.8142566226702234,-1.207736837898329,-0.15539777247290898,-0.43307875856039313,0.641651501691153,-0.9808866437448093,-1.0121520121137875,-0.28626037909283736,0.22262986779538055,-0.3933610227455116,0.6297832529535753,-0.6532290931488515,-0.23131215808368816,-0.03776972123476619,0.9446358224348208,0
-1.3024253838713404,-0.16946109298531103,0.08482102950402028,-0.03407788274818861,-0.8308720502967534,-1.4476898394901254,0.5251905580289009,1.2474856990949277,-0.5567170250968596,-0.03220354626667552,-1.074434076989307,1.5257496047605124,-1.3044304968985063,-0.920677206436722,0.8068071130931309,-0.6936245475030197,-0.5587588322234532,1.5298811288195142,0.10994408013652267,2.809769249007197,-1.1525026617478509,-0.5390216080711703,0.40728817799686295,-0.17455060042934387,-1.8250793052690122,-0.6825274887478486,-1.3970613299168544,1.7535481761473433,0.07759754089422449,2.1668979116376463,4.031064101602514,-0.41979977806031765,-0.7607532830618094,0.22062656515914955,-0.04901551522728959,-0.7660006158739363,0.47466198976645757,-0.021596207895301225,-0.4416858017317494,0.3350786524511907,0.44087631567847624,0.09751701794292614,0.4581150401730893,1.5104737179903167,-1.868411085160228,-0.24360850723375949,-0.7316031019354128,-1.2594718671950356,-0.656671424004391,-0.6950275395413151,-0.5390757389705372,1.7926733993333006,0.7007147145152035,0.06049964017353768,1.963190824525974,-0.37253893337705635,-1.1741670193881488,0
-0.18248913729912836,-1.1021585905440896,-0.4117600376008334,0.16359805895653703,0.4805314053054243,0.7299360631028659,0.23289647604620925,0.5239813198756641,2.304688974101569,-0.26201194331652394,0.2739150845058755,0.261424257861002,-0.7753873419374089,0.11906469955389952,0.1765320354309784,-1.260255959707934,0.6113407826320243,-0.7215868807359098,1.143059792017443,0.9533116984497446,1.5366519022411018,0.029444821229630717,0.6052391916824446,0.6750968625212825,-0.946891011506293,-0.24213334328701966,-0.08870632846658726,0.1255804772140855,1.4955673391440658,-0.64315651550914,0.8435940566905015,-1.8040898448070815,0.1527930527686284,0.49977814759744793,-0.17540828623448637,0.8217104909117638,-0.4776667936415213,-0.7055069108068609,1.526244215181645,-0.19844943077530547,-1.3157412555689703,-0.5579804599927521,-2.06738550962616,-0.9399240399716553,-0.09442124843361971,-0.854155736652749,0.1628919163872491,-0.9062915618599922,-0.8605113982194906,-0.08159407445762616,0.6600954898227902,-0.39784171642038496,-0.011327963652166364,-0.44642312517391003,-0.009821212082360148,0.39738125158769705,-0.8416844549016804,1
-0.3967419007870166,-0.5027673200569619,-0.303913871344665,-2.5099900172223153,0.31315987079797203,1.4563465689347754,0.82014945145022,0.019724764568466044,2.980807550183001,2.308480523902155,-1.7594814319522567,1.1906174692414053,0.5352724681296533,0.10693646556734979,0.2550986425506338,0.4623541453757077,0.6769611359409862,0.003949590001526428,-2.1068925403320224,-0.5024397097272868,0.34147762412948635,1.2343700721476716,-0.5903002710333631,-1.5981794150883915,-1.2373653567235965,1.8301725417376309,-0.31589817728917313,1.7914036103443098,-0.27244330797962646,1.2586056838687671,-0.914557959402662,0.032462167774791495,0.721998107736123,0.5970571677824539,2.7315689938708227,-1.979320736176513,-0.11106096794948961,-0.8147230289003301,0.9420583198271227,0.2552201920093843,-2.0573109850498734,-0.06533848509875054,-2.095352147340661,0.5453646352331293,1.1459235537316999,-0.31577093448651816,-0.4467476114202224,-2.399260856651554,1.1051078568309503,0.6850209208051384,-0.603291188062167,0.44350026487462074,1.488860469461342,-0.03744348110679956,-2.540406494080009,0.5050945964408468,1.465261274124123,1
-0.42335761748420747,-1.3089798400307056,0.4356782618817817,1.1368950044743644,-0.4382291732103982,0.3696562830315959,-0.9624085677588805,0.25484523273090653,1.7053233303543138,0.15621432973556984,0.585156217724305,-0.22116237707595746,-0.07695098073159096,-0.8602028035479523,0.465808184933944,-0.339575613941483,-0.7179046676127921,0.004233666904570664,-0.5761605065168238,0.04098688109830947,-1.5796140858537189,-1.5073594787620457,-0.45481948726431737,-0.4043544498490008,-1.057735896828677,1.1186101263776296,-0.9237636252940261,-0.93197941039462,2.515863644690709,-0.721224879303882,0.0007001374668854114,-1.124926606585873,-0.6170756960809242,2.9730235959415308,-0.4717731260261269,-0.2831631582581206,0.39542750256527187,0.8007915355387157,1.281830680457289,-0.2750144637695389,-0.29994953418560766,-0.2943841630816302,1.3366039472346956,1.16084910889912,-0.2741740121146354,0.4625264665923632,-0.2433316834011387,-1.1653794287083161,-1.177656067672878,0.45862105922534685,0.05663225941410168,-0.44422021220151225,-0.7401205575833784,-0.7464820636445559,0.2890343652346516,-1.26195587581919,0.9702892589039729,0
-0.7486568436080346,-0.3415160409330351,0.2867965123596882,-1.7378168774544778,-0.9868211533544421,0.7298238428488801,-0.06917615417020842,0.34209231438077875,2.00930951541256,0.6931310306581977,1.2482679843389786,0.702480453351509,1.0633121625942785,0.7731046813568349,-0.4791940911198952,-0.4431048724609954,-0.3874053181833077,1.0794223684000432,0.18846005433811125,-0.01720331213904586,-1.0138240518441068,2.046427775678486,1.4234343748355223,-0.6332793614215325,1.1248404947249966,1.1281310595547211,0.27978344633639046,-0.8609487442128757,0.3017408583625846,0.8780929523051314,-1.0853407065426839,-1.0848777700531254,1.5133843522151182,0.7357605186091846,-0.2614511383067814,0.867736958555368,0.9742944657350818,-0.26611854713562294,0.06877977575679545,-1.3345972239287662,-0.8000118388001514,-0.7055007669377679,-0.9573835511248319,0.13842283570601613,-0.8403193154072472,-0.5623779237992046,1.7692877507511084,-0.41700706674234284,0.0029732134891919783,0.5890700930658185,-0.4945033169144631,0.8658120740158803,0.6481783813552204,1.5231894745374657,-1.5627534943313783,0.554441028825592,-0.5092032752532318,1
-0.8796973773635015,-0.13181634746511636,0.0315527892683769,0.665154996681683,-0.3486397771919707,1.453793720378143,0.3002588544877578,-0.3684212548329483,1.4671169691636632,-1.1028767818328753,0.1426338942820314,-0.6363984079709815,-1.6436408955818376,1.6900523132658722,1.3310049318059094,-0.09010123753346774,-1.0717667760747647,0.283917994347913,0.9706086409844943,-1.3711694535492769,-0.9068382518805094,0.6180664794722185,0.5100349783715402,0.3403709937620043,-0.3716290924048768,-1.5069291971450358,-0.011460014834744164,-0.37518504536848407,1.5465078622354504,-0.8724986751547987,0.41683730996939644,-0.5372112972009305,-1.3318176322471524,0.6312546557929352,0.8199955582372817,1.6929192037312273,1.391134525775978,-1.3128367905649339,-1.2766637135238856,-0.7156666850759014,0.5126093170423734,-1.2345407121646759,-1.3777609178614498,0.6127117694267787,1.3185819298040569,-1.5455974949569369,1.0500707888878733,1.1470086940124906,-0.7093387021946378,0.0017327904945867586,0.8049818352962856,-1.174370188466765,-1.4390493812891543,-0.8184858022580319,0.4323232734569934,0.04314978059935964,-1.3028332112073575,1
-0.43165117156948857,-0.033845832787324726,-1.4316502146367565,0.6494390300057338,1.211954717204504,-1.5344193588711874,1.1624958114582462,0.2159394031662598,-1.032097770038903,-1.386675333173416,-0.3661543023982588,2.367147196964544,1.2123332145682388,-1.0431763125251468,-0.07435629893609917,0.8157416295023889,-0.6901867179138268,0.3358234322690224,-1.760278826664076,0.6146496013670643,-0.3122015323700226,0.8636926492828517,-1.5264813556469632,-0.3169492408432134,-0.11224415094972055,0.9761398455387297,1.0364850350391726,1.7429224301420623,0.9606056132403142,-1.213925610109423,0.5054850881158302,1.6918836818124217,-2.0217681142190713,0.7810363546201797,0.4829584502982606,-0.5909699271900335,-0.5213581053703338,-0.4572406878777158,0.30625552817286467,1.3301965986212494,-0.17289169694769582,1.2906508343676266,0.3587745809481084,-1.0680828463368364,0.5370888021080165,-1.169372342506043,0.6682248829225237,-0.3649066419168824,1.26203332210503,0.8240171821969683,0.6032337413103794,-0.4247408889389621,-1.7070331873522857,0.23553595095928515,-0.8080933199710933,-0.4739015550604727,-0.9504442979882448,0
-1.7203099801577357,0.656634802296723,2.38751199619663,0.8541230176896127,-0.7283544337586706,-0.2850651148537484,-0.6271117687920994,0.38225192414200815,-1.8752191762164345,-1.3222414534634825,0.6271290568389526,0.19072024740307977,-0.873727220165803,-0.11500488721855565,0.7892815885487635,-1.5825959826486404,0.9430558596173467,-0.4312054693086867,-0.9554254928363922,-1.917308241796319,-0.4884355318917193,0.37883309870343645,-1.062510597828217,-0.7102892416292099,-0.8902433675410518,-0.9096218611290041,1.5666223231845446,1.0692031210423074,-1.3366694138197963,-1.0075445092544502,-0.5440298580098412,0.6328504280015204,-0.5345174066861212,1.8154453289525183,0.18169945902751297,-0.4501353844303572,-0.35985476228476554,0.03493740403584789,-1.425755440735971,0.5236810193995336,-0.6244384744157393,1.7126859326979378,1.5812908665466467,-1.1796789221482704,1.5037105828472852,1.3246839854363102,-0.7489234222531678,1.268880528697453,1.2864551818243894,-0.8407355713318017,-1.602666274955267,-0.2871750603663274,0.6163687042722673,-1.8839883132147788,1.4128367617884119,1.6775386436940263,-0.044113034955451394,1
0.17088105745148313,1.4097801666205745,0.7114616771926371,0.06832763652140804,-0.6305503810448416,-0.8198851203489028,0.8568078165579626,0.14083336041229014,0.6033313939708351,-1.0188867808461974,-0.6938282831854289,-1.4062265725221983,0.13091703895407739,-0.366481603085827,1.4343426181124397,0.46187739972696545,0.6822161349289397,-0.8394201543216135,-0.5769315444238897,-0.37382300485514164,-1.5219188095183243,-0.27618137532639286,0.03743355689075627,0.8577041348999908,-1.3196684118474296,0.3200288286411475,-0.3017836109900012,0.38675537223045303,-0.3228652672334944,0.9932109036622826,-1.1462610351919182,-0.35765506318624496,1.7311479049812935,-0.8392381619505382,0.5175489397234436,1.3624270913942889,0.1871862146715493,0.8069154232240727,-0.6754558325177403,-1.1340966275388973,0.37794362422007527,0.2871994083786031,1.5760764962624205,0.5915248596885844,0.7473750510735461,0.33498996368691925,1.7246963516451923,0.2043973835251528,1.1905500960528228,1.7511859608316325,0.460001661849257,-1.1101167653973418,-0.3622754482429118,0.4575106800055924,-0.4235328675273479,1.3728297047443492,1.2797753485745056,0
-1.7209391167373789,-0.03095016464446846,0.38469984939917673,0.6374516120638989,0.09648470896658201,0.5390972939723147,-0.567519342360611,1.0305864057306178,0.5566420970823547,0.3877226181729347,-1.7315919690161403,-0.009436092528597879,-0.5435487292668101,0.3563913151598704,0.8605041776572139,-1.031488915255531,1.5951856882162592,0.9776828093945242,0.3070809581228241,0.6329984552478115,1.6208154602354472,0.8473674206948686,-1.7313645025646973,0.1769051440365447,-0.21423116214689777,-1.3499176547735428,0.1741599196971108,0.36503246596636346,-1.4549586640990573,-1.4192470703593867,0.1824712412806638,-1.2405722289480479,0.7852955329372263,1.2349296580484521,0.933966102412985,-0.10116887446038512,1.021220492271855,-0.0700977241578227,-0.026485843987405958,-0.10508850536654905,0.09180308450799479,-1.3758231612493936,0.3440533563593816,-0.5456431164556699,0.7167104826882309,-0.564012586835308,1.3426816121817402,0.9592744139604862,-0.3508426832943664,0.8988680501297883,-0.12750583289120768,-1.8646698198272096,0.009300423945184488,-0.9885511520317452,-0.7177743362204027,-0.824069947146051,0.342791022699544,0
-1.076610276934791,-0.881148175639587,-0.3392505046326571,1.1675729266137664,1.7547091201917493,1.3777203313454405,1.6450875225294155,-1.243619685655483,-0.9675299180028216,-0.10604995367515128,-1.274435838930562,0.004127333759184169,-0.21821001587987768,-0.05353087072475136,-1.4368780091457765,-0.8283214932938446,0.4389183615288181,0.3888579422424529,1.74178236278573,1.4806015161387145,1.9586408223064629,0.9023871158214032,-0.6638110070489193,-0.20560784406583588,0.5890883583099122,-0.7462007907038505,-0.07324117244062284,0.7868120077709406,-0.5311691556012359,-1.5191634804682146,1.2422579800630646,-0.5712197419099504,2.0895683556583498,-0.4879469730370998,0.7606757767289948,0.24532903580795087,0.4960003041364236,0.45551696312184875,1.0652405855295861,-0.2286665910572393,0.6045479162881802,-1.3602499622870259,-0.3756859093603018,-1.6199639447665783,0.929679843645597,-1.4200745942635016,0.4372487236013272,0.8526028733300405,-2.371524177193376,0.368111841009844,-0.5989800087679502,-1.041824034392765,1.3929167215055795,-1.7730064578472289,-0.1073497342345376,-0.21020659593662408,0.5016237045265923,0
1.0736619388251225,1.1937561944360018,1.4953807497947884,-0.7479367808416991,-0.7071889828564456,-1.042828732733579,0.33783153388495685,-0.2978400291098593,0.6157175231658105,-1.722533434026488,-0.7561981516228825,0.5179648982380101,-0.5286195758453248,-0.7082154207890274,-1.2200641400022214,0.5356079109138525,1.1818977186625819,-0.39800783640516335,-0.37429108071446915,-0.030347499117919566,0.5434110318610614,-0.20479194155999514,-0.8239346599667555,1.1328689184403211,-0.44828931678990425,-0.5697826465309072,1.2517112821204224,-0.3858932169781694,-1.5358635122973128,0.9245992927759544,-0.3005134033391974,0.5914334059350398,1.4889062050891761,-0.6558536832686811,0.6196849208109699,1.3323419086574133,-0.8269986507244301,0.18872713735171068,0.36112464188656707,-1.0168014810680557,0.2196664428810543,0.36154601805959524,-1.6166929203075526,0.8512100327486275,-0.46762788866603383,-0.2729071401935603,1.002704946451723,-0.18940762327859156,0.38068700118005927,-0.001549265741243415,-0.5268744613230257,-1.1434887716992408,-0.45783408653249763,1.1285008770404699,-1.8523072079955987,-0.3306178185593805,-0.7747500549061236,0
0.1959670272161119,1.5997182079347274,-0.16126805392678947,1.5356351628606348,0.0027928521332370444,0.51449564072637,-0.5462487287286141,0.7044542866098377,-0.023415694672606964,0.27877524351379207,-2.679894483670825,0.9026514383027655,-1.0458247963029847,-0.7066935925867615,0.48809778592736197,-0.453653749602033,1.0920663440568037,0.6433341816594863,0.6559741064665795,1.1683734573553468,0.3423730311830447,1.2431076506675436,1.2013551469642123,0.5386595112780457,-0.4020628101610631,-0.9971165354655626,1.0046624183296742,0.26148818190997863,0.11533993944296973,-0.008896882136326842,-1.3388210992252827,-2.170585433444543,1.7552695586418632,0.6852735699119314,2.1012554970029127,-0.5123063330954485,-0.17888393766922095,-1.508673349376165,-2.5041062404920478,1.0055991218956135,1.1205598988060408,-2.4634122045579914,0.4602388396366268,-0.42642387253326286,0.5119922912102427,1.5502035945211756,0.2199629793102375,1.5646390136167891,-0.42709342748495654,-0.3244454299671363,-1.925859631206888,-1.3986567414699824,0.9982163792523043,-2.5072658274140296,-0.6326891155699482,0.3467847682648818,0.542819258680332,0
1.2339816554638152,0.3126155542766475,-0.21328864525627722,1.1494617272901972,0.6145930102785695,1.1551489576451703,0.05255946923435208,-1.0479429373601739,-0.7267845188764642,1.4240133530723886,0.3243163851094094,0.07487218572959356,-0.4065303483981332,-0.8002686755876579,0.2016235094272255,1.1677473867458978,0.09671421415099256,-0.3050039192366076,0.3117024239055187,1.1257043108191231,0.36077327358905054,-1.016209578507882,-1.285754109245701,0.002282971260556936,-0.05861526291356567,-1.5153934659662238,-2.1697550424640744,-1.3374667758690304,0.17559926743186882,-1.0768943562551032,-0.5484092459504835,-0.4114601539046421,-0.4324352747924039,0.12607110325333093,-0.5239551459076578,0.45761555955833005,-0.4772220972651671,-0.46698032092502845,-0.13430801864259928,0.9224993428820796,-0.6970690456372248,1.461272589611838,-0.6675017310412834,0.8580610747546898,0.5620107709937512,1.015396891593591,-1.83080831352982,-0.5828162887640087,-1.4290887584766452,-1.5612234712564772,0.6685053765418516,-0.29312521199223057,0.32975907284315675,-2.5393350588751176,0.6939710418172268,-0.7465787444589781,0.33928622306409034,1
0.8665751751486566,0.0029038268933093505,1.0011276937447595,-0.9040458012349476,-0.09182617360586137,-1.3023885344834836,-0.06631808874052998,1.085065189274045,-0.4919175289604127,-0.055153833825220794,-0.10704315813712459,-0.5309527610022861,-0.19360343493813023,-0.8525828337507534,0.13768089950296533,-0.8839463870545303,1.3077408955838192,0.22052986943484038,1.1735377158078542,-0.6278160987585677,-1.1729556046843066,0.4416685116396072,0.23154870435178793,-3.1657902501267907,-1.0943627684779793,-0.4314542447727115,1.1101129691384808,0.8797799687384041,0.25049366122967276,-1.396519822550769,0.0668058855354352,2.856574007693319,0.767153268961196,1.1493637011491653,-1.007294446108393,-0.14614418489219405,-3.7239968362851856,0.6410911028285253,0.45222649289548283,-1.0595504918489973,0.04808371255499322,0.6945161252904111,0.03960051082781694,-1.777752551530035,0.9681310058766212,0.6662982474276266,-2.1970795518984527,1.3432541350849816,-0.6701125712139976,0.1473042649625883,0.2844067134755403,1.3655915354566168,0.38248476894273153,-0.8117267478033469,2.0972129631205423,0.4606387669019604,0.05327990716611798,0
0.6358079879001016,-0.23753485697153948,1.750559365702701,0.7769729682091068,-0.9121909003728976,0.6626281425320051,-0.1394875528291401,0.18470763712664695,0.6822033922513361,-1.776773989588842,0.475949992507104,-0.30078637488190735,0.13052281472879992,0.18682823860203313,2.0112345265630647,1.5311484085422147,0.36286291901372764,-1.3264425286723034,-0.8838978094108504,0.9249289894459022,0.9677324683178187,-1.537502077199268,-1.255743749445659,1.3778912900767997,1.4562622923550166,0.5027640153220381,1.8919695694251881,-0.9672429114126828,1.1453207006088337,0.4125525277341003,-0.3572612068064039,-0.15223396629937616,-0.5780865375943508,-1.1499660664728397,-1.2142854811594903,-1.1930750109598405,-1.4759771405923834,1.562038277590263,-1.017704388256268,0.3260591228855585,0.541657262102627,-0.9198648697182996,-0.6837389339379327,-1.314483524750202,-1.9615053284890187,-0.4582646365878289,-1.426848959347832,2.59631928814752,-0.6974232316588015,-0.47152330803644565,-2.269260254452013,0.7289567763967635,-0.8375964736216123,-0.5347272147956037,1.325517545083421,0.1174985603419483,-1.044945044614404,0
-1.1338939627250035,-0.5682408684322274,-1.25669439809821,1.726128182146588,-0.16951904956232838,-0.9493133950638069,1.6477867805534017,-1.5901304561596874,-0.07152308230822421,-0.7754949204222801,0.3302825236212928,-1.5043571093522816,-1.5284333131501358,0.5214976947882181,-0.35700079119473815,-0.13113198128155096,2.2032166192499387,-1.8260562279924055,1.5361240127371452,-0.36282891788002153,-0.5845581220883251,-0.2416186024395588,0.10740699956188322,1.3358148304004618,-0.7102844179237943,-1.0266187959170647,-0.2840508222278204,1.3834545478788225,-0.25369710545951696,-0.36326375046752474,0.15782813292645234,-0.8310268217405897,1.2720840912940443,-1.4995503186301575,0.815358124182998,0.7660049897260628,0.15968821326481594,1.2663853792498205,1.9423414591463202,0.062421474912632634,0.4164489043924016,-0.567944862806564,0.8805708708747342,-2.5391726955280665,0.603665538404101,0.5489598007969476,0.37901103528588087,-0.4433320199668435,-1.0168595730914674,0.5054392796519114,-0.032584824444097035,-0.8637448269750471,0.2892129074200315,-1.2727921725977176,-0.269450361944065,1.6535387537098614,1.194039958442633,0
-0.44986642594249604,0.04010985677991019,1.0952421008069053,1.8151310512038734,-0.461896641866864,-1.0439011084253236,1.1521646915299493,-0.5743857597353709,-1.8677832755413881,-0.14124551748189138,-1.2063833018138226,0.34289932789618494,-0.6085133257037747,-0.5425619444730029,-0.78522213592444,0.09709410473415708,-2.4876720483416004,1.359946358529728,0.136180682995966,-0.9408700027227117,-1.8115027297608366,-0.9181235770363001,-2.0304855653891964,-0.37972188586867295,-0.05082834093290054,-0.7207262673617818,-0.8130544223617658,0.6110534259320948,0.04194762907565737,0.6454678656118323,2.096906202775929,-0.3100398627885915,0.244456190880422,-0.15408497860682227,-1.462913877660628,0.4636381336345615,0.583040232395286,-2.029930465249884,-1.2892562501434957,0.7743353906333356,0.4188090369676187,0.055559078174755784,0.35605455174404393,0.7549148202657988,-0.6052977208527781,-1.013766165351972,0.4436696942038835,-1.6956900909660173,1.4768804344391477,-2.3307013480429215,-0.1458925380415816,0.5926279172232819,-0.6219188303246135,0.035307328864702114,0.28268877733501696,-3.4425102863740737,0.8189754420344152,0
0.3022996934979427,0.47793019456505986,-0.4195935165339672,0.9433219667404432,-1.7815322432793745,-0.9285662976368766,-0.7229553287400757,-2.3663579972315247,0.07145383624830734,-0.28336789859073624,0.513727761570639,-0.577530445469614,-0.8209618344803321,-1.73167156252876,0.007775477379853339,-0.47400956125868077,-0.896213205948144,-1.0663620812912513,-0.8257393682557886,1.7702065829080393,1.1302337853724589,-0.5609746308049633,0.6118231663254701,1.838199369091697,-0.8678193443368111,-1.1458829555820724,1.0223684392996126,1.0732525172198621,-0.02366645201535111,0.04093100292769787,0.10039176752655651,1.2855223963354507,0.031710759288929476,-0.9632604072719093,0.5043341715622961,0.24433392678693241,-0.17398167885362548,1.1560910738091539,0.7346762598671356,-0.5027042943016867,0.44292506299197054,1.0383878668513578,-0.8334473951633087,-1.6792352498494425,-0.3406792280237543,0.7232456686893194,-0.00780730674472406,1.1741149383622453,0.10172527111565471,0.08003374501588556,-1.1596216583732692,0.8532171665783382,0.7295305244698094,-0.9301232573386736,2.687033896910343,1.9448515364605787,-0.9812570814725953,0
0.04772109430188946,1.0026774237003577,0.4077565531959663,0.5536655209696132,-1.4178261819430922,0.09620614899118668,1.316084296980448,-0.36658869879281936,-0.45798704628078973,-0.22389778033284363,1.7366157545860805,1.2652235364786208,-1.1560871664607644,0.842250878736188,-0.5164083712879356,0.08822177695756585,-0.9475214711023346,0.0753197239651168,0.16632909086467787,0.1387746501029067,-1.1158903241787275,0.4116348996282725,-0.6317149158196763,-0.6267428107859746,0.18941086943822438,-1.3462554027492613,-1.2275831591777346,-2.4173530957464044,0.002773156770613581,-1.1373436907280732,-0.24345819087557724,-0.6090054404630026,-0.668972789081014,-0.05918463071515191,-0.2750008304549969,-0.8560614617949363,-0.3253791720544287,0.010934839280893827,0.6072276233159978,0.07569649225758142,1.1404333615218665,0.8035404603793639,1.4381314000663907,-0.5636921457501851,0.8384602397022232,0.8332206441508933,-0.010006884048998368,0.22333680191634495,-1.0265649246883175,0.21055992324365436,0.2087756090724365,0.43928259600193587,-1.8331749312696528,0.658571559975753,-0.6546719851426858,1.2446922768265676,-0.5838110531108264,1
-1.7036130423692406,-0.8473815633359795,0.960160766280709,0.06674247363143625,0.8472298281880107,-0.6053148357999018,1.5203661622723759,-1.7840573115363634,-2.279105824053855,-2.1319668863029673,0.770709823129096,-0.3905915048037238,-0.43784348179105353,-0.38189267042923847,-0.03026596027954201,0.17542855283161815,0.5438550955811216,-1.5744804506784793,-0.8765069250720994,0.6926207713845756,-0.11773889323938183,1.8362753144396355,1.8479559555033085,0.6021224843181495,1.1252376163781297,-0.04549046784889961,-0.8345289362129189,1.5246708715000155,-1.4484251974484565,0.738044185336225,0.681269996281444,2.201472362476858,-0.5846648803785481,1.2489000002094763,1.3181758561033687,-1.1550298248223725,-0.5995334227809832,1.179600184587323,-1.8561938675677627,-0.5619517793545961,1.6204670165871244,-0.41270235590588256,0.28656725045678766,0.49224408903852973,-0.2876184948087263,-0.07607174307126374,-1.4581590545367649,1.3807427593303416,0.4516244080631806,-0.854704642926722,0.06868991661006578,1.008666247323279,-1.0833777724410603,-1.4808125975540603,0.5449658208605104,0.47173184701923243,-1.399544959767942,1
-0.19726416651373732,0.35517378041731257,2.8199734935803105,-1.033956415353652,2.013912496598009,-1.3197550143792378,-0.03548832223239916,-2.045752583780878,-0.7692087893375434,-1.0820812552068073,1.0383379590324417,-0.6835762952350706,-0.3647162235735388,0.4048209000422018,-0.6072353567269089,-0.7580298753003722,-1.2051746487418742,-0.5466253862598603,1.0970801756482838,1.5874560926888317,-0.03744130400124926,1.4955034811785872,0.6107874692424415,-0.4311505605296353,-0.3509899879920317,0.4304620842652716,-2.5177127680191287,-0.3604023218926901,0.338818263448355,-1.3123371101120986,-1.106540877302939,1.3872826607605704,0.5833235326948321,-1.1086513629979458,0.4159734979201131,-0.2705369781003387,-0.5468622867903632,1.093265441256943,-0.2988128019001283,-0.06953660157004946,-0.4898811773482989,-1.1161814125053695,0.010268237117068627,1.0007268436847594,1.8312716578961798,-0.2589709451493093,-1.4070155914561335,-0.6370669082515212,-2.030718738682499,1.498251595699524,1.5804544793550006,0.7406516968222017,0.8180304618396478,0.44522670790408864,0.09097420528917273,2.1169244498377777,-0.6970565821725373,1
1.4569816832792375,-1.193255425678101,-1.2236054015384827,2.5739878628170643,-2.4445688891988073,0.7235971312022336,0.7649442064599434,0.9324117720177423,-0.97474869993976,0.8714200442284551,-0.6285975033426812,2.5002494745637223,-0.08938675323899108,-1.7722294154960543,1.6011455211627181,-0.22745774702142962,1.9300542444965734,-1.3425925621610117,0.4851987257010434,1.0143667356817032,-1.0938888082030547,-1.259034685975367,1.8890087159365916,-0.9871319996876421,0.4941761033850296,0.6399571870138899,-1.2724741044272818,-0.8265651962082136,1.5588142938921088,-0.06812763349323113,0.8283781124050935,-0.8093969135323629,-0.1847352838306673,1.1145947794446855,-1.969707037860346,0.30173082078742525,-0.5537792059643923,-0.009312098615404487,1.0544781524551603,0.12130422254416144,-0.6181701673168973,0.3796312853920696,-0.705603043270977,-0.8003132228494169,0.5147323762170432,-1.1777616553877361,-0.19152970310959747,-1.4724519896778232,0.526547748273537,0.4994429938437903,1.4492209380021766,-0.3196958251019388,0.30809937321293823,1.1114786032236865,1.3160313896540663,0.3010520094696471,1.6972901660011788,0
-0.6416045529169203,-0.3813501905823466,-0.48501200635689057,-0.314945008781739,-0.13301471358975547,-0.07166195022959322,0.9398759502006436,0.06496492634311549,0.26343701129431146,0.3342181508712601,-1.718219622863923,0.08494536013364608,0.5817052279190551,0.8646892794846054,0.3636456556788969,0.23097438692023364,0.8171914536920591,0.7399582993182898,-0.9354400597457108,-1.7666124247166328,0.2526032830587728,0.034313054871299375,-0.8367621547632271,-0.22273229139633205,-0.9834288206048216,1.0321845928957278,1.4234387097625476,1.1438233249481085,-0.6762293069051982,-0.9633010076947527,-0.39363708743284176,0.5558511269522454,2.090311473505628,-1.4151733718299588,0.9187187131450094,-0.3930499453331246,-0.27145208196334036,0.9714757634363359,0.8672124709300888,-0.11704973918687489,-1.5294076379983277,0.5350709384339638,-0.828491272831541,-0.15120420539588691,0.09740326568027728,1.3249449401409348,1.3950360218076965,-2.027377194788658,0.36714668819646834,-1.1225085008841276,0.5269772929024076,-1.834024979649922,-1.22000653218766,-0.41168300011735554,-0.574149949223639,-0.2065449975418672,0.720710797575148,1
-0.8459578811525971,-1.960780644549606,0.28178135603408644,0.6965478089433526,1.3853836708610177,-0.3722712937824567,0.21138519750035786,0.636650304386038,0.7196026097828585,-1.0537266877496032,-0.8628337598234495,0.918190248134664,-0.3115584017082453,0.003634502851215068,-2.545271804599239,0.5528259872590502,-1.5814389768991393,1.9824140486203476,0.8955437912739975,-0.2794908608550966,-1.9854637063071774,-2.10074737707392,-0.7727309294229652,-0.36847609435634704,0.6375872666409804,1.4047237810619213,0.11075616654652026,1.2165410577863087,-0.1975302430823093,0.12860549360363324,2.5391842541085907,-0.2784924020958083,-1.3437570413034423,-1.6446401601975544,-1.898783390596109,-1.4435521791616273,0.464880351108036,0.181555428278251,-0.43467542292110717,0.09365339393650839,-0.09350716117325947,-1.3874768495632002,-0.36340266032372254,1.0990715787370748,-1.4369689616848103,-1.7892350335739309,-0.03654171330716367,1.2687246677238246,0.1604996207537924,-0.9716616380586423,0.8819500464633522,0.6984274345424414,-0.9731174665999934,0.8405190216311222,2.3332262725648834,-1.4514540006283336,-0.11064874510735319,0
-0.03771398090976002,0.30371157571975105,0.7260424141275299,-1.1215868810012122,-1.4886178556209824,-0.6257560518157618,-1.6602230220190257,0.20846098905340044,-0.6937006563348642,-1.1613158096452245,-0.43293058268187595,-0.985700233059896,0.7706650306942103,-0.491844654869064,-0.6031034696426085,-1.369787983794038,1.0326568803722598,-0.1099933024919485,0.3627009648057346,0.45656996844137565,0.667391005387,-1.8343895336022074,0.194939124963374,1.0413845916592521,1.2103675942135432,-0.3005840214673208,0.3003877026437635,-0.669998677408008,-0.7213193760567602,0.9968587094601505,-0.611065198446798,-0.9557325463274324,1.381108444918025,0.003307464852784775,0.282637222112755,-1.4413135553593692,-0.5942584936576203,0.22105109372665765,-0.6248948079186669,-0.5056303792507053,0.8944879610551631,0.5590108441744104,-1.8041772213751108,0.35088103969285905,-0.9890732150391452,-0.03306003888175754,0.016426344878885505,0.2076598468787523,0.07853221491275265,-0.4357396717711952,-0.1640674634869585,-0.8543709561615839,2.2540311825636445,1.667754086811485,-1.1468197474282502,0.5127061894972524,-0.3241926375719008,0
-0.5670690988643363,-0.7991919436513469,1.1610085754384305,0.10351946458590616,0.024881388760282456,0.16084598369127656,-0.6812497407583521,0.26399324522477924,-1.1031047539233818,-0.6396708516300735,1.5144310041414644,-0.5178533344391386,1.2794876725670803,0.21124801433667137,0.5298776905206357,0.4714133434807308,1.1270544454088536,-1.5074978295467487,-0.37376886009982635,1.2079700819483237,0.7446593245573598,-0.006539250482245383,-0.7277387586217214,2.3087144745688217,-0.28354826117433984,-1.1697274089741827,2.058825977315014,0.9088838665609228,1.0213936501876044,-2.2140831331851176,0.27560786128972997,0.9257216564630262,-1.184981095891729,-0.5567340542341616,-0.017766246805661984,-0.21771992616710223,-0.35419631096626425,1.378811782171828,0.561041054902223,0.6793548407067785,0.9078180664910168,0.6889896356989409,-1.1797237316039986,-1.4168120067200225,-0.951764239341062,-0.8732568711012022,-0.20901276831504553,0.9838840041823589,1.4732097972984872,0.12343045429398213,-1.3153844855001915,1.638388299509573,-1.3173150875880342,0.8147963220249231,2.242092216150661,-0.5540623520412246,-0.5612911535780621,0
-0.3982377430888519,-0.13142802373692414,0.4225025740693197,-0.6105346463316711,-1.5203807235642557,0.580662178743677,-0.5632830591157916,0.43166347057307936,-0.32969030177494124,1.7575341574584284,1.2505872565764722,-0.7688546198022617,-0.2850283545530921,-0.39624559118280334,-1.6055209699672852,-0.32132132168425553,-0.36919004403617445,1.9508429168003707,0.1645826156647637,0.4154178906739069,-0.643974814691103,-0.22374365720573086,0.09904552618901602,-1.7509187904166015,-0.6211115051149918,0.671686095580357,0.04868584664171593,-1.355645412984324,-0.34339794748261154,0.04123495637251802,-1.4784844617178567,0.5948219699793914,2.201883695203784,-0.10272635159424219,0.1463563845924982,1.2441950254866523,0.039131438337741214,0.48904072537017046,0.9896944612641918,-1.1063987631594618,-1.00407465293562,-0.459857945499847,-1.359059780905054,0.7825587116300184,0.8472971055419652,-0.645950684985649,2.3355251488452216,1.3146257607846799,0.6158455702369914,0.059710529817130556,0.3630901878568867,0.23331595437443378,-0.22411437547129204,1.1376921454779871,-0.4011114771846379,-0.05429025647380518,0.06820186765713371,1
-0.6702230729238218,1.1913230828861068,-1.7893090969474128,0.10707449523585534,0.4743145652626706,-0.8665108842063023,-1.5222377238628095,0.4550688452917738,1.913027751200365,0.6536647325948326,-0.5098990825936287,0.16286192963249468,-0.1814707023555245,-0.4303660682351835,0.47687038330091247,-0.28047933218965987,-0.18190014641330587,0.7243307808446448,-2.43140410809653,-0.21138003154505608,-0.9410592686293937,-1.6369892793164982,-0.8903540728600015,0.6959734287670023,-0.5484646148719702,1.6531134700846768,-0.2994734045799789,0.14751959900084982,-0.8615349034731077,-0.31268526224988435,-1.2943307170435219,-0.13408471236592062,-1.380100428353039,-0.6161719182654054,0.0380158332229047,-1.4597488948254416,-0.2967743091987943,-0.22065235922242432,-0.1749424886388013,0.011382339313857223,1.9058822343180344,1.636035491511588,0.788267783661987,1.3267951476204423,-0.3740407787793977,0.15255594726865293,-0.09674732521054571,0.21961123587077463,0.7141234497728032,0.8435261730909533,-1.8561557447209693,-1.378610519223369,-0.8969999408304755,1.3723363840074836,0.5001730221425117,-0.45751450992204085,0.4782275410199149,0
-0.1128130421515784,0.7433484091668815,1.3104195560683531,1.5303241118752409,-0.8641607560664152,0.6514163945009764,1.1481847188384244,0.926369208235788,-0.3655940297210247,-1.9818337690410468,-0.5920218144808451,-0.5982459942021285,-1.0201100211921104,-0.5973222238645454,-0.16330796003374534,-0.630727085512491,-2.0260504246632913,0.5810811519426037,-0.30545965147706194,-1.549220634380434,-0.9126940816810967,0.07119080704465483,0.9257748489575659,-0.010610400753398752,-0.03594590289997779,0.0027600592795067307,-2.3231455802912295,0.31842373194797075,-0.5263513156693522,0.3961036034048074,0.21105660400702397,0.5169598930114058,0.693899616455685,0.8414831563368175,-1.0404981153538382,1.2001509949904963,-0.7527766662386081,-1.69913213975639,-2.0894964718097477,1.6401417570958448,0.48062205747578746,0.48761245920716684,0.7081855982150372,-0.5276241745915856,0.4875030513519622,-1.5640317041900798,-0.3836733306535742,-1.1322466917339578,1.12214365475456,-1.3871541037030688,-1.8537519628436352,-0.8157367202238404,0.3384010085638077,-0.3301738209943218,-0.965871270128482,-1.4431545864928161,0.3278540189564322,0
0.07319443133406896,1.7906631166636822,1.4675845646781198,0.04124607593442328,1.6220833675327284,0.7899064889609742,0.5568179812335412,-0.3741100160319757,-0.8210211604658129,-1.2607681890242515,0.17795442263199876,0.6776865570862405,1.5531239677484152,-1.4089372881702138,1.0052039069131633,-0.038035821163475175,0.6911003240092582,1.9643498739458736,-2.6343259483589128,-0.37109033979493317,-0.6094104099436389,-0.9239973216874756,-0.5044510132833564,0.0031807165716831887,-0.3869488436032018,0.5187009831442118,-1.4155080876164319,-0.37447813434050087,-0.4280559948439514,0.020927296194704122,-2.3886571100206675,0.43861448793635605,-0.7849005845578737,-1.1097565505331304,-1.7522746282688366,-1.1358903244619467,0.39921089483596023,0.24359982311408182,-2.2764456564661417,0.4525890589612114,-1.1693597231475559,0.636438359730597,0.15573620257859352,1.0677969759366563,-0.4840126285022216,-0.228845296420668,-0.051618632261686226,-0.15377572591068162,0.4535957053929757,0.35033587942964345,-0.5657252545224096,-1.0539360311463883,-1.6649258711851787,0.9136746802859034,0.3716052321611698,1.2320357230127104,-0.4989776015635204,1
1.608930529451185,0.07699532070862648,-0.18625441802256062,-1.0912485529331422,2.0639034337842754,0.45736845708751533,-1.55980368116382,-0.5980461747703208,-0.6638263744390858,-0.31196348210112684,1.2013393103761978,-0.726600435276134,1.2863614592974277,-0.5214937600068826,0.80642948501191,-0.27975675162893227,-0.4911825690024609,-1.1674054215049494,1.109330369238125,-0.12267648147129717,0.14304817614392493,0.6713957610624623,0.14236605089140292,0.06698709981388301,0.7884934563214031,-0.6010067008512152,0.3526295442873265,-0.2734284695256823,1.8634819430694964,0.31482235258946295,-0.8555068980423878,0.8434321137430411,1.1253548472689576,0.1957099483326623,-0.1805041551926579,0.2738102333651825,-0.05854275611518088,1.1465009154174541,-0.5967543649863087,-0.691627409029904,1.3940132270006476,0.3278759796267873,0.5894952543746482,-0.2104102768682127,-1.0016855677565606,0.2548011112924131,-0.5504870338332175,0.1019379267768945,-0.38106644983187665,-1.0468256453568254,0.19425710215899872,1.2086628923828284,1.4525932600333264,0.38037717365901946,-0.24461086044701857,0.48948884627392997,0.2154664075099068,0
1.607262019250363,0.9836671546559821,-0.07593992368884268,0.5733921076139089,-0.5528051260111283,-0.14067443231472415,0.19846429512973301,-1.5800044326397154,-1.4514748725136535,-1.1116399350371595,1.780819381705646,0.2566597670755152,1.6396585468764577,-1.399659188409604,0.5666504066315111,-0.053866232876209515,-1.1465787347749368,-1.4280700258606038,0.010145704784191124,-0.9339574836263369,0.8403006866720234,0.6371522137066122,2.060071786679811,1.1585803735026805,-1.2092163547078751,-2.4846998289031603,0.8099413628671475,0.8692085318586027,-0.3661726615681706,0.2668045851864765,0.6524896228235888,0.8461210334650406,0.6328042110598933,2.257069332455571,0.6736624220084368,1.8271858191513028,1.8626984532029331,-0.9334159219017681,0.24237300397544545,-0.5194467594187339,0.6507964582427301,0.7305120739343518,-1.1421987002546319,-1.5999996007258477,-1.3584856048808889,0.6909300702512066,1.1915241632273572,-0.5311667015762915,0.39986779948434914,0.4657681905561044,-0.48636161636847725,1.5388623516081237,1.2264358542492455,0.38294988956211173,1.0907392626168557,0.7025425213633048,-0.8272812239321887,0
-1.142330712768607,1.2188018114250863,-1.5707322707824503,0.2329139434682726,0.7822389187587171,0.011929267153199396,0.11039087661978876,-1.551275385627578,-0.11910001660690532,-0.9238381833756588,-0.5993162274553687,0.8553936792455499,0.5665667372400376,-0.06158593188764683,0.6828059932944336,0.0414512239739335,1.6073411020363813,0.32162966554582506,-0.9775347037421797,1.5006450174097348,0.9119305389342547,0.3873490138491406,0.012174859722056355,-0.28803196772560097,-1.1136056383555388,1.8208583365526072,-0.6552178220703386,0.13044510352611013,1.240358435348355,0.7048485775808476,0.9829780017082065,0.21921332456239695,0.6482731754078199,1.1110036664368723,0.16592397740735215,-0.37440429226810784,0.9702794457047046,-1.0174651184923331,-0.314131186376702,1.775512481908795,1.691034386769105,1.1819879604516093,0.183281494817137,0.950488429251491,-0.11308433159257196,-1.069251501046634,-0.17106517275950547,-0.2924858615433077,1.4045471987660987,-0.2642180512807078,-1.0616663586857622,0.1416663836114735,-1.6095218943738867,1.3514576177854396,-1.5159498683054384,0.12337888035873577,-1.369946581185017,0
-0.49871290322421563,-0.8139381284580853,-1.180274140995583,-0.04779442103634027,-1.1677346038142082,0.5804839943277669,0.12921744767455715,-0.5168538840659694,-0.16409842708022165,-0.008544129982620186,1.1882567001858355,0.2953305147806891,1.1782220520953537,-0.39239672014120924,0.9315551009008362,0.7636804861477435,-0.631075611339736,-1.2553877712621044,-0.5138026629861913,1.582866779800222,-0.000247759214662913,1.1106922532382408,0.2811439980257805,2.0282474627989044,0.8681516720529783,-0.2519231011235257,0.11806413233130153,0.12756828155554278,-0.224991426384929,-1.939650230568019,-0.5037391943128695,1.3346176241330514,0.8137105951061974,-0.509660601822235,1.8889277334092103,2.374216880575717,-0.15508232767020785,0.455657535119065,1.2929298746945528,-0.5750717681408722,0.6204911616832695,1.8990594022311658,-0.7749185023847772,-1.7469637613733489,-0.10227095059421147,1.0203787140206158,0.900849838122575,-0.07021733688718004,0.2769046450191219,0.9055907614861143,0.8377556137787211,1.1792599181413037,0.14963280696956568,-1.0022494579714116,-0.8312157739644075,-1.236054979622581,-0.5856543990475687,0
0.48247107296784475,0.20561991654803974,0.6222081736682905,-0.18269515094380584,0.43840740155853,-0.37289655495163204,0.9294253442231019,-0.09627226352047892,1.051044136951967,1.1858621115407177,-0.5647475577044567,-0.13942823417953842,0.45765827849109597,0.051666162358357214,0.34750787930874805,0.6570926380934333,-0.8232833658438616,0.19813153633224115,0.512821593743506,-0.8371307938050259,-0.08791776055312545,-0.9226774658675451,1.3801633319905167,-0.03006868095181642,0.40735968680524653,-0.4272202443772536,-0.47838384264136563,0.12669496753888823,0.25983723650195534,-0.13144550460583618,0.8907879073367987,-1.0937594428642983,-0.018806381616594158,0.08236277054669772,0.23696928604558326,0.1289932438217903,-0.1701757244297439,1.6442235846565862,0.716091455349111,1.0157072527898634,-0.6677065277816212,0.047633675996938685,-1.06419312727067,0.0029712414574310318,-0.3145304171981909,0.5613969575538327,0.4130980714945052,-1.6970824636019861,-1.4970807263526704,-0.9929198761508146,1.2298360880725143,-0.6177410413237716,0.5475499921703229,0.9071314050076374,0.1664741620923528,-0.06188823900818313,1.9395425873529524,1
0.5784704060335495,-0.7491521956162382,1.269674710928086,-1.528151844017625,-0.7050261055501492,0.8215436487283351,-0.5662209359611691,0.06500962809672166,0.6740309006793508,0.9061777300564856,1.7879948900812022,-2.202972699939015,-1.064916539900114,0.24364969160944192,-1.8464084160029375,-0.1645005283330763,1.1886845097147951,0.4473032264267869,0.893239782369949,0.38547423460131175,0.051623765696222484,0.5382733682258347,0.5215096377408751,-0.23645815437648698,-0.8421950229586329,-0.4860218106916871,0.6210713686462265,-0.7042683507466978,-0.4493147461750802,1.2380357568015259,-1.3510479542603153,1.177657193587692,1.3720255488084272,0.6111032301027263,-0.6801424726561647,0.1396437054836566,0.19641113100581029,-1.2220112484988601,0.5156271083301367,-0.47357708745130644,-2.250417291467334,-0.42411909638647827,-0.40305486002727076,1.2048714499423068,0.6203674228022071,-0.4543829039361443,-0.20619292122974334,0.47800959181879144,0.6827836720533503,-0.13333559420809962,-0.09469749358235006,0.4728705728949916,0.448680236505173,1.2058915241186567,-0.4769591534852877,-0.32878504044584805,0.4245630375191741,1
1.8130214941015144,-0.5706085312273171,0.11860047371034596,-0.7975289716681437,0.9017225663153443,1.3232282301786138,0.0554017228737424,0.09318386561606158,-1.465889736386754,-0.12824612278512332,0.988162927386104,-0.7747899272056097,2.626369582234298,-0.0860383609406432,0.9063205095387376,-0.3477607403369746,1.3543279853706973,-0.2788114873382022,-0.23419056446189263,0.11201085828117274,0.45929609044035785,0.9442724114476945,-0.20045318967061218,-0.6980223770742313,1.1821909746862367,1.014191812491105,0.7637526841284693,0.635778757632039,-0.3177416332970812,-2.048872995849746,1.25321900554106,0.5804246801330091,0.8819278106252033,-1.2131065149646636,1.8025784713912045,1.4625182921222946,1.41646135841493,0.47712050090438507,1.4730796234807322,-2.1054158318237004,0.4370360213595855,0.8159462124700211,-1.5136432556158517,-0.6162627918683241,-0.5867740514749648,-0.7359584676300079,1.6206775917576375,0.8871626529748667,0.2325169376634426,1.1586551337050548,-2.3825029575304746,0.845599041127094,-1.1132332175320476,0.11702507211437613,-1.097437917589881,0.7456041272280912,-0.4737287967187614,0
1.1325575509831325,0.7758955290117588,-0.7044379738339108,-1.2161899715980198,2.0493233108840703,2.008608265035543,1.457006421836725,1.310239531729998,0.6199094058266237,0.8319881075737227,-0.6920027565276187,-0.05309562036969893,0.2617684435344173,0.5208245218118398,-0.5623678951106912,-1.2812641023857503,-1.5061995795599545,-1.2219901235184767,0.29234357839510816,0.5820210675752476,1.8521041390767037,-0.21840588363247293,0.6040872102305632,-1.6994602635512646,-1.675072496902877,-2.1139547516194095,-0.6896358750015882,-1.3750488781576118,-1.093138082094144,-1.9497670379285983,-1.1688661310290445,-1.0849047553584916,-1.343042365667566,-1.548555192653204,0.7544548872237864,-1.0672200114602217,0.02989692038543981,0.16057601241606406,1.194269524375004,0.11878869662787145,0.2665054257811552,-0.7389267291381447,1.4045990509647313,-0.2522099068907165,1.4893061241347512,1.1166939448036879,-0.874528865369939,0.5986780109884539,-0.8275961996610033,1.021975178800586,0.15553084553554666,-0.49659149997657703,1.3392042945826883,-1.184079657550505,-2.1219984274894563,0.36474115547393104,-0.3982016757334527,0
-0.5188977106732531,-1.6437720271295144,-1.3730151931886638,0.40404262374302724,0.05408694214944916,-0.5256023078675492,-0.24162888703133628,-0.43475086683380854,0.17115803510823716,0.3162199110185637,0.6825740539667782,0.1324877499563141,-0.6426499880898738,1.3093288323060424,-0.10783876347971756,0.06745106425094406,-0.8180997429678635,-0.47185464885160755,1.0655045962654837,-0.8872358665730643,0.27101759234146366,0.3569139285841515,-0.09003863083621662,0.226447820103879,2.0213771458055803,0.19910380861119242,-0.4876397973170447,0.44239468681319816,-0.893326327976578,-0.32622948789218853,0.24841303632234027,-0.4284823345257557,1.8657268304586916,0.5073509667494809,1.2313301027624126,-0.04104818883688241,-0.44030066505897403,0.2003427824611425,0.222587640266635,-0.245931844312706,-0.747750148309386,0.5804084829968347,-0.5114858694760344,0.1784568050857206,0.011084846369381658,0.027968572410342618,1.0191813505283613,0.08433561244881808,0.3064954072316177,-1.020250604630998,0.0789805648650409,-0.035418729253307635,1.1380705064562502,-1.4380308552067775,-1.1720036071675903,0.15052220560713345,1.4980329573995732,1
0.2623834211575475,2.043930815014947,-0.34453613114758946,-1.8350971744897397,1.9981999222103723,0.8043936750395201,-0.27108827755578013,-1.7373159702725505,1.6179570683064268,0.2939127932358794,-0.07497673016548721,-0.6293128222558539,-1.4158837378919362,2.038525362111957,0.8572156309086876,3.16276298166956,-1.1190223223705256,1.940777304210353,-0.2201125358942525,2.157783052101159,1.4222228836748652,0.29661515637930264,0.17909763763671213,0.5375136758093795,0.08180513154503197,-0.3991416473747357,0.3397690777352286,-0.40290135924927695,-1.1056848265818213,0.9451437685717615,0.03778759740505853,0.0001461442919870291,-1.8865764442791733,-1.416557167132062,0.03709400275120171,0.38423356237179923,0.43494743855658385,-0.5074626699767901,-1.2808539786653812,-0.46911727909607515,-0.27737633502278464,-0.695376145310451,-1.0256144701604677,0.43271149666245845,-0.3082720441995448,0.3413443908481422,0.017957925428000628,1.1711867363802384,-1.42077136093256,-2.2338512803767814,0.16991568074211627,-0.69737744321571,-0.7504485116054411,0.5776832989629855,-0.28580044736807086,0.21986198969383927,-1.8679920790126343,1
0.3848320545556731,0.03524253035406746,-1.182980021143425,-0.7966084780324245,0.08954427528144356,0.17488057196093418,-0.8295575896271528,2.0403817937301088,0.3191501546044249,0.3345013404856655,-1.702297224087843,-0.3639216470512433,-0.007338469668159581,-1.273187544683776,-0.09270569945390451,-0.3241352662201637,-0.6486330003309435,1.1802388896236193,-1.3677922941697929,-1.0314931809028682,-0.20435685136650286,-0.33486105175833497,-0.631159406896522,-1.0784435104853103,0.15325333063603702,1.7098524839724865,-1.0197988774483255,0.6194493061724103,0.3649275875319958,0.44469626199173834,-0.055784903123252634,2.0082156140141505,-0.5152864865920364,0.2790200381302444,0.6864362270502207,-1.2700337628965028,-0.5304176260684013,0.880451986639087,-0.8305983587633576,-0.7362655780395901,1.7435070915112145,1.3251403689000312,0.35214570462658595,0.10458912894824722,-0.09286051827229967,0.8913547460453575,-0.3829247333821031,0.3441390717129027,1.1696493539760082,-0.09336986427803232,0.48688427110179255,-1.2324258955039338,-0.4082453971612279,0.4430827744164698,0.6541255451078907,-0.5079011620539693,0.5894172971999162,0
0.5191254245705514,0.21085905376502972,-2.676200866204692,-0.14503471553084812,0.6255852949126981,-0.4386036207079956,-0.4398278269390807,-2.6733045499679506,-0.13029377825568345,1.0705437007212553,-0.6604378810515618,1.217855272562879,-0.9912992581475225,0.8973610364620651,-1.0825572209364227,-0.6355534486750325,-0.7099860159992458,0.31791398939533977,0.7193420403898123,0.3295623831842688,1.7356639917181378,-1.320934049285456,0.6886898923176537,-1.0444298038312803,-0.0013629450344654858,-0.5119495381835737,-0.9328750599344694,-2.503341275786565,2.5550148614765726,-0.035286298472792965,0.8751906554218487,-1.004741648289663,-1.5755162473501108,-0.30547955354758394,-0.2141377198477176,-0.232477863797972,-1.8343747900992962,-0.006918305888516736,0.8648315845882065,-1.4766864386526666,-1.0005114280889609,-1.4592474109608287,0.33195619518135716,1.7818317204362284,0.31827267540024323,2.1828983188138364,-1.1097155003787333,-0.147926185919798,-1.0634533794421368,0.039788274293061365,-0.7723120990784532,-0.6937131335895895,0.4830057358765322,-0.8472048706331327,-0.6780379809540358,-0.1680491507983493,-0.3136776641696008,1
-0.5111576315634059,-0.5564830742557629,0.03602402184543444,0.2540572021889805,1.2080035951581556,-0.17750247347626563,-1.277306883079825,0.4101834804051047,-0.21455917310110295,0.8015567560757201,-0.18202686549669178,-1.4032899324655423,0.35745028238186294,-0.7909085603857783,0.41639939601872017,-0.3819692761210041,-0.367157258043321,1.047784005292181,0.2809441150947055,-0.33354925309433897,-1.4931103962682366,1.1847961135145646,1.413270325040377,-0.3926684770610747,-0.12112705092463696,-0.705697729620547,-0.3600063445868932,1.619848567030432,-0.4255420458504098,-0.7497920593449545,0.9277591399323913,-1.4407424037150336,-0.4646608617838844,1.8174864418530878,-0.37117714359785065,-0.9321389841411748,0.016794476933888847,-0.048700816297939854,-0.9042443640168139,-0.13164270097665345,-0.01566435859255125,-1.2145407536552542,1.5584514769245101,0.25120273191356546,-1.204377934515719,0.46198431729552714,-0.0459445433367436,-0.5424357315554308,0.3626420581384086,-1.2415708211500034,-0.8833782219880847,0.4962978102773513,-1.0878517475420886,-0.6032725949155402,1.6139226372495552,-2.068304374860194,0.5921140756764444,0
-0.5529293135502941,-0.19533125073306318,-0.4033166978006513,-0.8560113382564835,0.13761912778056148,-0.5073773270014904,-1.4914976091629137,0.271969701471635,-0.18142429282906822,0.9583368037416083,0.061028815947562445,0.8775863756265228,0.3674847508471635,-0.0974627021223341,0.07423702330173315,-0.13538575960258117,2.131448933158875,-0.8420617105424664,-0.9044874439981416,1.2315358735778188,0.14510259641041956,0.29078850485272956,0.22337249583873736,-0.508065544547208,0.746188514776176,0.475955836460204,0.25928443116627703,0.018431757841470317,-0.44288146247237703,-0.11752845659131321,0.9271534879771025,0.8563005169845699,-0.5909720881879641,-0.5063220520465992,0.9589214257536499,-1.2076500747819985,-1.693886527111752,-0.2022529316127109,0.2488135088196911,-0.6140983442696123,0.6868665945425182,0.886981890080702,-0.3039596965615448,-0.6518724261593345,0.17288630631443094,1.0509500043690594,-1.6876954538328688,1.7064258706789472,0.03327750746941048,-0.20805578540307124,-0.013301583580623963,0.614626600525801,-0.36165193102732995,-1.335354830366542,-0.7229072051950673,0.8655228363992549,-1.8680709910745334,1
-1.2304063621087034,-1.8628304350266798,-1.475718501754243,0.9155828489008195,0.7614293867821326,1.0706474402619421,-0.25603665185566654,0.544512693456484,-0.8503738904056833,0.4143586258042773,0.4443876562597821,-0.9523895859291638,-0.27837012474137784,1.2405072947926947,0.3383218278202105,0.4401386180118444,1.5418861687484566,-1.766168272630211,0.3431528898051255,0.6749513988675276,0.08041706831059617,-0.5912113479875392,-0.4280347619269805,0.8490489248754728,-0.06267851001590671,-0.008414659322935836,0.037482904497485835,0.5111690196653406,-0.33428141738100603,0.5763780335346603,-0.7095162218165291,-0.8887776149332942,-0.7488106102502192,0.17892024201559817,-0.4143788964287735,-1.6662073763915524,2.5461542428292936,0.29261279518146077,1.0953386384576689,1.950118995280477,0.44000321996172836,-1.3706863141357137,0.8949982861940856,-0.2754606008818493,-1.7250536543850452,0.5158220896324004,-1.8791394487713726,-2.1758369194248193,-1.168184338630587,0.3738408888426313,-1.114725314769283,1.100562688059332,-0.5717726631459081,-0.057712157400670774,0.36863528074573254,-0.3992052069589109,0.4903809641796154,0
0.7503769199942549,0.7517716291393799,-0.6613571608190275,-0.14948443836838574,-0.38168222464030765,0.06927474193118692,0.24585169145637503,-0.47401002261471303,1.2171803463864945,0.9049962213515313,-1.0382964227560605,0.5461143383954901,1.0356833875677591,0.568952096897126,0.5194989443553056,-0.9255248673671154,-0.14835854253059638,-0.36809929353377,-0.3403366221002054,1.7135832442906742,-0.37512263708794524,0.40876241845398026,0.1543644661176475,2.136394937306906,0.9461804987099516,0.13092141392535295,-1.0073614206309431,-0.18051152830098102,1.2027329866158172,-0.5796437611961874,1.1257787461800128,0.27016773492056206,0.45407968019179323,1.1816850273857766,1.4051571091824755,1.5725037840426286,-0.37476587597714117,0.2076230514095397,-0.47284937143625544,0.8933712538622227,0.7423503004316366,1.0370914933076387,-0.4563465625986176,-0.5025011203245499,1.021878261413336,0.8900681852380239,-0.13073635798913352,-0.7532414782397072,0.3045169464987791,1.721663210663793,1.1751402171440877,-1.1725112052216577,0.4461689119811497,-0.8963522113869374,-0.2259136228537823,0.6797375787512574,-0.378333355064963,0
-0.5961900907998545,-1.9297365377793156,-3.407797922265028,2.420790334939882,-1.941741994759535,-0.22540508567805898,1.040978863154702,-1.1668113665663031,0.9611202698243022,0.7196089209356095,-0.3428241494242768,0.9134707298483514,-0.37889502368782024,-0.44650939186598915,-0.7094202261036963,-0.516837411999621,0.8653041799876199,0.10853106498559338,1.1616296508181223,0.8050256545847074,-1.0809094530313377,-1.130418890872914,-1.1491869276899964,-1.4349962178032996,0.1395673616574525,2.2559515440168543,-1.126806698898703,-0.07052572684292455,1.6538886254389227,-0.6858477665258315,0.05988542927741736,0.12574261135827028,-0.2279505944003185,0.32295272163914396,-0.4100391040746816,-0.2365806755113057,-0.054580884589943555,0.41031019948914177,0.6326565363439948,1.9590148717088793,1.34884672416588,-0.6215104462812462,-0.48710009014532146,1.9303501196217054,0.9933751517987143,-0.9163779775474636,-1.0821116694793198,-2.200292644874679,-0.4721896957826562,-0.5102113076078003,1.001446713479314,-1.6778914665311213,1.7975200936170774,-0.039331515086778415,1.6382877822812278,-0.44870446839762496,1.7790482436764974,0
0.2985491981019404,1.6701025434211685,-0.16762360337576077,-1.559296375485709,0.8503537604266411,1.4950950182085572,-1.418542308613311,-0.6434034373309956,-1.0022276522642495,0.9868548714483332,-1.7668926453735674,-1.9138308213692248,0.5552715749154693,-0.9512394573028583,1.0873600198721753,0.22985016018614643,-0.6475337548372793,-0.03003653830173409,-1.3285098885854878,0.5835738356411441,0.7894570913058916,1.1258156288280352,-0.4527965862905619,-0.30920526534462367,-0.5012870360965381,-0.5110813261758487,-1.479652496471038,0.38930263658650993,-0.38975444267173975,0.47589622642053386,0.9721034207217393,-1.0962460807713013,-1.164615329604961,-0.09291375012441178,0.14176888917699193,-0.5863721656162929,0.5871535512492877,0.03542370143281327,-0.4592068502562506,-1.1159635213637547,0.6044576006234977,1.9234854893271034,1.0145203735124995,0.666812803778794,0.6569935300548776,-0.6763855212169747,0.2799456163685191,0.4333891781335541,0.8029342878142214,-1.0002220941567974,-0.5501095794069882,-0.08507365336199504,-1.0840983258634975,0.2665575463714396,-0.9425931368611022,-0.4683338178708914,-0.2984276061836543,1
0.3469988486591785,1.1419209028964268,1.4587020995233535,-0.0015777997583515683,2.4482687325191086,-1.4355202672669984,-0.3173663371172355,0.9299113221874841,-0.2485584857119643,-0.47113541893577837,0.5108810674734233,2.6790119549491513,0.5598761846799868,1.2752353230638136,-1.5336384661760183,-1.0928718883259012,-0.3407636023608589,0.9975563469061424,0.8847837096785467,1.4135569128121184,-0.23070904507107604,-2.160116281316379,-1.4552938968309406,-0.06042591308153371,0.6461168431453399,0.6970035837027099,0.14386855279353963,-1.058734159277327,-0.8689742103382319,-0.9862667971203948,0.3879688465476087,-0.49150151194492686,-0.6826353802717027,-0.16900564534080068,-1.2997256144022555,0.18167910727970635,-1.8694649442292355,-1.4530589575101678,-0.650273023291276,1.1655471790780818,0.7927815184407052,0.17566704406037703,0.6212714425793705,0.9677325221017576,0.05788098936601057,0.2550214082800308,-0.3513164770795459,0.7226562931211431,0.7508528433905576,-1.0444210647575345,1.0793025620561438,2.054813486748514,-0.8690547034188796,1.4345712504421666,-0.9615981842128979,0.861770283117978,1.0963697133273091,0
0.2921076782045059,0.24495493468656057,-0.5847449038482235,-0.41896007141373554,-0.32856491068145727,0.7348762197613502,0.8051376932259388,0.10690166149464324,0.09144340417918473,1.2621806712189536,0.6427676695890764,-0.6333004880968327,-0.7890540611801188,0.3695068262159691,-0.16589874404626423,2.086058942461356,-0.546691842149805,0.6255832654679058,1.011950395976179,-0.30138625289781823,-0.13322988358318522,0.9631938885098694,-0.22944921712943123,0.3520607720696261,0.05238116027074953,-0.62174172548138,-1.0453586127779972,-0.2069216853603852,0.353692094796065,0.7545450709878643,0.08270040533747891,-1.8892375082391564,-0.10727305872329974,0.21825245902166357,-0.5496060895372552,0.5923979140236915,-0.27078498880561125,-1.0896053188449888,0.6815674067351905,0.6793600591408215,-1.2584705757493622,0.8231143024499636,-0.8851231510990785,-0.9831641424616173,-0.4169678417818109,-0.1688189989630828,-0.39523427049182575,-1.1865428245765952,-1.7685788907866147,-0.9995618265919173,0.09305570958730197,1.0337395413947503,0.07751587150928796,-0.6158540764120952,-0.004123819912065494,-0.8852495368848818,-0.07095312290283354,1
-0.4328684650672779,2.1201436406463183,-1.7438090700479454,1.6211725901239276,0.6844807542953458,0.9710589328810206,-0.8741375449053078,-1.6547915037861385,0.07470202038286555,0.1759447286678964,-1.7582239664970212,-0.4641046365210391,-2.3854980783935438,2.3131301187536333,-0.3538812002000631,-0.12650835140962743,0.3772788781007024,-1.8352896855940144,0.8073372286982463,-0.7193872398130476,1.5091625816391485,-0.2864219661056474,0.6902938067954779,0.13414733435881881,-1.129531744583947,-0.8187548691905001,-0.12942236541758284,-1.1611325295791732,-0.4900445375352942,0.010525194256292916,-1.6707551950270807,-1.455636124630888,0.6303027871145178,-1.9013438838224224,1.5436213721259582,1.2273170285128145,-0.34943785821084516,0.21539374616033213,1.4915524877078032,0.7019295033486882,-0.48559176962546474,-2.1192023687953077,2.620861429690913,-2.145684186787908,2.53900935576358,0.04910970908615417,0.48925172267216677,0.991878499509244,-1.2955616955614464,1.4265367114021075,-2.147455917421724,-1.551187412195237,-0.6644426649942424,-0.7590558781878093,-1.459665667339157,0.3693120767342981,0.7594309341620912,0
-0.21876790628780654,0.6599810880165743,1.0990629939244727,-0.7299509328415219,0.12493873916749608,1.8420009314439,-1.144083596332904,-0.4941878465984974,-0.060846415164633856,0.7016861908187637,0.8634333482615706,0.8765440924689232,0.7640341198228342,-1.1571224231515906,-2.6841346326703337,1.2038127772648242,-0.5923703103690783,1.8146177446843823,0.18904922357651913,1.755627327181043,-0.007615138981322158,-0.34680540613654975,-0.8550616394321894,-1.3874051653458614,-0.567844895265623,-1.2873577594189487,0.8109543566347915,-1.400552204573195,0.24439201203687516,0.05173147214880812,1.1988291197936194,-0.6035332935960933,0.15275820519817143,-1.217740601580218,0.10369083736315644,3.0860286915581643,1.7159462844536144,-1.3898345513910286,0.9086376395664397,-1.3928638157446187,-0.04196998010331705,-0.6284869272464124,-0.6366188524371009,-0.5008943991726249,0.2661991540905596,1.974628832620478,1.2597934988953874,-0.0350902947030435,0.4001427274442078,0.7625022978117093,-0.5665537061858629,0.5841307493413206,0.902751360904051,0.4481626937241699,-1.7393828184488462,0.4179298521592345,-0.4541908684016101,1
1.586345381421596,-1.963173265773916,0.4602663740163194,-0.06813645523709624,-1.556210808940874,0.006889981921125348,-0.9598909278627028,-0.9380767785792913,0.09714271951025102,0.2755219830233928,1.9733011857328095,0.03478735626601694,-0.6408118825094468,2.069679512886316,1.1149877861416144,-1.6697871251737029,0.6380572950432141,-1.9274129116244747,1.2341510660192965,0.7479164928891441,-0.6122797026516809,-0.03406117713433529,-1.753878724011422,2.0852292821241494,-0.18626992684241003,0.24322823448060465,-0.7074597463284709,-0.5615231034863087,-1.0562380898377206,0.7808822937184774,0.6747190052718981,2.6056277181950676,1.9373433770714108,-1.3565167760806456,-0.09701194164780963,0.3808503614512943,1.3786366408270465,-0.4195701059395032,-0.6783099302286585,-0.8060974632865738,-1.4104995957330928,-2.2182712126507718,-0.2590221511822292,2.688863447858134,-1.1426511503109178,0.117315717512473,0.4582421874570921,1.3886402223734413,2.5294757563122228,-1.3424884144734355,0.09583252300891758,2.4573611599660357,0.8267963157548173,1.4748091272809074,-0.707172378123756,0.6933757321067511,-0.20486500145303096,1
-1.648818743999568,1.6421358005864664,2.728086484713251,-1.233084942388372,-0.780890791611436,0.19476850158567655,1.755845547854083,-0.5402111076108139,-2.674757261764553,-0.8971432075754185,0.8944236327362634,0.2964747883194593,-1.0096070945904556,-0.3283987041773367,-0.6362378403611054,-0.20051595045867887,1.812168376112941,1.3671784505687856,-0.6764980101615752,0.5320897377918202,-1.1773806907166728,0.005402636232461606,-0.5073872252025541,-1.1762159734484887,-0.24806276238504538,0.23909367043489774,-0.03542483470258753,-0.8379594330885343,-1.0760315394810676,1.0692479989962524,-1.7738469770263827,0.716004533585473,-0.6730752518864301,0.6662717385824094,0.2987380920902279,0.07570143043794562,-0.4911928083405271,0.011901750190504037,-1.0939069679550661,-0.6024204537613788,1.826825254259569,0.652374193742943,1.0317982464998692,0.34371332460961007,0.3884243945552815,1.413750047653311,-1.9449479121030486,-0.42492758919420637,-0.29112260972229254,-0.9406438685160976,-0.42000816940477637,2.547473510414342,-0.8801066471057548,0.130653718557688,0.272152985727865,1.1392821511070268,-1.032499718968357,1
2.184564598712102,-0.6521798914240873,0.15164490356624366,0.22967449130425036,0.5935944583823253,-1.7565581408104505,-0.9128895289899096,0.9636945763309818,-0.8094577743528096,-0.8066539320703289,0.5908703465252294,0.6586444479420407,1.0246401362323279,-0.40968226415189224,-0.3890948552148357,-0.1050740293030506,-0.4550989516100398,0.43396869491994355,1.1842932202080674,-0.9286394262810626,-1.456164817162071,0.18571507152353453,-0.06158810782714404,-0.906935639366389,0.27587353282418003,0.5312943719939444,-1.0687954487940634,0.6897476950104627,0.5979802638152648,-1.1423642961079679,0.32660492475126185,0.3032774884237162,-0.20174687123395021,-0.20997771916991323,-0.20870585679472492,-1.79199724839514,1.2340123993337566,-0.8017123041289813,-0.2900332698107912,-0.6956075480018132,1.1110218813575512,-0.21301243817956234,0.1645760725465743,0.24106251674918378,-0.9898333955253297,-1.104891939423014,0.29022468964081366,-0.11463833567317551,1.0548560087573793,0.16155545991616022,1.3387234388365046,1.533223449726744,-0.8481133878743269,0.667661796877959,1.1293798508551696,0.42425044113563776,-0.7323265573555314,0
0.43534852708374483,-0.25569034541356034,-1.5934554081306271,0.9095899331077032,-0.5019683880178891,-0.2993434404556857,-0.24797750621780787,-1.0895376860818502,-0.5935438520782129,-0.4823728896054488,-0.8839535658118847,1.87058065214838,0.5635507660283832,-0.5906804112663174,0.7379550025651298,-0.044983561718506065,0.5409309975445897,0.5680369527386163,-1.8982776510640984,1.4565333650984011,-0.7618802764287941,0.4222174773843707,-0.4381441442406951,0.4941495168825988,0.3894953802073459,2.1975494852132353,-1.0524858850450707,0.4191682048760844,0.7492501736837192,0.9737499160785569,-0.7575958572435953,1.354603537058816,1.1907329875785442,-1.4580268826205793,-0.11359373374180375,-0.4877801009939729,-0.28910147640174827,0.032257990885018295,-0.45353459181412603,-1.1777285040592071,0.3642716150083233,1.2555216519344763,-0.24527531280480222,1.1087239097233434,0.54519937241887,-2.496655446663738,0.7179828478765131,-0.78407921839134,-0.3011443621669724,0.8205113737070563,0.8755001218057807,-1.808612253470942,-0.26663465682938764,-1.7631586675357342,-0.23301966236360175,0.43500588002951723,-0.7209131913197862,0
-0.8131014331934531,0.2940648980271855,0.32989709875124557,0.15035766338576217,1.339289427752845,0.26816786557620165,0.12909975214494995,-1.019071232638254,-0.43637183472502117,-0.6488821802593788,-1.0815135986522477,0.2597743911055623,-0.4459589911728373,0.7546423347738029,0.17777831812150388,-0.588670617410514,1.6796906302044137,0.22496031578071699,1.3181108680399645,-0.13662493343068832,1.9336957616986037,0.48962165397348073,0.45103384785706613,1.6796157659525806,-0.024678080064927565,-0.7396585000723324,-0.4233971635442312,-0.10034194919801002,-0.1419598056000242,-2.335440567397804,-0.8689614695107308,-0.026367466878800302,3.225208646922238,-2.44593759142027,2.017013226657316,-0.6692467910282535,-0.4619784493647821,-0.09078941156829942,-0.3111483381861991,0.18542670878640588,0.25706371897110497,-0.30467963220773797,-0.9278373649937693,-0.714196703237144,0.6168921911488651,0.7111778448548693,0.06115745393683339,0.971509409109314,-0.38532288825112254,0.7941705546762167,-1.3384289107692255,-1.350902992823199,1.8934772700764908,-0.1627778155626694,-0.9614153065992431,-0.8403979181409308,0.7459910225796368,0
-0.02716112681182159,0.04990041645623474,0.9907827204924866,-0.5698158902443937,1.3395098943618018,0.6035743106492886,0.16992043865639614,0.1460885409718288,0.2028085227619799,-0.1105648035981451,-1.2119368819957597,-0.12027791831079236,-0.20692010198267324,-1.714076230561221,-2.263672577970465,-2.357982958417521,-1.886547486586177,1.2603927237497363,-0.6326632984851773,-0.028450192787327112,-1.9605730838573314,-0.6080674260553409,0.45730645329642816,0.13909676743244553,-0.08411928060468511,0.1508943904549873,-0.14531837766098382,0.9877713436114592,-0.04172959040775367,-0.05810130567876817,0.7867664475755491,1.193860982585131,-0.6686836068669979,-2.049895738827052,-0.30263844477566854,0.8400535046935281,0.4437437988234003,-0.5497673023674747,-1.3766397711747487,-0.15185270010746282,0.717310908080215,2.080913196578031,-0.47048862296454264,2.367744712836473,0.8332262776600315,-0.6614201937038864,-0.3690962507918486,-1.2683772635197261,1.1858969046806247,-1.6111119225465527,1.1029041648457254,-0.7889070963643112,-0.6617823139015465,0.3025101827771568,1.5018310645928263,-0.5511107529010846,-0.45757377561964635,0
-0.08955186757318198,2.6272594160102463,0.6868946184177459,-1.0155300954641944,1.2002758956441948,-0.6021124690530125,-1.6431786520494736,0.25338104776636333,-0.43387537005691423,1.3546490007398142,-0.38493136203869116,1.339012127275989,1.4224154633825161,-2.954413937860518,0.9526110819554644,0.33713208893567403,-0.7324627977060791,-0.47059357768051646,-1.3661263091291438,0.7129259023262622,-1.7202071834704886,-0.5794296859485937,-0.1127349904273775,-1.2185923427611038,-0.6327890019082459,-1.1822959671869215,-0.020158356560394736,-0.9293692684596616,0.34509167365650933,1.2272499065703053,-1.2793262043407727,-0.9406044581465821,-1.688350435770785,0.5235259343367004,-0.5457256511117877,2.108474615957199,-1.9863368489172866,0.7359884926742449,-0.12918850081153466,-1.9093172133974665,1.9088537948814337,-0.07253573047456592,-0.20049516525780436,0.1378971582100262,0.383015917608228,-0.565935323297654,0.12870299423947953,0.04181894733127652,-2.028123207661153,1.0443720106362433,1.0010718547856057,-0.02026328804499135,1.8737151007984627,1.064959449440578,-0.623263468679963,-0.5739613954896853,-0.28468648721517614,1
1.418193179315775,-0.6184449573100195,0.903620658890212,0.6012640900003767,-2.0442017932148495,1.1124614165013298,1.6850638567566358,0.07393713581544811,0.6909919113968421,-0.00730037923401809,-0.6866528020940557,-0.42566364117290056,0.4352992499208814,-0.8753184514270042,0.23093670018455043,-0.7132804347453972,0.8842585202151585,0.036746411937561306,-0.35140942871393427,0.22074917683721088,0.47831872021126476,-1.4449734984516167,0.4460942626628875,-0.8738855537694155,0.43861577412493763,0.09859111816706417,-0.42511219516600096,-1.2919001320535528,0.5207965804625518,-0.1855940781357275,-0.126272833199711,1.4806582320662751,0.3005374338209644,0.8492804810482909,0.12446835222600024,0.0012167180428951155,0.8692211452703379,0.5292143291768873,0.5337593336157486,-0.10078883487745811,-1.3535354276093094,-0.4924619102360266,-0.5061289876686057,0.4741555122750164,0.22542084658141842,0.08524189030545815,-0.24132802964148936,-0.27936992094579166,-0.0039808902039720016,0.7666067378025067,0.5197102624210753,-0.8051478850164591,-1.139133388703519,0.7667740764350792,0.8186868109570065,-0.37695244733596284,0.1447857044971399,0
-0.6586201738064441,-0.8237613888631236,0.37207241795168283,0.0817485937811843,-1.6730893993424893,0.5074678605020025,-0.3647758813476321,-1.782627356224579,-0.9237934195659353,-0.049693140963510934,0.29486284089819426,0.6715732410054113,-0.3868912222376144,1.247745996275913,-0.3848838935059585,-0.3597529001915995,-0.6627820265184531,-0.683298480701816,-0.09879934156947437,-1.6861753327587377,-1.4543160427978334,-0.1409516388888315,0.24988744253656986,0.8827593903590778,-0.6527049267716895,-1.3021837347523608,1.2994360700980616,-0.13096458839205688,-0.5543089228821052,-0.17652817532281964,0.7421153116496505,1.7895305247802888,0.25607292066879167,-2.158452601234553,0.2985977497170858,-1.3685540600564496,-0.4499167285959333,-1.1437848094874208,-0.12699522118512557,0.34214666045580927,-1.3468358671974692,-0.45128180203664925,-0.10479368176467925,0.6908679519332831,0.48440247833638883,-0.20102673420605383,-0.7663751262059917,0.8304601253701456,-0.41235171661898595,-1.2430043642497586,-0.5429318645683906,0.5417298875765068,0.8625086883492717,0.1891283607081168,-0.21122300151958506,-1.6956328771680982,-1.0009866347687832,1
-1.8868937484346722,-0.24697479805465516,-0.3180041910643334,1.9066036202077388,-0.1438508782368066,-0.23141501584200544,-1.10060579013185,0.1352351112764629,-0.03424822425290792,-0.807460146589731,0.7892388156020147,-0.50437667693487,0.7088013497982047,-0.8743712908014886,0.9463706683059928,-0.0732676176150706,0.849195688605642,-0.6580041174782247,-0.28403143482472654,-1.3592236952000438,-0.32629458326246175,-0.6151380792327311,-0.9946881633814547,1.1634850144699256,-0.18535137159376824,-1.311768731195748,1.7523232019996595,1.6853382360463487,-1.8594952208741928,0.8784244726832262,0.9656899889065648,-0.6132866185705472,0.3904089762158759,1.7536260823926988,0.263304084925704,0.7870109492851699,2.1738779953775316,-1.0842943117524144,-0.6707445753433758,1.915124424422461,0.6425474353867744,-0.5864000376479683,-0.3910185534233437,-0.4589591962490455,-0.24329422372353599,-0.5390749693129627,1.4969829181821892,0.8681313018746354,0.07233203862457327,0.9199252324416158,0.9247889129772461,-0.6321686433717135,0.08215923146453184,0.34843745356439226,0.1914192866348984,1.3145007600528207,0.48847147385868306,0
0.5257781887467089,-1.159051750642847,0.4864804229661102,0.4663485868683451,0.5105813609240034,0.021132733660667403,1.0411155137671795,0.1567776114555657,-0.07200147616092613,0.464240285472193,0.9614058002110379,-0.48914738357707727,-0.18067709270545598,0.7089027468256431,0.03592035548683687,0.10409103361334025,-0.8487266808485502,-0.6837088517220039,-0.1960379706745108,0.5866323903127472,1.0672657806862598,-1.3918158992984806,0.03577849139311869,1.0435672716703766,1.766413114722109,1.6250780832872342,-0.11011456314127313,-1.3312698312360522,0.14526270627981044,-0.932456449312847,0.9988854052599684,1.1814833823338873,0.7396078442655784,0.37741641350765703,0.10078037669962335,0.45652475751809113,0.9012677317020887,0.001977717328098373,0.6058303239914047,1.4299139788258908,-0.45919286934449144,0.839565579880654,0.17470716183787155,0.04827417988737248,0.2700250358655198,1.7011446896168425,-1.422095920040728,-0.14577812975577875,0.32005228344624076,2.3086359433828947,0.14362788063297918,-0.06184748333134552,-0.07037664673966698,0.061600522350206764,0.4347988260137093,0.40871833917307365,-0.6343904331995991,0
2.170644421312536,-1.5961321895146443,-1.5842578076635407,-1.3307782539172583,-0.683732748490068,0.8464227240528388,-0.03199557411955803,1.1540018180471885,-0.2610143441164457,0.5306848506856259,-0.8267193306714709,0.2113724172460571,-1.4340770834672931,0.4743086223787678,0.13089822789297034,-0.33790545233663616,0.9167395612520333,0.6563371308682069,1.364157019188261,1.6461023374422354,0.4813554432373524,0.22389846209950953,1.1675969759685674,-0.506651733001957,1.621737633650584,0.7153870275382476,-1.6840004375232638,0.4147829886150099,0.5630129781033618,0.798475555021349,-0.9974982010203839,0.6304562173398038,-0.2608581434336131,1.53652880965179,1.5503463562586215,0.019965427317570873,0.2854095181181525,1.8340522555247116,1.479305570352295,-1.0699763092325878,-0.2285997303724613,-0.2504492312517844,-2.22285734855033,-0.9117112259289663,-0.9176058887450257,-0.9700066872305051,-0.5734569219381386,-1.9106913095189306,0.08724513649710941,1.6122008870029725,0.4864626161189917,1.443488503204425,0.5386168843205922,0.25051637716885955,0.8230326129945266,-1.448502968345219,1.5111422500329563,0
-1.8974814690066946,0.40160249093985156,-0.7321575126591288,0.12817742318791922,-0.5236007814373813,-0.7519645459877863,-0.7945183122036021,-1.5909792647674796,0.1423796004603657,-1.6406017684735488,-1.3323861003792756,-1.4006812874226204,-2.0226407354503064,1.31436312607106,0.12722868907616075,-1.2606100047571431,1.2669849121951695,-1.549632085792596,0.7765816846162459,0.19861896282794464,0.28222187825329953,0.536240774427711,-0.376434723969696,1.784535013972235,-1.8317377662591032,0.19951447647139517,1.6392784228718174,0.508004802560531,1.01180590006997,1.8034394216527172,0.5464061576032561,-1.2740409284486678,1.4284933045212902,0.18360090685441124,-0.17171791366928726,1.3277715837131816,-0.8742934203096325,0.701164567925259,0.30964319299738724,-0.08103440941307481,-0.5604257739382504,-0.6693268487347763,0.6388047154671013,-0.8979237067143969,-0.39093120016260524,2.7880924560847995,-0.042627437926645965,0.45907857894373516,0.5740770139641468,1.019543149055219,-0.6338450681322159,0.28223615109642197,-1.3475448673316162,-0.438605373094241,-0.09630521341385921,0.047858438154292096,0.6616631488040194,0
-2.159989960001032,-2.153884067446562,-0.914139015343225,-0.5644222607088267,-0.3597364224939194,-1.3877808672927208,-0.4742854924707647,-0.06850660829036441,0.7413953430125275,-0.9416560411107102,-0.30301075091465113,-0.9323491650033937,0.5527311390456833,-0.19290710953627033,0.9101344301043583,0.22029803743246032,1.325197762370586,-0.3797680445644956,0.005247836308370038,0.9867524649093924,2.431190524097919,1.07194491734315,-0.2304134278314318,-0.4844104639963366,0.944300202904685,1.4289160614102483,-0.3879680853976305,2.485685873950321,-0.9148226574312133,1.087794660284878,-0.2487263945021345,-0.0902001987777508,-1.325013388593347,1.3444327058863144,2.1463621001654083,-1.6952185118628345,-0.7688386262430423,-0.4788634781563529,-1.0964080282255817,0.7865678197458095,-0.12730529763273518,-2.568951605140859,-2.3465902663658396,0.5998345733526851,-1.3907204819903642,0.15450745408660588,-1.3541553307188445,-0.5412277367831023,-0.15392606561904038,-1.4736082176957994,1.306670021391467,1.2948256195913757,0.9283928943341493,-2.0617533718053807,-0.5587314134599967,-0.2523439511358086,-0.21235294044507116,1
0.799479964219337,0.25007171610647033,0.7388027305151382,0.09812237413067124,1.0835692740540832,-0.11370016903428182,-0.3228463300474631,-1.369095425926717,1.0322503357181463,-0.09547449064367777,0.9499266507881317,-1.1291403133305153,-0.014120027271241682,0.1300337218943411,0.959263893269177,1.4409426250828619,-0.17610138584702995,-0.508475999007452,0.5267346939704322,0.6554341095836798,0.39581944302773336,-0.1255594059060701,-1.2622504841594968,-0.46587323315161605,2.396514569990326,-0.12078324137345245,0.5478662514688559,-0.1411512197212998,-0.22507440921964428,-0.8129925549901269,0.21132243232992523,1.494455473677147,0.800264350886194,1.4985361274516737,0.14511739442581645,-0.004563199261759248,0.1694926465341416,-0.7410356926644893,-0.1188555469603179,0.18781467158707527,-0.28049471153464317,1.8442827734966993,0.701142791612933,-0.5749294376553694,0.3738008521967198,-0.7733001868480105,-0.9092715016306203,1.2882485112404556,-0.6900807000471921,-0.8921129188204305,-0.5357970354207384,1.3969776547285193,-1.8192872895331227,0.510105162881007,1.0131292757712373,1.1091124073030167,-0.4333691881162391,0
1.0896102252221123,-0.1986630844493758,0.3261580345031079,0.7876627575412837,-0.7283222364070283,-0.43438899869962744,0.5034892448100956,0.3334705391779904,0.7436084841486945,-0.5634945304650744,1.1476901189779307,-0.6731662904004838,-0.7642322199247834,0.8970894529307264,0.3114754369679565,1.1259806739519036,-0.017846843460406676,-0.6898754472692112,-0.503960981206617,0.6179338933103679,0.7874152931891718,-0.6358105309468782,0.6943449999475186,2.527841244030229,-1.4667397371124085,-1.1325831743082542,1.0737414432663102,0.08229160155777272,0.47634634833341216,-0.03591187459399767,0.36140636533821363,1.3814721726493326,-0.11502761725821888,1.205953220318095,-0.050467883269151415,-1.0567306705319928,0.10351152275454341,0.8569930086591618,0.021218553098317036,1.0908551568774432,0.35361662889469003,-0.30688655103529855,0.021969928845166027,-0.24621751352081075,-1.5151490510949557,0.6655594488256983,-0.7690746334377128,0.8768900224888505,-0.22398719014262797,0.26839658705883807,-1.637681651308388,-0.35384395476842867,-0.6613209484930576,-0.8797402672409298,2.159413688619571,-0.2574727915986722,-0.9546518779550076,0
-1.1779542252546193,0.5047711924631265,-0.892635277618668,-0.25205773129433157,0.5501534419403344,-0.7876886869698145,-0.04204074998469794,-2.3607173612908934,-2.068073629948247,0.09125761603466226,-0.31371118572380685,1.5121110575674568,0.2934367171555951,0.3465255963540178,-0.8400948517778829,-0.20653385964969923,-0.007588117580445039,-0.4241698575891874,0.22614697206688925,-0.8741580608155289,-0.5254141081389678,0.512285150733315,-0.2975531702967188,-0.35279379506809105,0.22386909665897406,-2.1449860024619367,-0.40141841283758833,-0.236981345668615,-0.5807034857474725,0.5379586523196436,1.8588145784120556,0.43383763896185323,-1.0413670529348629,-0.6310717515089695,0.2187190525583541,-0.7945227949966214,-0.10364067030035712,0.6474399838008348,0.034292827225675164,-0.16213602915579758,0.49557020970565424,-1.0890712045499822,-1.1170950972070859,0.29646200357765795,-0.09111545736595685,-0.44984547943797853,0.23683367330646507,0.9525716370534973,-0.9141655611724047,0.06044200801789013,0.7205453053422791,-0.2429637272036586,0.2442984759718828,1.5695772429771002,-0.9285689031908013,-0.8317503003407085,-1.1057781109113525,1
-0.6940048282941195,1.8123566816850023,1.2498204467265444,0.20733208679266338,-1.1965625001602442,0.8121162821531154,-0.2796544670650652,0.014071859608286358,-0.3880933856563156,0.31216653492844076,-1.21568793268019,-0.622753150658114,2.8018818002730517,2.019152853185963,-0.13084028296140357,0.46818446535114944,0.2554613866974194,0.6275554534067364,-2.362449219438496,0.004487058919193235,0.44494311622472116,-0.116781239040221,1.2693924351453847,1.5931086616419932,0.596351784958858,0.09240145608000272,-1.4950555265013477,0.15829578154252658,0.7060283963103386,-0.1257822933775679,-0.2682050300944386,2.13031434186155,-2.34961490078309,-0.8408784086624227,0.8004011930006864,-0.34659301825170463,0.3702018630810509,0.18100974130029654,-2.877373349754497,1.3378388563180201,1.1240560562095068,0.5144814628489163,0.26145883586399443,-0.056363934844614716,1.4687913593720552,-0.9869739064172842,-0.3638077139470845,-0.0375534037973665,0.7281035649245159,0.17677683656928694,-0.15518500828410264,-2.561122382595757,-0.6292035111467806,-0.622534239479929,2.073264338221854,0.5775106176753999,0.03147970869871811,0
-0.8636754168720031,0.9310212780065235,-0.49688729752673405,-2.615004889505662,2.6358901758049798,-0.325464164265453,-0.7585030844509036,0.04438969932918458,1.4979429149270111,0.3055373774365852,1.0914990918569505,-0.2836229676446344,-1.1342274015389349,0.4913965490065223,0.45547333086793623,1.021100703562686,0.2725001579680093,2.3942215189908542,-0.6905842357635633,0.12328447458987048,1.9384485303902732,2.042932339975325,-0.5628195122202139,1.0595213319491952,-1.6349635965217466,-0.9754848723093459,-1.2427678723594056,1.885290995759492,-1.064818045084133,1.5253326521104889,0.5264270325418638,-1.6427670457190051,-0.5208597846594087,0.5190726221486384,-1.6403698352354419,-1.6068439311195621,-0.4684619014582054,0.6841305149443941,0.24406775606333686,-0.45579783685669656,-0.004900346262172717,1.1415546152084401,-0.8861078346480062,-1.0074008392788567,-2.023177563458288,-1.2361244805262908,0.30162024460048215,-1.4239323601972662,0.10195655694440141,-1.0552244554308656,0.09242717125756618,0.7071590119966242,-0.528807888864472,0.1635768932364361,0.2364367060655108,0.7258587232994059,-1.1226786385178813,1
0.12061011728581099,-0.8118976709621613,1.1624428332897871,-0.007481608627837024,0.1217441592965467,1.4554699433342115,-0.6986874069688462,0.6735908765803487,1.5824186068805888,-0.3693871814831309,1.4245642540611154,-1.4745618794854185,1.6843607221715446,-1.2080097775401457,0.24950321786630833,-1.4325593274819735,1.2054021576415739,-1.153233194370659,-1.7769177487920762,0.8813901702002348,1.354813498663224,-0.6142134783989744,-0.9895687844269234,1.2076107896048072,1.7225247282969423,0.8366882673603133,0.2713891609708358,0.1927918199050778,0.20638723518406793,0.41393172546177565,-0.9022466549222709,1.2222413349640038,-0.9867577445205917,-0.47211579487149086,-0.8690887391173532,0.7905914949084223,-0.5518413031840134,0.886589110203876,-0.5248199791162761,1.0887185226492877,1.8099781582836243,1.0543507478346525,-1.0762363953461191,-0.2456439009977072,-0.8614315007981628,-2.0065722042449274,-1.9467265894074697,-0.13000006529827401,0.5986549778314121,0.20043016093272065,-0.4384760860957278,0.942714277738886,-1.3138000102900875,-1.284837790370428,1.5791394879083873,0.5628661895660089,-0.8606000027943145,0
1.9519313096059543,-0.7749805851145074,-0.5900914127097513,-0.1605247893703543,0.6012915185316475,0.8243455766031855,0.8530761329058781,-0.09411367175074967,-1.1224343581127785,-0.8592754711961743,-0.14734918790351798,-0.9356144061577962,0.5641695926700152,-0.31059261687247247,-0.5688200696901932,0.6235556957558795,-0.8504641033093697,-0.5885848747203708,1.0126480794127848,0.816863898575051,1.024294706835512,1.4997197420278063,0.23328797355618378,0.09975670455949115,0.1037923484503194,0.3138203420137574,-0.48226394924994215,0.1828282199170948,0.41426467568062775,-0.0667173853560031,1.4696028858197667,0.024046008166065443,2.0375121266727136,-1.590770991963275,-0.5112901296860447,0.22297967331238888,0.1486081034756148,1.2416855356011867,0.28746932907445455,-2.073835150689472,-0.8122948695584828,-1.1076623425667569,0.03918186118887983,-0.644931696152748,-1.0046083877058107,-0.2833578597760531,1.1181447985542847,2.553498609965608,0.18909153893878106,1.3236079420056548,-1.6236507128458328,0.6823485075177086,-0.290695844900013,-1.0592976188385086,0.3742330317013874,1.3396028673747922,-1.2577442466329227,0
0.13249681729221963,-0.4842292844297864,-0.2322412686642214,0.7696699600202709,-1.2236027908492715,1.2329354904755467,-0.8076687000587325,-0.44858369152498406,1.2094817012476848,0.9600300162044233,0.2629388042790748,-0.26409972934927123,1.1668167170367976,-1.4999371937979518,0.6995179661483724,-0.8793270507133737,-0.7078477097702386,-1.13506854227133,-1.1427807759656747,-0.8578300519385184,-0.1696844526469428,0.11056479072944436,0.8466255380267919,1.015541254842972,-0.11487851005387407,-0.7899442349175213,-0.35126869438408254,-0.89011562510573,-1.2564545031615284,-1.7147412615271889,0.8715365219810244,0.4992883023600331,-0.11260302861686237,-0.34643932676759004,-0.8990507045882823,1.16980864719429,-0.1553956287730805,1.1445388939027277,0.9245137700357557,1.1845666885579496,0.2999128886961113,0.41502540971174756,-0.06149096548239398,0.521105305209205,-0.37330614215293473,0.34696707009988503,-0.4164749835144954,0.7767570006880654,0.05215701392266454,1.3502467113596974,0.7717872106087055,1.0256217639991456,-2.1479518840998537,-0.3747669448249428,1.0208938884791197,-1.360356650234644,-1.303337343960013,0
-1.1177754584933373,-1.0015502843236521,-0.2026421573681668,1.6488647989425267,-0.9084756870759759,0.27478080819764417,-0.15232473784270628,-1.1100056573198223,0.6039497683179139,-2.6214962765705847,-0.08295444942670943,0.9910199676327454,-1.3705593379232768,0.8239234529099925,-1.009237636791996,0.46869013328491976,-1.6803141097416938,0.15848226548999497,-0.027435268114706333,0.22818131524040122,-0.12758456521528957,-2.337306970145904,1.1822094278323023,0.22794227926799224,-1.4366518109944995,-0.3299851643799512,0.22358110147721644,1.220007201232223,0.01811613937737025,2.2239194911702884,1.2888081473637216,-0.4718447902010063,-1.1030208634470131,-2.5918959627514653,-0.020112989431352542,-0.9219739830259719,1.1144453718546026,-0.40651013761620436,-0.9317643905898735,1.1264624211366985,-0.5220493005861235,-2.137494185024694,0.0672267275116215,0.3687255287442951,-1.5502959726572325,-1.38743180727391,0.4268445608142232,0.48239300938622964,2.900268384803395,-1.3521381853037746,-0.554627416059071,1.7957136322365561,-0.7193784317949408,-0.21438013056254382,1.8992178433798992,-1.7821477845653932,-0.006367772156940973,0
0.4040620323305332,-0.16608652282585945,-1.4566487914094288,-0.10460646140648217,-0.6990421576531504,-1.2291948315291268,0.7889946935391202,1.2339942505300747,-0.1466622112560139,-0.4562938029269071,-0.017076325050993862,1.652424920601579,0.42227088363369625,-0.39602770094677114,-1.6738929088210217,0.8805397581212366,-1.0574078758280945,-0.9539354352391951,0.10066761350008409,0.9295173998509888,-0.7299064083027946,0.7596169466472131,0.04142271044637353,-0.03308010980058759,-0.8085131223286027,0.3103058134749264,-0.544881902109733,0.6944138244506841,-0.06546813473383305,0.7990159424184706,-0.21362227742668383,2.1580578387239515,-0.2855886660028057,1.2314138999200344,0.9326125640297779,-0.4924323237558356,0.0952525506965169,-1.89831190980599,0.4254185677462914,0.1516236671867061,1.0234833751580532,0.7237418718556696,0.7690471956548878,-0.5819399423269827,0.3106560144232737,-1.0809737862471642,-0.2528597214096174,-0.7897270619402805,0.3186952411737877,-0.16383501189979535,2.367387037736295,0.9564444465390631,0.19818320828280928,0.262027882407298,-0.0586522275031853,-0.33773091760168406,-2.0566312401180826,0
-0.3343010915346791,-1.4241510358350697,-0.7148339616018823,1.8334054948563416,1.5233701037367033,-2.1317877066911763,-2.602437415016867,1.1845158962665194,-1.3589568785013129,-1.40644830650055,0.5242931755565746,0.9382736936077369,1.2780542568783284,-0.8104495845150157,-1.0589903353654864,-0.8252161681931363,-2.462559253629575,0.10159212597629433,0.7907923289966817,-0.6162932959674515,-2.185722537152706,-0.9609240205670495,-1.0228210821212143,0.9574273559440136,-0.6030793787842784,0.5847585060002178,-0.34175933737939557,1.5852286984120012,-0.27698046000136,-0.5083242772491352,1.7945485563371246,0.9037299845280357,0.2319385783274259,-0.19407626349748977,-0.9948231620924379,0.172296564723923,0.3918683439993103,-0.6078012217940265,-0.1668797141943091,1.55878497013289,-1.844691641545865,-0.7153935903155321,1.3377542424382602,1.1524946280006456,-1.701084365957888,-0.22464643000325682,0.7196461364917627,-0.5428275018230452,-1.1615026622527793,-0.576303969875271,0.5968100146425427,0.3795250575407171,-0.09866288444927938,0.5570019246536241,1.1048051607012008,-1.1871194162772059,-0.7256882111232953,0
-1.023291665942635,-1.1319456435660962,0.5821724294217748,-0.1406822144196692,-0.3229649366604194,1.1089804568675912,-1.3091554440431137,-0.13798125075887466,-0.3650918500979273,1.1575444609346603,0.15182483454308118,-0.48912820486165803,0.9157132959312387,-1.1743835320047034,1.512946927560769,0.18329344091625438,0.45244021350303826,-0.7806014448667935,-1.0179955745724385,0.6040925186484377,-0.12963324430252648,1.1841526722704478,-1.09011797904475,-0.4371997514340193,0.5002980511437632,0.9236088218352235,0.583443479920808,-0.00012848851985223616,-0.8021522863860604,-1.6380131791315975,0.17223315581421023,0.22754439031390455,-0.06076288439966928,-0.19998169600903737,-1.6658272677986354,0.061118402323509714,-1.276364891346961,-0.693383916355892,0.491937597235458,-0.3703305828418866,-0.857694384709272,1.0330153718668726,-0.9083478385452866,-0.9875845230101837,0.5812180762231501,-0.3463422553651922,-0.6525755950121799,0.9491719794081679,0.9083083395894258,0.29305881034469383,1.13536187453828,0.7675558290920741,-0.7325366314300222,0.42223895716384896,0.24501225149944272,-2.6471855903940473,-0.05837621582109977,0
-0.5520670729969701,1.1791354792755036,-0.10051570120988464,-0.27629031487601335,-0.05909479681409597,-0.578674003396695,0.544856932981149,-1.1028022865094194,0.508365998483506,-0.7387067345829479,-0.9087676868370539,-0.10742720209896942,-1.2054784475311082,1.0024038630872811,0.5280177936440716,0.7378734777309587,1.211693292140125,-0.8218730471359689,1.2857736744037245,-0.062073755503981067,0.291554583486039,-0.34283906696134053,0.06806295214401757,0.10125373288200733,0.03712655158455522,-1.0915606746731559,0.5853638540357999,-1.1992345580900403,-0.776291536847745,0.1410435146717882,-0.2750053946869305,-2.0738829287738065,1.146289592023573,-1.077540616779538,0.6092125486458538,0.5552726183918346,-0.4752358301966908,0.9924950672777717,1.1520203693953333,-0.22993369399691968,0.6034518585417205,-0.3472619268211118,1.8848393549614861,-1.1373837315620317,0.49280754096047924,1.3842557342287796,0.27102465421835015,0.462020820287908,-0.5247368122280159,1.0621933215461703,0.6698612129076836,-0.22246426913818015,0.24076216564475278,0.1917124540584208,-2.061519326624014,-0.7500660175677167,0.7119780969639958,0
-0.5324544033917026,0.6541257306233658,-0.36936693758270567,1.126185888627823,-0.6520685870292217,-0.8296916925524375,-0.25635795845499937,1.3162628296288807,-0.5852064041101808,0.5466312784020916,-1.3142966577127042,0.9921270665238631,0.4612171431002846,-0.8687122570144163,-0.07736369015961503,0.221315214570522,-0.7553651426849499,0.7504802773934798,-0.15701360493713135,0.2238672760083105,-1.3637838764812678,0.7309431157439245,-1.5733795872200214,0.09598170564460395,-0.14954209895650086,-0.5675796782839395,-0.789008215242281,0.916072408091909,0.29638627718960386,-0.44879685946135794,0.32322909445971415,-1.1222818269379335,-0.40523978404592464,0.11407399300183288,-0.1520681850304698,-0.4116684056286628,0.420387060233621,-1.5772050255637593,-1.0445982164299012,0.5239507083407468,0.8976089548380385,-1.1521761356474,-0.3137463926909596,-1.8234086848788178,-0.9783963301374733,-0.9550511598566541,1.0815413347895821,-0.7874124312213245,2.0315061885159023,-0.7382861346834508,-0.16809416847118247,0.4328781746037894,-1.4011402544072633,1.26774929131545,1.0501601204253497,-2.15634568111772,-1.3270754545756074,0
0.48378699156262606,0.34157864489413464,1.5170062821304702,-0.7925658098447975,0.5949933886705907,-1.4150120303699123,0.14252257858419762,-0.0112635093503628,0.6474301515862791,-0.0532885154577462,-0.0074210515836906745,0.34543587463751707,0.8778023296443765,0.7399221756366068,-0.7117604269227186,-0.6782966364020153,-0.4499710734906156,0.3250224943746809,0.1934207275894586,-0.8212000054334596,1.0917670467891245,-0.5361951299091283,0.27866941376176574,2.2577069851272378,0.6039880272707931,-0.14336281446308027,-0.3354121585826603,0.06650300660906013,0.3882396682613822,-0.5524917640240354,1.561631477945025,1.232190927612802,1.065232734872173,1.7120307282603846,0.6131829681149946,0.14048762632886316,0.12092655633336881,0.6458290130757514,0.23939589256571195,0.4025422283712005,0.09381744463713027,1.243474506667901,-0.623838834249867,-0.6323251533453185,-0.5032807095352024,0.612562048448179,0.3155682844732546,0.11284768414951671,-0.03488988813803195,-0.020957394319464064,1.5231125560052168,0.3388023990742092,-0.19165943366571506,0.21749190576510027,0.008062381196975006,1.2053885666338042,-0.9884735897796021,0
1.0728873258953493,0.7339310034296758,0.1026229906020434,1.0020976158960884,-0.3344699769436142,-0.6655466784300547,-0.8451443204026976,0.001786019032378511,0.49845617836265044,-1.0144551790636738,1.7885489884583758,-0.9695802570992874,0.3381463927054945,-1.2834261716025541,-0.8925582919522472,-1.0374453759602849,-0.8481053919132059,-1.3821524591606187,0.8592571192272527,0.9241768441827949,1.147212704534597,0.29637225928425454,-1.3440403689642066,1.18499155040175,-0.5979958513375948,-1.7121346151184822,1.5026985868348408,0.030203232398555636,-1.7271886683321516,-1.1698761548959402,0.7361703235363849,-0.9103184483137426,1.2210134421371448,0.48350776112978294,-0.03315044767531061,1.4321822096192378,-1.0611387018401928,0.19125835383628173,1.3615779431797401,0.6206772753009798,-0.891652019082502,2.0455977345251313,0.528995650780693,-0.8481961698915914,-0.5957824210236101,1.0824483562922953,1.0557314480579678,1.1256601264758246,-1.4306199468003353,-1.0910923704718252,-0.42646902129357345,0.08426992699451445,-1.1206621583855885,-0.573789671565196,1.343113618811836,0.7208413549057229,-0.5443094898725859,0
-0.34234477320241663,-0.9182360328795868,-0.04403828793501223,0.679974619258903,-0.59116330905216,-1.2852458046008834,1.2744843675587465,-0.22577550578710784,0.784605948087098,-0.05229956746567492,1.3651448205817671,1.0038521442501263,-0.9013561654523038,0.3493984539849328,-1.977104600157348,-1.5768337211373553,-0.6127945186414804,0.025009568755281812,1.3205700730657777,0.9421576376691414,0.11914063284755913,-0.2943243963483753,-0.49008090264097404,0.24934142105295964,-0.7060888695593466,-1.1020162022323094,-0.9310030041182039,0.14583631625269328,-0.5455761360565076,0.13409123173960927,0.9113109645586209,-0.04330298562456274,1.066087177811358,-1.0343324452086922,-1.449512060926803,0.3963585679929581,0.5913476347056337,-0.9804016375637346,1.2367664886009797,-1.008010390373898,-1.5548141230713286,-0.3877784477897576,-0.8130951657112232,-0.09230244314943616,-1.1079125805508891,-1.3642890830292114,1.1818669025439752,0.09063140627993928,0.18933305734247619,-0.578300542201803,-2.034531914209968,0.6106888486371294,1.9625183395054053,0.8331907527727709,-0.3008268810952998,0.29526502152799017,-0.048369773434912486,1
-1.0919685639772845,-1.2426465381980458,-0.7764277578519663,-0.5660507856973799,0.48314585806301014,-0.7270589327946801,0.9773942286438496,-0.17164071489812469,1.1368490480420466,0.7791588932627669,-0.5193543217371492,1.0203675340931044,-0.055127201027091816,0.9330442544549421,0.4477155815753959,-0.7394633354740824,0.03306516950023156,-0.5988445107963856,1.1291895423350427,1.1496662102182988,1.2218796719825495,1.15352964129166,-0.8480388552090401,0.15323367205883903,1.7859441902030146,-0.3927504127275485,0.3895954617028596,-0.4228538131943845,0.5346277904498075,-1.0215804261746808,-1.6578619256298206,0.7969899840745927,0.4362035106271702,-0.42121871729909655,1.2568321665016071,0.3584417779358678,-2.254435634853369,-0.20816510924500314,-1.3748284028849447,1.028685936494847,-1.5073606639361603,-0.9880741925792992,-0.5015581911834479,1.8995669903130157,1.1820582671305686,-0.4635209542251787,-1.4034344891879496,-0.6291872172474072,-0.030122641733024594,-0.6169318176364507,1.8410853681725472,-0.3349866874893049,1.5519593709288053,-1.7407644831341416,0.49362162231204904,-1.5409535484168644,-0.9239348236481767,1
1.8593718088266196,-0.2068227095062333,-1.2927949468945614,-0.17201032824109885,-1.2800186071974677,0.4217382677791385,1.4191387587903532,-0.07465956633298926,-0.023760039103815026,-1.6654701468583086,-0.5248099789896973,1.4068302079815072,-0.0971053120103399,-0.05342776106897006,-0.7793449130285458,-1.0962966924531101,1.726383535993599,0.379358687826349,0.7036590913181192,-0.5325115203751016,-0.1324398034886634,-0.645417204222339,-1.6873853037293378,0.11177988159994752,0.04985802138213758,0.2965583759351668,0.9045463317875856,-0.6995260663078408,-0.7733030801948834,-0.28272330773217413,-1.2349234313480675,0.5528780081079062,-0.38938389979779386,-0.39794377367792516,-0.2293350021610049,-1.63149552118811,-0.4187045284093536,-0.3835004815728418,0.8263824344961981,-0.029539587205446603,-0.6160356258176309,-0.260299969667413,-1.1464770247369462,1.2294781965903498,-0.9755876942586018,-0.03553700261419537,-0.5431412656416046,-0.27512794493538845,-1.2657806879344935,1.1108459141211096,-0.8978712794557856,0.19365886633024423,-0.8778438174604999,2.719449417525188,0.2448093256811846,-0.47319431269848333,1.0340956232872995,0
-1.2648847418511728,0.19533983142995462,1.2944484577722657,0.3484427931127643,1.4343339350425537,-1.6047188112682387,-0.1403005583129641,-0.03890619746165434,0.06701318232682865,-0.6654128986625302,1.042136093638192,0.6060989241253787,-1.4594351613257108,0.7140219514207847,-1.3296027134149442,0.693792363009017,0.15063665298650442,-0.948350344219554,-0.17769728752368988,-0.07327938678566696,0.11585592545288685,-0.20045615905190903,0.4699155278970066,0.4234214898944063,0.18401966657720137,2.20034074823096,1.1761893203640919,-0.4174252048443353,-0.9989074505570359,-1.3545559745245501,-2.5107593360585776,-0.002369900097869651,0.4333142815114407,-2.3261790734249193,0.34342485884652213,-0.5876892188154828,-0.9455892342613559,0.3402159874632276,-0.24297929411571192,1.0698257062465715,0.2530444735564818,0.0916362969835687,0.21790421851847458,0.011514244364728698,1.3597742560657675,1.4819329978412814,-1.4279621053116758,1.6077548665336074,0.18539116837730268,2.0272006983211086,-1.047071761422963,0.08650150686660628,0.7351416644340056,-0.7143333762586327,0.5481493335412546,2.3614966201776504,-0.3940813252696196,1
0.3043808912639133,-0.4867777873429791,1.5774285145696547,0.24690991488272418,-1.2790295249408432,1.422690660619229,-0.04991924909336549,-0.3862159271333963,0.14357752509209704,-0.4347020511901863,1.315022196201786,0.6045420549892795,-1.9031753388687522,0.833895623351345,-0.3691995394743103,-0.2482859159693871,-0.9129329447396979,0.9003385691763873,-0.027154659264499174,-0.18631821299440018,-0.00674774257306611,0.3325247187779411,1.761160710987941,-0.8476513054739344,0.10009043869532525,0.1515548674785677,-0.3603923204223838,-1.352745448736645,-0.03551287602095815,0.6861099232098822,0.8251243959296607,0.4892325147064356,0.12142763312048738,-0.7309573035210433,0.09223866949054194,0.43776315702722224,0.31331698349689435,-0.3134103791623417,-0.3920634175598131,-1.5026734058011952,0.08196036395687627,-2.154990590132566,0.0039049380348124114,0.1367404334341925,0.6175163669337856,0.39234725018867933,1.1316135400392167,0.5209062731449167,1.4140781434720369,-0.36615184509587373,0.22833785903279438,0.27551115388613917,-1.198140529029891,1.0477848027943264,-0.5783907917945817,0.7614040617437242,0.5831184399973248,1
-0.11031086615939001,0.45580763167624927,-1.5207150363754869,0.2739572292862244,0.9718790513130032,-0.47792084594335255,-0.11387635224111585,-1.1010161918649013,0.03159549554250064,-0.8629420667561731,-2.0585241881574055,-0.07795194427538019,0.9302163230202489,-0.6256571701871064,1.0487556271177878,0.42533552250504625,0.45977787948617554,-0.016644349298100318,-0.9849090901824871,0.2823583832950863,-0.6737858790561068,1.8048862522331464,0.5506545148205606,0.4447568198372138,0.4441951268902203,1.3851755548159759,-0.5199135560039563,1.8056017983156158,0.7497922590644447,-0.7334441505541589,-1.1563634022536713,-0.15587334727009095,1.3172838142872703,1.1335719776915225,-0.17259523185800965,-0.871071329519414,0.1548117375320713,-0.9800414431638643,-1.3480196860602716,0.4400018697657369,0.033308684532032486,0.7895939409429873,0.17136158735212684,-0.8328007493489387,0.6185445508975638,-1.6033837231667367,-0.1929097253155354,-1.7870489078870464,1.8314078048501843,1.351299290920189,-0.7844391755885362,-1.4166022735928825,-0.5226108595088489,-0.46481889172990243,0.19345349359398822,0.17934680752205964,-1.506998168629162,0
0.05495281492293482,-2.0711739424616806,0.0399060532132053,0.6521934954870379,0.8067864618298394,0.8574708359119976,-1.2833728037647076,0.9938618801790386,-0.5442951565078539,-0.11180978307939132,1.0120981122882913,-1.0559407086698454,1.1729239055177356,-1.874946005083794,1.6098325567907714,0.6874466245987946,-1.355063491092924,-3.3774150394390854,0.09329602336510802,1.266766864187296,-0.22794881913665355,-0.008684215988409441,0.6691951831357525,-0.3988574538607822,1.0967140565838824,-0.04226287464831709,1.2381478503247074,-1.9716294246277504,0.22352037418670995,-1.0062353048883323,0.2808604520528405,-0.9025286373517993,0.1172188765392817,0.02367591748074086,-2.6868393127510353,0.0060941347542606385,0.7962763242342458,1.4497070966967245,0.7620026713092315,0.9745257535541517,-0.12441398759272153,-0.8382406731905385,-0.6323064916874458,0.8728150382121106,-2.1314712183863347,0.8001141282060804,-1.7543258084460007,0.36921815954246945,-1.951938063159285,1.6879535249588973,-0.5009280814123405,-0.03696334013898009,0.1132927287457498,1.2033276314234909,0.15336271548149585,-2.2811304667992673,-2.194987563986558,0
-0.4446857385857672,0.9784576843338241,1.6824477295441047,1.441949599682539,-0.9235991981367515,-0.9894776100116571,-1.0020710809767508,0.7693399029630471,1.3000927943553278,0.8045621804755326,1.3857043112920875,0.061915328069134294,1.688422873867541,0.41301928095587115,1.1273906926493567,1.002816286049229,-0.7852023120396864,-0.5953327846798792,-1.6809575349296946,0.27055078095152685,-0.5002406004028491,-2.3946711648655126,0.36855832999912536,-0.7362860787671286,-0.9725042794275375,-1.7617937252448217,-1.4038769577363175,-1.5575332544924807,0.15052463388808238,-0.44453535518260273,-0.036492799747254515,0.3968794601728763,-0.8682406263393819,-0.22134821172360108,0.27739251032754997,-1.1662097080363831,0.2768400579169817,-1.4669918397243438,-0.20092630491530927,0.6863801509648603,-0.8133798562441684,0.020963063590364383,1.2649712662434023,1.1396762333678718,0.3098795562112463,-0.39949431848101885,0.5277204631063062,-0.09015353595641203,-0.8886635056504519,-0.2295512757119493,-0.020064250586803306,-1.275934947152192,-1.2178777495005397,0.6785196829446237,-0.009170545425544407,-0.4065658787424169,0.23414274630468904,0
0.4145620818342498,-0.6542557536196634,-1.9642202336243706,1.2600989903140767,0.7695564089371798,-0.7455042309033959,2.0545082750541166,-0.878505820640908,0.18160039341053452,-0.27173016949981804,0.8905644211017315,1.4349013021786623,-0.8019843741860517,2.141519177336377,-1.2127697365075516,0.5387812677420419,-0.8308281738121519,0.5348857435073556,2.4810986759986893,-0.3532826947568493,2.498024465743005,1.8212855355716422,-0.36163112193586316,-0.4778059511942662,0.1477673350862627,0.34957529105832963,-0.6428560304037829,-0.8171687103623504,0.20369619201158137,-1.2294961982954944,-0.41026989049237683,0.28373316963704615,1.6486343070089944,-1.183700029797611,0.8140003478389467,1.140968491023573,-1.8945236611229974,0.00967373588574194,-0.4535345526598991,-0.22933488286505385,-1.0937692288115939,-1.8704295986626414,-0.4392965611536659,1.0066431448599087,0.714964424065767,0.9111817650391658,1.4032121622034601,1.2973078292648035,-0.8857516813929248,-1.093577771784308,1.1460452579651275,-1.2599195473662894,0.779501876334133,-2.1862232004802955,0.42446452227847187,-0.1916775944706912,1.6669941376586448,1
-2.4203931307662914,1.1657268333713122,0.6021769702399988,-1.4636923375528879,-0.2985473156694867,-2.031573102415169,-1.2453653242624703,0.843228848186721,0.6733222812723317,0.49337267741224805,0.2663319369343371,0.8442654500249803,0.8647305853083096,-0.19282882142543248,0.4842771917677499,1.004389279244426,0.2231829243516532,0.8325310050246792,-1.2300936283301582,-0.920598575647262,-2.4004478338518047,0.19129767178793008,-0.17804887311344386,0.4662442527651267,-1.5279572541668263,-0.9669110122615258,-0.6798008571701585,1.2804802790615324,0.6684073225199735,-0.61435744567884,-2.101317084935108,0.40568185832160675,-2.184640699851831,0.7190515569944184,-0.2930525871002932,-0.3916458654269405,-1.7490976131794242,0.17666902328100836,-1.0579986821252076,-1.8119345603037242,-0.62023015910643,0.7457255360647305,0.7186958547253968,-0.9842312356557685,0.7349258001481069,-0.8564155442050055,0.1753030750486295,1.2341716579943496,0.6133855662791822,0.33810267324881577,0.652785292097231,0.7517649613887083,1.4463574284911414,-0.9484163236767545,1.2555328082147503,1.3043876128670897,-2.030829859763084,1
0.5878415720797999,-1.2544780755094145,-1.1634336084868344,-0.8948078127714476,-0.6326980988797353,0.8034553125902042,-1.1340755735098689,-0.08497912241072979,1.490379684488463,1.0230384616385753,-1.029177758366563,-0.5025556511640203,1.0969108740926916,-0.7204896290903271,-0.45069725175410597,0.3847990443873339,0.1893108503768043,0.32774959845325585,-0.40866766610257643,1.0517252274599358,-0.06490265051782747,1.906595426577165,1.1610696589551617,1.4142901430013863,0.5379542300362653,0.3729264090149915,-1.0192055388532735,0.5486412608459178,0.9396469053604368,-0.21118052459706554,0.09515360567532027,0.8855021839090018,0.43793178682476824,1.392573697435281,-0.26974492365233754,0.8240496061118671,-0.2372644462236301,0.7474091911012621,0.8708230717820155,-1.4961804276557364,-0.628533442282199,0.422090421374039,-1.2937783210628504,-0.6175509287512165,-1.0739748482239169,0.11286403308053221,0.8565280177934703,1.69584276133962,-0.04077662277862422,0.5624828495633207,1.069534625621939,1.6307198062884996,-1.82325107727282,-2.2513738232607796,-1.620971914293535,-0.6643156843127923,0.21445132429381553,0
1.0912344784339292,0.9974990749016387,0.6059111247691729,1.24400704420352,0.9085951874300162,0.9154827966763704,-0.43672545938508184,-0.2662810464957631,0.2958911630321633,-0.48434518152954925,0.29167563258973755,-0.5315024518868284,1.1271402627743612,1.6821266074131962,1.6936743155320857,-1.4228677751971166,-0.5318852862753384,-0.38961693992634344,-0.8948082316636077,0.23587462122141414,0.9260878966950666,-0.9168748959914766,-0.9808318547534545,1.1936888684015934,-0.0836163181381038,0.5068013077987581,1.3158222610555539,-0.051008969984093426,-0.24292943151741447,-0.7949397365017952,0.348861015172952,-0.7109480637132913,1.167533205638621,-0.10570432226316248,0.5891653504040346,1.4319968503462823,1.1475639005249454,0.1299923651669029,-0.47475252432091203,0.19282483173118886,0.9972864157924267,-0.973005137109613,-1.0421664917474196,-1.0215248932397163,-0.09299011879086505,-0.194960449437496,2.2135287134050574,-0.10156032541333336,0.2514413754491875,-0.4560952102320421,-1.1393075482104553,-2.4908577189713688,-0.4080153921812221,-0.24820260088055968,-0.87034142547407,1.094393790477001,0.2493048438325602,0
-1.6364295071224468,-0.21967943074344568,0.3806187011523957,0.29380647222506034,-0.10455267658552247,0.31475711309784976,0.92126567087237,1.611892209630493,1.1504405274661653,-0.26771235401375654,-0.3139305172203638,0.8812064206510423,-0.6494244227159697,0.4741012844236663,-0.9801327694250499,0.7683067491530693,0.18854922766090906,-0.18794248210498293,-1.4462844474360634,-1.5250437799102703,-0.5206293500493814,-0.9568353636709451,0.4868228229137722,0.8582826353459478,-0.47251563888321174,1.7279918765997924,-1.3289202784025074,0.5918344671228178,-0.7369229423862986,1.6801314997517618,-0.14718310144732627,0.3804437681494208,0.6440246019638143,0.5060493706259452,0.9357134854946372,0.012895946859917977,-1.0898806980428992,0.816139588025473,-0.8354506798455117,0.024054701064151227,1.7854736983709079,-0.1798895966659946,1.6921759012543123,1.5186707097749153,0.21092737326544958,-2.432307381809094,0.344049609042483,-0.0043602091037686615,2.4647397121100507,-0.47757654113310477,-1.2431669009841875,0.02560866449208672,-0.1946768994800494,-0.342300678169315,0.35338628592677673,-0.47520239091206845,0.3699490585133246,0
-0.3987794203188092,0.21721598866466643,-1.652116185271637,-0.3590978301479491,1.273605748105515,1.0620207550937248,1.545241640946302,-1.2749574471834457,-0.0935841198644821,0.11942153012287433,-0.8971961006559543,-0.4111734843759004,-0.8964768012719502,0.8075709593097892,0.5852454375838957,-1.1632890839269514,-0.27008356370039277,1.2855996446452862,1.4276614809038348,-1.2452468949062836,-0.37183855583304753,0.556154412227266,-0.5149043773427738,1.0044079909199881,-0.5350218454146072,-2.981395351477027,0.4076928263895665,0.6479694425391188,0.3521496779846572,-1.5457157364724412,-0.3445998085086737,-0.7379191814570171,-1.401383697431936,0.8311430103412585,-0.3577858841242228,0.5920886332326879,0.9903516684336493,-0.3419986143779983,-0.40404723888010946,-0.6159212317900502,0.8189005868471597,0.09504239788169055,-1.2656943838822583,0.5332725980869657,0.1018973776628801,-0.8792385424250765,0.7114021327247065,0.7533191032304933,-1.1272316147976247,-1.3288444486280138,1.1361465244301703,0.4767651079417014,-0.9385092238246519,-1.1591206254284223,-0.05403148731723155,-0.30470674373643025,-0.10795129091671538,1
-0.32646226983181853,-1.7232760898147832,0.7500348650571378,-0.9364008529170459,-0.5423965296247159,1.574223547688796,-1.4279818683511691,-0.5601020914561224,0.6231386000769901,-1.1227721662236303,0.816914757596202,-2.6947246821789315,-0.8114694624406662,0.373232001702488,-0.1440069514235948,0.4889892445038485,-0.8294533028333713,-0.5460949709773801,0.7616834477067839,0.2759389053054224,-1.8674026455602126,0.9796535776159424,-0.3822610987151013,1.2446747433646868,-0.5522189038638471,0.15332361358843744,2.062338470561175,0.35965834831055443,0.003763868416136702,-0.008455810429913224,-1.1111456306525547,0.0233166137216704,3.2528101229682123,-0.6179283544927019,0.2090945144453757,-0.44783014940593485,0.8536393957558427,-0.9082902434370193,0.1701801204120932,-1.6657631904049208,-1.0030941708379622,-0.23129634584502254,0.22821872203211158,0.19026373260934834,-0.18464784595978065,0.8967824591021453,0.4730463299092724,-0.7536673630584647,0.2250019091650152,0.28132693903752604,1.013696059007166,0.8231895851679459,-1.883985401165204,0.6658815135436654,1.0417390842861944,-0.33621065020578383,-0.7257829580334767,1
-0.16660116000339634,-2.05817514193202,0.0947345726196799,1.4606108554607935,1.012030879481132,-1.5663247830355278,-0.7089522209047152,0.7679014248106797,-0.862985781519044,0.2196303623186136,0.19250410089077385,2.1209655345202316,0.2085354236702521,1.4889191564695494,0.7207180563513728,1.3971800881511565,-1.3493569339745137,-1.304367303888175,1.207141058166837,-1.878805304319523,1.541552948229659,-0.4975651142662169,2.0041708971003316,-2.0546877334130143,1.6178772264297865,1.8033255255545015,0.40597611947502454,0.08713052685262167,-0.3861866069616655,-0.49912623154410185,0.6413209903575274,0.439879086068018,0.5282579646226092,-0.35142496682970015,0.04226151951110762,0.5039184807404611,0.2853998956822794,0.5506368696449362,-0.6832783477891687,0.22267456944302413,-0.6976041531396985,-1.051942477358358,-1.5978707478440044,1.2670068971926693,0.34041264362536083,-0.40690641789185594,1.077334780173616,0.3551126142126577,1.2192067716338368,-1.749643053862768,2.915146084524099,-0.06279417475819446,1.3020700414945092,-1.1489607433840932,0.4662411462849835,0.5534654250741076,1.3634396623305258,1
0.019752542374181413,0.16547159708156156,0.5646659818201237,-0.38428944111680297,2.04680788712973,-1.3718712951675291,-0.32692240087974506,1.4092574755730978,0.381901240060335,-1.2782196192105628,0.9631906385381498,-0.52458526516809,0.25902687905536514,0.38714816682389824,-1.882238728393181,0.33676229022163695,-0.7147190099601459,-0.18421398752139687,-0.6159072376486909,-0.20352967218489046,-0.22035581078862423,2.031100859586811,-0.9122542347394621,0.5791983669337721,-0.2175842582188795,0.18161841400441212,-2.413685053312566,1.0504627937169253,-0.4908359633324193,-0.49177032365634094,-0.7821648578975974,1.4080882731548932,-0.8175914318251565,-1.1210466756580306,-0.6556656914901197,-1.3037479815152662,-1.2195841067537914,-0.6860703312050378,-1.1276452247970414,0.266911747650099,0.9155869209447898,-0.178671697135449,2.0188084877910404,-0.8772975179990731,0.43674315996112867,-1.7568140015326745,-1.093054815657295,-1.0696383435432602,0.93645526554131,0.42330545020811383,0.07884480685234697,-1.2858064374542315,-0.5582579575429513,-0.823601178370703,0.05106524493306241,0.11918837310860796,-2.017780335595043,0
0.21599743659110446,-0.7897711535463402,0.31855834845255676,0.2633184857827133,-0.5764858302479482,2.350904991479156,0.821542749516291,0.9437420269543364,0.34702232298775504,-0.01268895017882503,0.24153451187642228,-0.6194466786021813,0.9006243671528064,-0.4727787803179843,1.3620862444848587,-0.13716847367043095,1.4041793757123946,-1.548035323605158,0.36378759554189,-0.263908901181112,-0.5864043450171831,-0.21190442954492805,-1.1470160916859455,1.78642869288774,0.19652249586980733,1.6101074146421956,0.8563860180321389,-1.1588500327731177,0.4475422180915304,-2.5269820298375456,-0.8988666669985192,-1.2299877242533648,-0.26385264812367704,0.649561239968912,-0.01870624913242559,1.3902830670750719,-1.6129623770439387,1.3642499384159206,0.6433682208755787,0.42011760385234886,1.4110183838995984,0.05402816255138259,-0.34004348035177717,-0.05362401423398784,0.04668768839839404,-0.16947306718814636,-0.7307009433936557,1.867298562977529,-0.7467425450239475,-0.7853147019867376,0.3336187989955488,0.5689845519269165,-0.24381173578141158,-0.671090798586025,-0.17487423374921357,-2.320733179511304,-0.37608013656445805,0
-0.06394818328116353,-0.7002067662931284,-0.13949944720181456,2.1717932589911224,0.3559348985259372,1.5514686512536902,0.09829464151747257,0.7095557290778236,1.0234515300452847,1.1526389910959873,0.256436976739654,-1.4641913612617177,0.3027259247899347,-1.6212215320540226,-0.6562848028748196,0.9098944991544301,-0.29501002923711295,-1.0870954192529245,0.35338707675222836,0.3609825878646238,0.049376348766997834,0.7444634342327275,0.7653101229606579,1.1004509069364363,-0.27346551542835973,0.04744849586528384,-1.428677129314242,-0.5627440017816684,1.9338748665695136,-0.9798265294778838,-0.7186552644094905,0.37337185921730265,0.19866084592853306,-0.8083959730038991,-0.9888465444952114,1.488746326872445,0.39050372538915745,0.23962106803249494,-0.6508696188505972,1.0167442806599534,1.030054077205924,-1.8483498572051726,-0.2876965143997187,-0.8414076493471986,-0.09309638771957615,1.0259699105224296,-0.5054253095574774,1.7300470460977342,-0.5656986554584766,0.6622146241234487,0.191025787176654,0.1302296691891804,-1.549593252487835,-1.2944804483735073,1.6113947686596137,0.5273195922480388,0.6051427149098539,0
0.528392619283481,-1.148548331968656,-1.4243883609975372,0.6203766272495506,0.8877348516163879,0.19487691587719105,2.190638628414275,0.6781539775654846,1.8790917379683207,0.04964364073251497,0.835575775074158,-0.485487630389568,-0.757485502208883,-0.9705346203081217,-1.5921002242930802,-0.2904019700430567,-1.2055743069179137,0.4231720273148142,0.10439549149506332,-0.14571378103299643,1.957768264629967,-1.1443707919742312,0.5841715719193139,3.0270730064345033,1.0600952304223987,0.6037394466010223,-0.1623993522284614,-0.7615386162987655,1.5862110686011035,-0.9011320183286488,0.6794617648238186,0.26941079835782156,-0.3198964457851413,0.04730638737896605,0.0074757745328790735,0.2741301742238954,0.6596998494586979,1.8039438255491274,1.0810178526563399,1.359459647214257,0.29280274835012216,0.6417490666149153,-0.08341017002093633,-0.6362882832965878,-0.8661328418929355,2.189131924109668,0.20469056332661417,1.2112390634447578,-1.1452855055715552,0.05837263024449003,0.7771285465087433,-1.422206877988107,-0.1539358103910797,-1.0583437575598944,-0.8172603784227446,2.4025691487953207,-0.6762578742008746,0
-0.8140723409479105,-0.7321456565657856,0.007409695147655611,0.6680428095025654,-0.26575195035257304,-1.8931039569250407,-1.532653735428634,0.0025307931732404918,0.10289882066656279,-1.3119712779860486,-0.516914109847997,-0.8599671366760406,1.2158561628248403,-0.8211759993697563,0.966372240031008,-0.19380165595903875,0.4934856129904557,-2.106293269349556,0.17547838294476376,-0.218061244074938,1.2550231246829262,0.2085103357896769,-0.9018613684319922,2.658758847667915,-0.4566176082821327,-0.06478662167562674,1.8285278012829218,0.6835363394330232,-0.8068463500883051,-2.061269974213178,0.9408343229187396,0.42417865080111244,0.13867984763848162,0.8569970022268214,-1.024939946530152,-0.4370963222222793,0.029247183192555277,1.8415653379531594,1.1215646097095426,0.4459151416243141,-0.2655795377976158,1.6624968926065937,-0.8405157393550108,0.85697879325403,-2.1240238500269526,0.4686418814504403,0.40364917450442594,1.419190998237372,-1.7154485925272458,-0.47264752744416794,0.4043197087536358,-0.08259183574848089,-2.0349704359143717,1.2935765461898523,2.0853609815804783,-1.3074385181011379,-0.8807568648529391,0
-1.29355016237003,0.6378482837385931,0.833825681507545,-0.5966629321259379,0.23445767913385274,-1.8144087212826467,-0.2951947311478745,0.3940106872712264,1.614531361639036,-0.12791943638488323,-2.309628653253396,-1.0976000245638386,2.2977638924348125,-1.171212932107427,-0.03931803482702907,-0.7235648889070342,0.6943038006440054,-0.4293917818261005,-1.6726093127253239,-0.28468089138965386,0.18888108805703582,-0.9747694769453268,-1.3722625921096183,0.24415700276695726,0.6880191059948866,0.4563717613247831,1.4003688586094964,0.4859319192912469,0.5422535992853258,0.44821759397318567,-2.20710120046556,0.8121655911475587,-0.8401570211905184,-0.9182965994905105,-1.3109817203842915,-1.1555979069384328,-0.9599555104834239,1.0965786565914601,-1.0647332307755428,0.7014392382591109,-0.9490862959568888,-0.805213695294333,1.5802629728233875,-0.3319710544017651,-0.24552483185702445,0.23343821839900677,-0.8731033786413153,-1.1064765137051742,0.4076407388638988,0.11249903716918225,1.1427859018102007,-1.6962313189210936,-0.542627446768154,0.8948330267315223,0.6596912940485393,-0.13470551487074617,-0.8056424454408095,1
-1.371651124062344,1.3148141471270158,-0.16940056967678693,-0.6509374682517913,-0.8976996245166742,-0.7131933687847093,-0.4565528680468343,-0.6882792521463813,0.26826145487800396,1.0423700543528789,-0.02610095143010779,-0.7065240731333069,1.2355008760903872,-0.023241565348651377,-0.164564401255774,-1.4520804969712273,0.1132543732096118,1.3712458204896398,-0.015403455136790341,-1.7305894773088735,-0.07612338217499641,0.12508465333414612,0.369911914573813,-0.32010615059938285,-1.0781085835943522,-0.8165493766656667,0.6463671758215719,-1.1074744648997246,1.2600361140974277,-1.5455225839318965,-2.0533480385460097,-0.8984477638113438,-0.08564224606410013,0.3866265951049222,-0.2792339408682392,-1.1202833720964527,-0.9413234491065743,-1.5665428577927494,-0.702633018411824,1.3134925119210117,-1.1890642538185312,0.08400381884292246,0.5867679395417106,1.187892534361463,1.7834698583856134,-0.21896079260358936,-0.14499228627509533,0.34567156301618523,-0.16755506098906328,0.9788282843746594,-0.020987158276588314,-0.9930729261578376,1.081044024548366,0.799491082100984,0.11038077219319649,-0.4281799384096723,-0.8500086531435441,1
0.22738930837533466,0.3495454437961347,0.444684191167918,0.1425111955643386,-0.28310783163985764,-0.35912582809781984,0.3184826576521496,0.7233527913163708,-0.3612719370282603,-1.3831149167903372,0.28822476245426215,-0.6663667537370654,-1.3289354840564096,0.5582200864400593,1.7672912796157358,-0.8361452359898909,2.5866058052639818,0.8568411427779252,0.15413507878877153,-1.211182688534596,1.478003155970282,-0.4410736659163369,-0.04586196956405035,0.7825560202437686,-0.5368868695719594,0.8298584995281669,-0.7928993916037926,0.19754457939252926,1.6463334725974923,0.8211073020215666,-1.2669537430215225,-0.8957918562972574,0.8994302760473141,0.9773313431468956,0.8488430632840834,-0.6717377340076167,-0.6040655366032003,1.9266483034627184,0.670644282068955,-0.907943791296176,-1.3092812760307817,-0.9176179613972061,0.9401773647911473,-1.9953221845588656,-0.9800231478124465,-0.6397560828987621,1.2876021352910594,-0.2077526509877061,-0.009948005992069766,-0.7588052466920263,-2.101111796097903,-1.1793482686534658,0.0933401328542217,0.32902531048317496,-0.9382319192862674,0.11032106678363014,0.8982875546210178,0
1.4286000220901733,0.017725654287802182,1.6353007649895013,-1.5003503374372449,1.4543599338046935,0.4542220512793762,1.8276865897928884,-0.14281083025583105,0.17910353574217502,0.6699972791163913,-0.7800030310835734,-0.18392607324446525,-0.048018232513046995,-0.08506116960845665,-0.4513908227163608,-0.12310812071626057,-0.37879055234611647,0.19771156481632218,0.5170669992036169,-0.7093617044745951,1.274160617437004,-0.13994975030835247,-0.2590154085056356,0.3354018868137106,0.9939703617150013,0.549157148942258,0.3659524767820964,-0.3720517538050628,-0.20359329793934675,-0.7837082941974045,0.33874489725130874,1.4594527670208832,2.058741644008213,0.15301463236630367,1.214930451376418,0.10016207733958689,0.33391388133087757,2.509149265380101,0.2474164503344838,-0.9960332647156837,0.554973734631411,0.7485566405886801,0.8502868856151681,0.6104902193780566,-0.25937211326309534,0.38629364797660565,-0.7223554897444484,1.3494536453468555,-0.004786718700729054,-0.7281792353740499,0.48207824663088034,2.250373729607453,-1.2071828614130218,-1.5029096393267618,1.8106156489241239,1.6745546979720811,-2.4683695025492574,0
-0.7902321028292607,0.2321643743086986,-0.5088824284748396,-0.8964081295340857,0.33856198973543433,-0.9544944935722465,-0.7090169066146902,-0.9540785635667047,0.4591107505609281,-0.22378799492322676,0.6528030877925523,-2.047648374103319,0.25372441748143865,-1.2134681763850654,0.2708921977876544,-1.0302817991034896,-0.5777895611853077,-1.410552307533269,0.919281131942275,-1.2278198660363238,1.3655595490120533,0.7353850433167941,-0.5887553858238153,-0.4317061801461913,-0.5337178084311434,-1.4945894628771863,1.7126101590028964,0.016543340836488424,-0.061408964537193314,-0.9059152783566198,0.01339658398902135,-0.15432769605257354,-0.31424444234215604,0.08365337425232071,-0.5456076335626578,0.7191091921382253,1.4915391024671985,0.6371227224099716,1.0400296516206657,0.4323480726350589,1.435420664699872,1.4190875483973215,-1.202198536194043,0.8247112209886884,-0.9896125588882536,-0.6199069584383115,-0.19946279622070734,0.0450695581461545,-0.7135563090661075,-0.9773254721066241,-0.5909858345292096,0.44746951445901195,0.500807898003512,1.730717143017106,0.40935940808601207,-1.0052992690630025,-2.0376179017179408,0
-1.536910145913807,1.143983458002559,-0.753529835393537,-1.9333002980748262,1.929908330278589,0.3315535987600446,-1.4412791935180496,-0.07302015227298925,-0.6790868486728447,0.8511622710075385,0.6798810726197512,-1.156679175701363,-0.3284439701055056,-1.0156225444206042,1.4902676612947856,0.8207437203842501,0.4989482749189524,0.7647439197656479,-1.2985394529101804,0.37264566832882506,-0.0020847182433502472,1.7157709322610373,-1.024138743338457,-0.7890109955799964,-1.229455136089275,-1.2421244370523412,-1.2610256069812662,1.914327919028382,-1.0252902027714765,0.6633154676429005,0.5374083519671887,0.13971357141696428,-1.5210858917790182,-1.2947129247572682,-1.159355520198715,-0.5898248702449878,-0.5160975210213884,-0.22524529839452576,-0.28288254981774286,-0.32365329861420644,0.29967236606467185,2.9541496454945237,-0.11433325279751352,-0.44498683011730106,0.33758643784155795,-0.9156420708901127,-0.5924742263718668,0.07695353368147072,0.23333263806976015,-0.5286980888084155,-0.46672887741048974,0.8740666852480379,-0.10705925049199412,0.3805309945896647,-0.4149810759615593,1.3431196003994128,-0.1541260505836442,1
-0.6573324263409032,1.2123507159920817,0.2602752908436275,0.880812215133153,-0.734600050726519,0.8806375549634529,-0.8804408743556322,-0.5939196737495018,-0.18605530965818512,-0.5731235889936616,-1.767618684138855,0.2620717845526155,-0.577998029833859,1.3906863083311851,-0.010268400072727802,-0.40192202029967966,0.8847899134682935,-0.3886411717731194,-0.04977769780221441,0.8868857908660047,1.231211471569924,0.38770644994875353,0.6037151703434795,0.5410734442224537,-1.2827462413224966,0.1737028441342738,1.5098586776099774,-0.7689191065907355,0.05512561514197923,0.14869617292130569,0.06163093586268281,-1.293153402774116,0.6282981072750056,-0.9336242217745823,0.8031630291443174,0.633732993390077,-0.021188939333241553,1.085039911385317,0.4887281699973581,-0.36399568721126013,0.8289906890499074,-1.7578867638412963,1.7184818306215779,-0.5321062553519182,1.6991984562760214,-0.3186311329888298,1.4778671758335806,1.0426319312473602,-1.3155329232925166,0.3085538305318063,-0.06384074113182509,-2.6063360681354375,-0.08281709430063543,-1.1544946901468234,-1.0785078891689146,0.4102029022467245,0.1132960612448426,0
0.7795920847571107,0.36661074263847604,-1.0501574758490997,0.6526165176427458,-0.5552369306490218,-0.5141621758693167,0.7286751728008436,-0.8234818925854183,-0.8825820573555208,0.0841767726055605,0.0250273938925303,-0.6509389706543284,-0.8896792405992804,0.4628689450346681,0.7925002214450824,1.7331972312081092,-0.9925147873966431,1.3892604002656632,-0.406430129329625,0.49043135516802866,-0.07274811178878979,-0.4085299401125867,0.8987763256638264,0.31878865145312235,0.18423181138421202,-0.6928892979603276,0.5129348303177186,-0.3517179468459541,0.4395649333187437,0.13020524541797054,0.4341161915539599,-1.019672886096768,-0.2985675881555725,-1.9331064740402,-0.19363351593615757,0.8173611945117458,0.021548922299371824,-1.7770514638265043,0.19373805937540678,-1.402834525150366,-0.09535163808557422,0.1584568522324767,0.54011039770032,0.3970479352835501,-0.2781466281261816,-0.5106965713449431,1.2622027957147937,-0.6972007728475419,0.15775492668303284,-0.48856686357471046,-0.902037311185431,-0.27978858416238184,-1.7594289076712435,-1.4197750933424593,-0.8976419082691469,-1.3675170085694566,-0.5041845375567164,1
0.39205517429343106,-1.3965478999347793,-0.39156747786320445,0.44785546819981464,0.4635210005154495,2.2363101995229226,-1.3476587841741543,1.3482999734702108,-0.5955728983591714,-0.2736094191186566,-0.8176193033742655,-0.03951808015261649,0.9484360242872762,-0.6974203314965252,1.6296981574361018,1.2995282313675545,0.15258283920484086,-1.8137415339592164,0.5567614069998255,1.5559935778756104,0.5335330054945411,-0.04897514483658898,-0.402614144303094,0.07871524720651615,0.3573884096803473,0.7437840594456656,-0.11837874548255159,-1.523243283426916,1.5552850779108087,-1.652868826773065,-1.0381393816458162,-0.8646438385506633,0.8449169976517442,-0.41250922427362946,-1.7121715569329676,-0.9926434702341708,-1.4529508733936207,1.347052027382253,-0.1977603278534208,0.1529759275832863,1.074934760064427,-0.17177535794493762,1.264170687300467,-0.044438989468562964,-0.17118139334167715,0.15521235479496065,-2.1491509284589116,0.8285395415110799,-0.6110017313639007,1.148533482996989,0.8211338356511945,0.6995073536045595,0.172113694371841,-1.4439842389505575,1.279751238277636,-1.339802353930424,-0.2977595293013727,0
-0.9975103938261451,0.865954052576802,0.45287793160974243,0.7780663954613524,-0.8454028129762983,-2.127148557641686,0.8379552101298483,0.2864192561910736,1.2872493702042331,-0.17258815850796422,0.1439247833720317,1.1104852747558356,-0.026390092572710567,0.5744536851370269,0.5853498654155456,0.704494286488095,0.20284841018584937,0.3750965543987436,-0.49091145896419147,-1.3179859181049,-0.42297646720018567,-1.0937469371550106,-0.07549835865393123,-0.7390345137279744,0.3893671987379079,-0.01557475132212098,1.6153535515241761,-0.21678483309429672,-0.654023566222541,-0.7337975779487984,-0.9402038743940941,0.01317055098899941,-0.15815855444588398,0.23466035085570056,-0.7285634242055967,0.22263628895200333,-1.7719158495651703,0.15180283197009495,-0.7884507281176472,0.8150559344654658,-0.2834512602077553,0.7809302118897142,0.9721898221305848,-0.5213616034384426,1.0974878735418474,1.2481283796419762,0.019707925346873014,1.4478113664455794,0.45310320092789164,0.4297849753218895,0.3130934152482357,-0.6972162284243871,0.8370293673156617,-1.5391337596799672,0.04940957865202601,2.046003233949305,0.7929135907564081,1
-1.0006345260760092,0.26598534318585065,1.9889206499509287,-0.16250775340923096,0.9832037719549458,0.662123713852819,0.5935820249426712,-1.0689597141258553,-0.6870432571615964,-1.5591004055083588,1.881069957017826,0.25690148276365393,-1.8586335481349134,0.4567812993732472,-1.5537052922645842,-1.8543509249729266,0.0471073910206038,-0.22095238184890878,1.1093819082934582,0.2234017750527309,-1.2869888042198863,0.9513975372094011,-0.4248971257749645,-1.7286431007955012,-1.4930261922168346,-0.3632530488078633,1.2151247955579187,-0.1617728174963553,0.495640560334528,-1.5188222914407539,-1.0489344049654672,-0.9194092611389139,0.3111282742523747,-1.733765484513671,-1.7471287879417796,-0.7056498165151295,-0.9471523186446053,0.6951896172914492,0.8631713019849044,0.3177703367811184,0.6909769561464637,0.3287866397519573,0.6484816644911238,-2.181964637605607,1.9262771891067867,-1.1264317008602651,-0.4642740444030448,0.22294267460428369,1.4986466308979647,0.47987249390107467,-1.1011188311496731,0.39066225301125834,0.9494827903625942,1.7502026718888684,0.24103642456519409,0.3170921268373262,0.9581721511641555,1
0.20443698223288773,0.42448546788264635,0.3031030961595817,-0.5963946885263564,-0.9063966068424256,1.067608679901571,0.26086919712627005,0.327221686922306,0.00919850181048211,1.6150098296133872,1.1963735190896572,-1.4283191739991907,-1.0140681748965334,0.43693896984134634,-1.151451966703943,-0.23330885270153137,0.873690316231076,-0.3939512780679597,1.1137981286118264,-0.6576129146307402,0.24386487880751317,-1.089443538974426,-0.6767720435269157,0.12507701825496345,-0.649721051262885,-0.1949838651051369,0.4682261822611224,-2.2526797443923163,-0.10951521675224658,-0.3816594970246838,-0.21408838763985183,0.3258309409410479,-0.37346769393663015,0.4644557344884374,-0.06742397258635328,2.3449506076539186,0.597835703517826,-1.0932701117111208,1.5465922380680632,-0.029045931527857373,0.25353435727037454,-0.3159011809967047,-0.029263285128101356,1.2299572935938077,2.2130788777758474,-0.23174591380715465,0.6175810238790526,0.46761168235784883,0.46880733572571537,0.41419561690741,1.4444248822851993,0.014623001361733208,-0.6538690452385051,3.234025564314063,-1.028056464243002,0.7230267476041305,-0.027817174274865717,1
-1.283685543864271,1.012965211995517,-0.6093381721524717,-0.6255526065388587,0.44636447220170994,2.0609698267115704,0.1121451771768607,-0.6078367195111591,-0.2623486533577317,0.21197674727052926,-0.6617767244639328,-0.7101318105794251,-1.8308426349643765,2.4396525617372484,-0.9416483249953828,0.0032378268447263107,0.11921816209763338,1.3826419596278026,2.0064574622420897,0.5684085683127583,-0.6107969599166216,-0.033745303935590575,-0.9080327646137724,0.25101972036564363,1.4422538129916642,-1.7683147637678387,-0.4223675587025553,-0.5649970077296887,-0.23200298282909929,0.3396871932971538,-0.5210642845794483,-0.8278186113755154,-2.110533381729028,0.7125060231114358,0.20383078337920107,0.5266230790976474,-0.6108471712200018,-0.9283659049113426,-2.1549998186919765,0.5766949079343839,0.4879293942539105,-0.7908881153030058,0.19227980092496536,0.07144632730816237,1.6482177614253923,-0.23304471230296062,-0.9545921049835575,2.0613257623369723,-1.0800864077811385,-2.080576529899525,0.5357861999765138,0.7336537979328909,-0.47770987273155935,-0.5585648082270978,0.30859053315564605,1.246931619922518,0.42446880007376725,1
0.7453682639665755,-0.6072108904281789,-0.4120528915037682,0.13018140955074967,-1.8255807507384139,1.3414109736956579,0.24490597718234705,-1.1824585995659138,-0.6823472188411676,0.3079905128399373,0.11938833444354728,-0.11982588823130477,1.6312801492917242,-0.7234616341387721,0.39828590890024734,0.09435160785549652,-0.43785006529800374,-0.6307713592748794,-1.3252652347990652,2.470733294908112,1.5289322643943846,0.3917425848607091,1.3098823317236985,1.4639670725758367,-0.20860973567993343,0.13039437604949727,-1.2224195382511742,-0.48246696244780723,-0.46583484554279897,-1.4125791484959058,1.399323421084512,2.0142475332123646,0.7928525307344155,1.2557667524598022,1.0905166355054845,0.7977645361204045,1.0047920733101712,1.4180236324620525,1.1444645658476122,-1.3896441039396281,0.38502871695073,0.6636731859029337,-0.828112210375485,-0.7046207460564462,0.46588005771511315,0.3230794500670817,1.737874132129978,1.9287315524697386,1.5601034585060665,2.0543652815595825,1.315059534139051,-0.24043652078160851,-0.17651606956132437,-0.16236475509904486,-0.20471858178600194,-0.1921438117011897,-0.5819357000114898,0
0.4539849593345726,-1.1044855023701616,-0.566828389916441,0.12148668606906551,0.24034631927234007,-0.5833655130236053,0.29403784162442353,-0.5841429248872138,0.03868562635905352,0.16748812306739988,-0.12427054849429733,1.2410312554137901,0.31307637564632024,0.3579041011897828,-1.4334365501942932,0.49805897604244603,-0.36744111009404806,-0.17463575859307065,-0.94374719133156,1.9475833133320224,-0.9599835883382681,-0.40812420076871614,-0.8831579077781744,-0.7739932460596654,0.035925964515460485,1.6484254612489946,0.6372522831892439,0.29771820626114337,1.6809000485758203,-0.22479515143019416,0.09148099586466442,1.899200595112208,-1.1202208199637225,0.854389477640436,-0.24910538426118461,-0.8563868847005134,0.1326379030399115,-0.5170623647215722,0.32540689968000713,-0.570133515700526,0.4761091263587784,0.9477630863257152,-0.0804631881387548,0.8509717824551388,0.8220567133974206,-1.7846692342925725,-0.4477331259510752,-0.44665641833571607,1.7340746350951224,-0.961278455302092,1.3971746218778274,-0.0014532764148064022,-1.349452204949556,-1.0018706815184057,0.5918078313650289,-0.4054576063019507,-1.5209922545905774,0
-0.5259446431553574,1.8716162948943524,0.014442735405927415,-1.045486271759376,1.7247254183024194,0.039430040701894924,0.3134552379475617,0.09036740893937555,-0.7889268528420809,-0.7306521740002216,-1.4545240560235566,-0.98399405410406,-1.2748954473239646,-0.7021016775512732,-0.2956056179053248,1.0206300111421664,0.7972075945629367,0.08318793159625247,0.37555624286742323,-1.0412383936356888,0.8337857274354769,1.111512815680402,0.6823083821492242,0.09911659256079125,-0.5997935788580523,-0.4121955794673293,0.1858449425377092,1.424490699894453,-1.7710785421523354,1.0288694133511371,-1.9069590704124357,-0.3041624373963338,1.7743044543439415,0.673629499252429,1.3071907511958067,1.8819836376156096,-1.5502219841091058,1.7739865682183193,-0.8141393329345876,-0.391561426285089,0.26494232955886804,0.566171628624409,0.2192769531385197,-0.8696433182037548,1.119234772942878,0.08485792299341637,0.5057887283190223,0.14019421802238144,0.5980702356155749,0.4320873823759512,-0.29080099980075497,-0.7762818844764616,0.9645355547160936,-0.7351115104760371,0.5509465879159444,0.7477738333669027,0.7123268379551995,0
0.4107016066679138,-1.0693536809326147,0.1919064245210728,0.0927197784838621,-0.6358401028276424,0.5107480143602864,0.13422676172389836,-0.2788288533908428,0.6373719392146551,-1.0238169011196274,2.268383120288375,-1.6470159419063113,0.9138666132210206,0.024311335278070383,1.5015037933722355,-1.1423288467424886,1.1152478378185797,-0.8530588521078122,-0.8191525026692597,-0.6141091424149941,0.1181474745542659,0.1681111389139389,1.4033507391409703,1.3498632467979366,1.5057952628123517,-0.40216833788452727,1.2397738226964528,1.1521794889266448,-0.16690797274177,-0.36971141216367814,0.8294044626407545,0.7775121348015595,-1.1478465346562952,-0.5928591863156536,-0.16683387802536895,1.1705572304418674,0.12289496236377856,-0.5278936774416698,-0.3634766135346022,0.6139905491290701,1.3988967961695142,-0.4570666468733709,0.23105124863786364,-1.554860745724948,-1.5899805495298271,0.5705028555555824,-1.3746832839992604,-1.6580605264946633,2.448651210867071,0.774604010108519,-2.365065574554752,1.886549456758403,-1.02700837600306,0.04078365623699502,0.680481449401789,0.3053303023291342,-0.29726037696635965,0
0.9438212553664884,1.714267957078689,0.9992122379374755,1.7829825433656072,-0.46739279695581687,1.20305542118678,-1.2465492564362681,-1.7973326592739487,-1.6352455601371942,0.7861390867904625,0.726985971439536,0.04095231371702961,1.4318736327062032,-0.2406775456752622,2.2627725677081583,0.29620968716937773,1.2049113238942206,-0.8358835323973163,-0.3375433722152659,-0.991250522210358,-0.965177013893586,0.3996163309478353,-0.4193402404676721,0.5906984017361092,-0.5127917559448766,0.03678138874695387,-0.7835641281884318,-0.20598192917753863,-0.031383140273835014,-2.079160255345088,1.4883546973362423,-0.5830176852199438,-0.17617533528080975,-0.8389816023339572,0.8490436425677966,1.8625185246406337,0.846802048683825,-1.6249022809215619,0.03340750049267577,1.0655954897891102,0.0950773762552691,1.1538456363396379,-1.200577261167721,-1.9828545140757847,1.6013370567409657,0.3386374402971751,0.12151003465691843,0.3570973830839249,0.20282005882411494,2.046925007105813,-0.1977556746608279,-0.644637820566159,-0.24196691629272593,1.403532095156205,2.0560350839476897,-1.7319902894635135,0.7791601262637889,0
1.3108482259660639,1.0180382390492595,1.5653378760463807,0.1477417801859722,0.709522483156182,0.4113634621261739,-0.37716371568589113,3.3209844910029354,-0.1485022030360001,0.5558560692747319,-0.5695508620572668,0.4389305961069425,1.1228540748020837,-0.3308404816873861,-1.0872771372990402,0.6696793785699889,1.2099724207118712,-0.3639501044080095,-1.2811679796353894,0.19630182052311101,-0.2897589801286821,-1.9629479331894204,-0.37265516147729294,0.43267624886062545,0.08388549137011479,0.340493707131429,-2.1779060177603258,-1.1384855580739135,-0.7246004349429306,-0.6742383950549031,-0.3040683563859714,1.329699082916301,-0.9108951596545801,1.89308227409972,1.1200895414326246,-1.584741178522266,-1.3691019662251294,-0.1453458018919155,-0.45945064533926766,0.29810722086519864,1.6028870616778057,0.6606138447828686,0.6852078940673475,0.6696843546431057,0.2208925255729792,0.0699727511784055,-1.4330959012863147,0.7573065209994527,-0.6298707811936843,0.738921951448141,-0.18091453196881502,-0.7596455693791037,-2.2591560459329827,0.7677719507145295,1.020790654658813,0.026549373804475085,0.08656029171661,0
-0.5897544743341062,0.5787935476816225,-1.5817431431644893,2.1935245084251296,1.5877912132234433,-0.23411819088235072,-0.5644945990132436,-0.5344111954675986,0.37341994619007707,-0.20976511422798413,-0.9024706780550367,0.7750650762045436,-0.47468913820176706,0.7815180704199037,0.4665698515967292,-0.3520469689077846,1.9652646236678069,0.05522658602330145,2.205701158830773,0.6349747052714207,1.5772105723408767,-0.8599979610348737,0.6856195246126057,1.7924873874227367,0.3045244560734203,-1.2186337770668336,0.6511878012758466,-0.26184955447521774,0.07675709294495332,-1.3989025415665153,-2.2215117869888577,-3.2122198695866717,0.36259174001124894,0.26329720114041166,-0.29704108026552356,-0.7132250346135782,0.7676896684020478,-1.6773941392710032,-0.3950056506010427,3.149372310869845,-1.686370616053585,-3.0381652897655176,1.9651501910993492,-1.6751835311876404,-1.2584121262152892,1.3887171102660474,-0.5476857904922792,-0.17574785150350347,-0.527401788628796,-1.0533046749509238,-2.515615028202896,0.13815703196344453,1.2433989458857124,-0.02173496048322275,-1.1228677767268898,-1.2096744633516472,0.8739341688535888,0
-0.7429402061292071,-0.3774477572883607,-0.49551291202054926,-0.5964553106792426,0.5704847547788789,0.7925481380471203,0.08069357163533296,-1.1426316621358272,0.9987570193526963,-0.8656070224842426,1.0726156509286544,-0.8596655472176241,-0.5249026603881117,-0.18548054182541737,-0.6124690813968263,0.004391203560585825,-0.49843780305535607,0.021534929697609385,0.18686773008510332,0.22381016829603123,0.9455906547870971,0.5692144905202672,0.026044281143170145,-0.27166678945681166,-1.3986000978799817,0.7918294530208984,0.31317553086930877,-0.6271806435738506,1.4039994131222022,-0.7666138651694129,-0.06586427194323423,-1.7074180990768284,-1.0531363713294424,1.599057428318495,-0.8126179865148693,-0.10162768507246546,2.355325899163233,-1.5038720494604887,0.17640730721576364,-0.2999950845998574,-0.6513841350267147,-0.5988883103206704,-1.5218337787823994,1.0072127256130818,-0.14761784701292194,0.7227709452517354,0.275631699366294,1.158109979743556,1.4432851629784498,1.2869986286721766,-1.898890810933694,0.08894349147575835,0.4505955795921415,1.2288648610784503,-1.2592395712193434,1.158534694300787,-1.501573544602111,1
0.25216568574898507,0.0364197155979421,-1.4885124994791665,-0.3737528320597965,-0.44709535057782135,-0.6674882080813054,1.127535292426151,-1.012918147067381,-0.05223019354970061,0.3735302628977321,-0.7984173778895399,-0.14305247592002654,-0.6395289500155871,0.05031937847817664,-0.848323423970312,-2.7408071828658622,0.6935337980965547,0.6643192317974094,-1.0171563362600062,0.19260892863445,-0.044101338920162575,0.6619074749575656,1.6343486583505276,0.2973114241764467,-1.913034962408301,1.8640131639887993,0.020349374619076946,1.0899901202814455,1.35470718241799,0.6145331517673319,-0.23653331141380887,0.06732122678710245,-0.3739346140903674,-2.2886319854371924,1.29876748319918,-1.3574354149162036,0.38173903558817546,0.631192505683847,0.4917054363023033,-0.29736181523324556,0.9612390231106435,0.0974775744709822,1.5128795675120283,1.995008543566789,1.0065915479928018,-1.5483866873826388,0.8631467778260619,-1.0948424702105077,2.3752098449642753,-0.5436736886356611,-0.3868787534524575,-1.0093166130811104,-0.3932073329755872,-0.2858465157697138,-0.13700453647482197,-0.28361834596789287,-0.03327428169812978,0
0.2334401271092982,0.1872686881124308,0.004876795281441765,-1.6598550363636257,-0.028645981404590688,-0.4649557300600758,0.2382093635457969,0.7819739266128182,0.5635496525073421,1.5408023283073502,1.1504471133835124,0.026333511258408254,0.923610314863644,0.9552529636212791,0.9135477416030805,0.3699672163276024,-0.23395462668653155,-0.7813308359507861,-1.5765704904378992,0.24918986312055746,0.9895357792297941,2.200653687523696,-0.6468183347918717,0.4701216297897275,1.612323333376709,-0.10519237734532134,-0.9075113247206896,-0.01713589945557889,-0.14467401739160793,3.014861277756875,-0.45785988155555696,-0.29832835076733083,-1.8090763465989903,0.9961165445118861,2.197577396532302,-0.011703593156989735,-0.8126582568170584,0.2681434149360833,-0.7767807457626463,-1.3044144233591273,-0.6727724889841146,-0.5185948425279139,-0.8312931799677211,-0.1970989003072142,-1.8496066442757155,1.898080402265377,-0.09081696919106172,-0.44433846471405364,-0.7144129581695166,0.48533137314133534,0.21222461723669678,0.7233371814207251,-0.5066998447670368,-1.2362916226554694,-0.19855338590930074,-1.790818431456131,1.24643679104096,1
0.8868299946462321,0.8987857426689366,-0.22692304420172668,0.9554827679394091,0.6835806835736615,1.124674138876404,0.36819729150946157,-0.6389021783547054,-1.0482087230325996,-0.454381494887978,0.08944631949838798,1.2475707353879588,-1.265445992605317,-1.517464855393991,0.10857041174612861,1.2355503632717375,-0.7601272369102234,-2.5638729014080446,0.24318359389885502,1.270756814332769,-0.5132769757999738,0.9288217832959386,-0.8347205551413958,-0.3359110222308304,-0.5548722442926572,-1.53147510175327,-0.2145320305369834,-0.23052382977263935,-1.532248433878175,-1.110971429337623,-0.04151623554563785,0.4075951049567835,-2.1086189712084225,0.10395492421975655,1.1955840603903938,0.4224767135291601,-0.08860385051579325,-0.6644906721492452,0.4196377880478249,1.2726416089354193,0.3542603006889582,0.7615315784293709,1.3895407398562123,0.1327175851845924,1.796373233391991,1.0093238115334509,-1.3291924877778165,0.3363832173655115,-1.426347005685303,-0.9087659092896235,0.015872182788229983,0.4016205779377613,0.1019721266329499,0.5397884144972125,-1.006826699843226,0.31013734094432477,0.4365712270721605,1
1.5074284194501977,-0.19038307643517496,-0.2634277666962576,-1.5513229713243504,0.2366668882088762,-0.2526876803444701,-0.5890904924136284,-0.7903042218391755,3.031511750688736,1.9811331956848728,-1.3288289170526937,1.2339529851597317,-1.1321517439600257,0.07139108053142872,0.06897343593095646,2.2993542739278703,-0.08692310202687134,-0.3970733543725692,0.23689803482003624,-0.8255224563741274,0.4121082130294271,0.9451278271019536,1.7891818650526712,-0.732645460477686,-0.11790280405918599,0.1258410290839853,1.1395146732596517,0.6839215901532327,-0.5277369878911572,0.5459176760493318,0.004410968690964416,-1.4821257463290172,-0.30616558919787995,0.24751794085154064,1.3162970264226077,-1.3299899680684732,0.09445482810536873,1.5472256218757166,1.1989099045359397,0.6584498216139594,-0.8062432856110642,-0.412406486227959,-0.3651004669491186,1.3752719435650451,-0.6742080970370141,1.3662861480641009,-0.5225313612778201,-1.4617702782805704,0.43143921854942685,-1.4417276198048636,-0.44794592425925267,1.632180678132605,0.4615860723740433,-0.11132056692888428,-0.8664027009790717,0.09714039293106566,1.8624763437339753,1
0.9665905201065632,0.3987880089734161,-0.18824811593919874,-1.7108687331917007,1.3494336239071927,0.6329756217776198,2.4705991129082587,0.9359480943472125,-0.3237071587624535,-0.5789301186750249,1.1121907341453054,0.24032912184217048,0.19688978456559045,0.8751000285674649,0.40926860947941557,0.3931920846050256,-0.4101640885039325,0.2575704929758677,0.7982548421188629,0.973192726310833,-0.3966007534000548,0.3441539576349288,0.3718803850951748,-0.8207353001375787,-0.7102538714891325,-0.9638328875571939,0.3684965117862756,-0.8086830879103583,-0.906258912317227,1.115058878513144,0.22898177267910041,0.8337420689151352,0.5900866217769731,1.585742100792579,1.7702849187895218,0.8416799223586794,0.2714759015008092,-1.466492051180146,-0.9139560430556422,-0.25007003279008494,0.7789930570747472,-0.756036376613699,-1.0783654011460697,0.7296063856244007,-0.9398938270231846,2.392906861901504,-0.6308563220754146,1.138976004193138,-0.405716821186289,1.3548106659052137,1.134693465327798,0.8502173574418503,1.1132460780429552,-0.022470997059328833,-1.3842746279144011,-2.2636332493045166,-0.5036219392268705,0
0.8205177482927121,0.8829852656069583,-0.9090153953446355,0.99438535424468,-2.1024502763822155,-0.6966576916133096,1.3510381012052197,-0.14332508319198253,0.7309875866042596,-0.5253144165404305,-2.0785658890724426,1.1103968069128372,-0.5411715155432039,1.0758297083015043,-0.6433042188128814,1.1445910066554095,0.46678786658774746,0.5258675350924201,0.9780306148931945,-0.25337556198868916,0.3666189505530541,-1.9226821579361162,1.299106638110337,-1.2632553034535248,0.03160071985225514,0.2778688244359169,-1.749469069129266,-1.1890551585027838,0.7491473607647211,0.49983946867269186,0.47496929639087604,1.43991108135678,-0.6366178870881007,0.7953155360373275,1.3244440834318216,-1.055375320358107,-0.4067676000362629,0.6737374540266495,-0.5970001544845511,2.1346773422836054,-0.23598994287187297,-1.1369891934405847,0.1064980890041369,1.3595860229499739,1.2445180133483602,-0.08255609344284019,-1.0303831423387624,0.39881589565968484,-1.5469462267760092,-0.03536045648757173,0.6559064207762889,-1.6424105471456754,0.43144694795439353,0.4908961658328362,0.5540665028736458,1.135193190356811,0.1737578617403843,0
-0.4593838878974988,0.3040672894299381,-0.8944682037735974,1.3116019508697752,-1.5656400160760455,0.21184443989169569,-0.9169182972905172,1.3437742622958617,0.750670872320684,-0.10442533124672304,-0.09457113262982585,0.02362240522570884,0.4994786113527212,0.6011853793708576,1.3138972532924207,-0.2220585047278739,0.7595302482363859,1.2270643705121485,0.4964507608333865,-1.1228627281347054,1.4257620794316823,-2.775114645987256,-0.8379907564095748,-2.29729119871934,-0.11689905164408636,0.7710382520379347,-0.1972298779987377,-1.090018534612074,0.26963804339569797,0.0651596803987845,0.04958203470886279,0.2987706721700394,0.27406286753273157,-1.4719243662991164,1.2148461659311904,-0.07294607218811813,-0.6910076501663203,-0.29114792763028086,-0.2489043817172517,1.6110229627067774,1.066539521466087,-0.2070498479168982,0.6635449790803537,-0.20262654477868078,1.1976791018983277,1.2556570493791923,0.27132959290157127,-0.22318516736958607,-0.5573974258992466,-1.0132229911829231,3.046233675896633,-1.8549807533108154,0.5833405891120828,0.06779839404534267,0.3103203328875913,0.05037797177903368,2.397966054904019,0
-0.7199074481304379,-0.32659515710253284,-0.009683429720565354,0.9065929962722021,0.360585698359135,0.2438433732494784,-0.24013315955163103,-0.2745118005381095,1.0529154435424117,-0.2597727534443828,0.929996883883502,1.5203695094945875,0.45632980375997007,-0.28752657727977327,-0.6128869372166645,-0.39016973800055077,1.4195636088895622,-0.36579688281578254,-1.6944220394411798,-0.28863003264524933,-1.9662983057519516,0.14871025977072072,0.46808977205047675,0.023067725585825077,-0.8856910084045527,0.392363322689755,1.1444784586742958,0.6125728331501824,-0.8613410341186406,-0.3042747511679467,-0.61924612535589,0.9766694143253736,-0.5361019428742215,-0.11086682106350756,-1.6451107877708215,-1.4453529696611946,-0.6393012545656769,-0.7274718689643327,-0.34716728852424716,0.5804677147277281,0.49636386410956856,0.3501293491362033,0.785912806094329,-0.8583938776017591,0.5067244964728514,-0.03031861354790579,-1.3687450808807506,0.6573702575029045,0.5199287289106921,1.3927972922895608,-0.4002849260152874,-1.2345573921804358,0.4928897385112916,-0.8144986007754366,0.7626501488516731,0.07159092468916249,-0.0029603679081470543,1
-0.7265299188858367,-1.100503684177244,-0.46033546701761413,0.1776757797329338,-0.5419844345453474,1.2988660420691416,-2.083759055655991,1.5899765630447702,-0.49890468674082655,-0.16164303661749377,-0.6144535493271233,0.510367264059338,-0.5593743450810579,-1.2928970422652335,0.18047591973974986,0.20189608950296742,-0.98327885283326,-0.3733807336610901,-0.5650773152572172,-0.4817509591552146,-0.5303475302414342,1.6950226966322472,0.3974277716127797,-0.7546659324012124,0.950533469826906,0.912792969351179,-0.04033358878383014,0.32138771891625195,-0.5900193658773053,0.10364505928087313,0.31729124405547543,-0.26241145293900214,-1.0997082359951391,-0.16515664979883202,-0.3546038907398616,-0.3971959898087089,-0.18647347356881927,-1.8692319549997998,-1.054369920708851,0.8851279265248212,0.00022277669321295673,0.804315627589772,-0.2544854390848719,-0.22796225060082542,0.11140701327373544,0.9399465776095466,-2.350250335542246,-0.9076337483338227,-0.7602180151997878,0.3117470185802305,-0.5233331129755222,-0.2749423187209085,1.0940367561712514,-1.3158703192215002,0.19851292320017275,-1.498187627747582,-1.053792312491401,0
1.8627063357760798,-0.8402594581417506,0.7810582627074182,-0.050474966326715665,1.1894855582271622,1.8458960662679886,0.18410872142339305,-0.45817810886867943,-0.5924822417254344,1.938276919966996,0.8258173548910187,1.0112458631970174,2.163724904639488,-0.8498403722751348,1.7270243150326816,0.9989695719230408,-0.2234443571192791,-0.18299176406159465,-1.5289797040079898,-1.1330952875260067,-0.3079286181854728,-1.2623938593476576,-0.5488532818490405,-0.6295359982306887,-0.580666399930547,-0.3426902991433953,0.3257831677312015,-0.8086414072853397,-0.18949290571635843,-2.3181842605787075,0.2655406258966311,0.18304852747939854,-0.8182408021015091,0.8696631401472406,-1.605417533125909,-0.23728676764152054,0.5571809084133458,0.6006031562623136,2.0099316530246125,-0.17620299061215736,-0.8368367344664196,0.10640518290560372,-0.547438858074258,0.5199822409555154,-0.2221407097763469,-1.9915054164149282,-0.046221408609872096,-1.2527678925621433,0.21199845152622307,0.15182684686548573,0.8533215205088736,1.083564810516474,-1.0325561155618292,0.39098698801177,0.010075839853874244,-2.1400947029947845,-0.8699272023264916,0
1.4023873164095808,-0.5662364237260348,-0.00507631743673185,0.9326491213251453,-2.3509272924732554,0.8517889150866421,0.09357844727990519,-0.4165568349722569,0.4892193129060972,0.6486345689736736,0.7611535713653483,0.07110977754668255,-0.26652102356400403,0.7638734493760937,-0.10159485606111872,0.05196442135135825,0.5199066236819037,0.29474143388740637,1.07340049358521,-1.9751325612363526,-0.4459858000120204,-1.5142551017189407,-0.7720443771488672,0.45351021895931865,1.9733490188300973,0.4227362136344958,-1.919203022286867,-1.7527776898856704,0.22679692379668506,1.4017610798285651,-0.5640700232120003,-0.06574728304957551,0.1631132860189178,0.11540242600431569,1.0215449136331844,-0.19080321320349886,0.9796050676811652,0.5494413776309607,0.18357030887930947,1.4996365520455135,-0.8674853633353085,-1.3658396959276717,0.7583530416631236,1.2675283275578115,-0.027805851036958883,-2.2034762203191116,0.21589604893921652,0.2011988653965507,-0.7310314716905216,-0.7325695822846771,0.395919373457719,0.4991597844855025,0.5895447393015076,0.9187695214082706,-0.4198116724131044,-1.3171551189120483,1.0673905951801883,0
-0.12780024106036222,0.29661577687951335,1.198378537969462,-0.8639636085346847,0.6990237421380728,-0.6222850536803064,-0.1478751574052244,-0.7080427563379114,-0.8267643206806262,-1.5347182870485412,1.3033421570525998,0.5830510237282649,-0.8663526510404338,-1.2492598977054699,-0.4668584146401566,0.203188902984955,0.1029294241923814,-0.2861440763075852,1.1980817775230264,-0.02939910663121939,-0.34344239302119484,2.13864698523011,-0.045722751995087185,-2.4587853248698472,0.7806356548656069,0.469737466015254,0.4419158722250502,-0.4691192178136644,-0.09274231311064457,-0.506070885462975,-0.19705653562494074,-0.2940053529178349,-0.37150343348887055,-1.3113466420225721,-0.3491586941754007,0.019479230661772335,-0.6500143423554954,2.7034003156489375,-0.189310963361288,1.07237376290585,0.40971079618933287,-0.12363318316737766,0.08058454971140233,-1.0612335056246336,0.6298215712440022,0.6388214195325219,-0.5434901507401518,1.355781030247219,0.7225073064442328,-0.03618389101430591,0.5028115253126333,-0.06540691262389228,1.8205289438885854,1.4529777434614746,-0.95134305708721,0.12441082034502687,-0.41492612054997685,1
1.4565991258063726,0.3944532502968335,0.7741083710915603,-1.6990340307959941,-0.8937186503102568,0.5439548728265782,0.11898163839019707,-0.23446061269810167,0.686530194025563,0.49086374479341677,0.20459642686121307,-0.28076637402472515,-0.8523850462045589,-0.11322358819102588,-1.0680700848816698,-0.4386376585482438,1.055622402911956,1.1800877303842112,1.0959010600859287,0.5961365717739615,0.6151451045760266,-0.05697347279370047,-0.5250330321915075,-0.692035314079509,-0.922960948698925,-0.08799725240985422,1.4451564484815245,-1.1819546434265287,0.5626389671300066,-0.11287839993951596,-1.2137082040038891,-0.26935933715946864,-0.1529114067846663,0.20818819763031973,-0.7999555314021976,0.6924978766731746,0.29254930633799586,-0.163929025385607,1.5025989104060045,-0.07386320619938065,-0.8135412812880026,0.3654800118138779,-0.5483324447647238,0.5973643314558973,1.6360907455528364,-0.874144508796671,0.5856738575873475,0.8121034607468486,0.7002840728310261,0.4791550337461394,1.7336157291464473,1.0064265444238365,0.44564437071020946,0.9274682724190616,-2.0686687164511524,1.1170895137197705,0.4346299572803475,1
1.890110399413936,0.7856379756541486,1.1142841617734651,0.264272172004925,-0.17580588581921092,0.6041125959114939,-1.0426139355163666,-0.41315059006029564,0.4198569146507383,-0.3412414007267453,-0.33250465529040124,1.158226388156291,0.12790229065177056,-0.013464480721914952,1.520608814043044,1.928513983847328,-0.5980249733761168,0.7416094145017996,-0.8734070270561758,1.2941758690253755,-1.7557663577052043,-1.4465243430899752,-0.2771140061994897,-0.3169356285703977,0.6903952519290544,0.3676703604581612,-0.8074038892732247,-1.05407538750478,1.669925265709099,0.5682893530144141,0.19237331639124222,0.48537449742802186,1.2006515348126439,-0.443373904738032,0.3985221005167947,-1.2760409723454031,0.5682304507850975,-1.093901762937755,-0.665083702821489,-0.7361119632355426,1.5561851008249596,1.0601949745060872,0.8190054485310665,0.24107205958835928,-0.03468069020153364,-0.7960069405299885,-0.2111110206963889,-0.7466893529608444,0.3276511542183861,0.3379778187082834,0.40304802004645884,0.9580672591552527,-1.9195836474369585,0.5577798738271172,-0.2157285681108379,0.2817666208388688,0.1489442453419906,0
0.690275784554056,-0.35925638529288645,-1.9394866492194387,0.3685897359630988,0.6529617748311562,-0.5959933422877263,-1.10270997657784,-0.4402033326700278,-1.6927428552924186,0.7322418046012534,1.025142902962851,0.16050256007370592,1.6649834003249042,-0.09121691415767393,-0.7627150151618455,1.1211050672221514,-1.3075993651392614,0.8023157239068502,-0.4933544291141673,0.4835890314520537,-1.3453129127528176,-0.5676590823648187,-0.24450376876329336,0.5782807461734597,-0.1670464343074675,-0.7066483448735913,0.31846072031290706,0.8316142497067817,0.5015412624015586,0.8697908529632812,0.4699620581855645,0.220752965421194,0.16497474182447702,-0.23035301997875188,-0.6269396578956641,-1.678034773419267,0.34908325753322333,-1.0099736925468865,0.4389666337143526,0.5229386119959409,0.3182868435614543,0.9948126530568674,0.8831781498377075,0.2401093211571356,-1.2853815126557553,-0.7509268228033896,0.6018333366046782,-1.0620997505946832,-0.5837752739501916,-0.6010981567435613,0.6499354091403824,1.0618842904099495,-0.8517851847640854,-0.28520262017271664,0.18598534449393017,-0.7036315213967741,0.4821377612039889,0
-0.03283641821385791,0.3595165752231601,-1.9147774972229015,0.552149072965766,-1.752565966244039,0.43802543586150156,-1.0607071080309511,1.279821872857735,-0.6395925080757418,0.31550740989533554,0.10201149297127972,-1.7369019105856887,0.46607114445996173,1.3364876126115763,-0.13256498443538675,0.3902116317402637,-0.013261806891641456,-0.33976829974890455,0.5816734396130134,0.22680561667824833,0.03703195876421102,-0.7600168442347808,-2.3734892740629085,0.661529527392796,0.04809264967590828,-1.2839949504701647,0.26500671017540983,-0.7874837015040073,-0.21706036649780033,0.8719713951357504,-0.7750802668029253,-1.1616123624468715,-0.11331172101140927,-0.07130056490570513,0.9577098861013992,-0.16889594415673637,0.39663587279051465,-0.6209486646478335,-0.2686152986740948,1.1621765542536018,1.1168568407338084,-1.246860758969552,1.7362121163163782,-0.24631539309164094,-0.5739906962117393,1.4398044155216336,0.12878138463206967,-9.377585096804787e-05,-1.269624372960671,-0.552305266784289,-1.0173230627721823,-0.5206863461690568,0.5101165039067836,-1.3829123317174863,-1.6261536160485586,0.2693522738956499,0.2512907179055531,0
-0.058902877439949396,-0.27485354843298193,1.3927278654334836,-0.2401280838094501,-0.5576535711877856,-0.9078643223934013,-0.4648792521794241,0.09402649104531467,-0.26496663206913434,-0.26793702209332365,-0.10867667636202044,2.312333328311178,-0.30733180778911257,0.37403644626436827,0.2139919935520088,1.2685485761154753,-1.4560564430953353,1.0545995570120932,0.22195881318217164,-0.255948292201011,-0.2481751499150805,-1.617622376172702,0.19565613895012204,-0.8693365805316003,-0.9959558549670458,-0.8636174890844162,-0.13868942995595518,-0.1742087465001662,1.3350070410012553,0.28357603991159624,0.7939683754823206,-0.12992142257951844,-0.3173493637745651,-0.6707296425743156,-0.7967117171249781,-0.5551397943652161,-0.08722899470796716,0.14654550026700025,1.13650421039185,-1.5109900164110666,-1.7888663736525479,0.15543105763347462,-0.1580961822574465,-0.5186539397757861,-0.49655675334873955,-1.2196211815871791,0.8758174982857564,-0.10734315798891342,-0.6086573927004861,-0.5075325118529885,-0.00898231885417018,1.4900863459989186,1.7486886164192528,-0.17612010475756737,-0.4760828457991042,-0.3119011215817994,0.2178517331100177,1
-1.4580438148065737,-0.3566418165403261,-2.4757183799897176,1.144904373774863,0.6318059969592518,0.7690314167292823,0.6137946284252218,-1.060676251749859,-1.3323010026239093,0.4662503706827187,-0.7165643454469798,-0.8015241342444238,-1.22043075251839,0.5284082223075482,0.03761050741046187,0.7487470626712672,1.2037913056822298,-2.314793674341592,1.7120129200573426,1.1990582750789236,0.7475503007903714,0.978426933980574,0.37136127367720856,-0.6125438305914782,-0.19871134845041064,-0.3386919022159045,0.3924330665059985,0.493668693107898,0.1717378913821677,-0.22518547777777378,0.4612677093323508,-1.721862051213342,1.074717505424591,-0.8232537361587488,1.8243162039935334,0.03300053851971094,0.2748726098708788,0.3059249839307672,0.7538377333204047,0.8202858592727537,0.2976014536612687,-0.4252477722446246,0.9973479696847438,-0.513665800979887,0.986018235145861,0.613692020248128,-0.6892645282306757,0.7656021179782421,-0.568459769015378,0.3353951964207707,-1.8926879846667763,0.06829272761476214,0.449275848581382,-0.9521065366324529,0.949959724065171,0.1090160339308192,0.26246877944272745,0
-0.7593463011521613,-0.005969418016666735,0.2878661113182005,-1.168147127753297,-0.7240687590065299,-0.3441871137686972,2.080947149732967,1.2168870615088077,0.9638547327591355,-0.5825595043655574,0.4870332144809342,0.6464438468327394,1.4548560464405038,0.007779263789056164,-0.8113324987497511,0.09063064534080735,-0.3932862473228072,0.8788288547002717,1.236922724910325,0.6634251937380192,-0.8102021586970204,0.730121095422319,-1.2816606194535443,-4.68967943659508e-05,-0.8897434173544924,-1.415998392444315,0.38426288197252556,-0.7837194134737375,1.35082391625083,-0.7066050378117985,-1.430432047351163,-2.2365174407911255,0.43170521223930053,1.2217008795477347,-0.9853724258755908,-0.7753885335034096,0.6834820267536028,-1.4450786171604406,-0.5566831971527408,-0.5676323328907733,-0.8214201530736986,0.09204489549154293,-0.48180559872710066,1.4704903961343943,-1.1090645254464482,-0.3637681413220684,0.8231471547341573,-0.3401950928326375,-0.5331026084223636,0.022858584553282137,-0.245734274027989,0.8471338501986007,0.9908243328341777,0.518870359207238,-0.4175931181112405,0.23644005577061972,-1.2582204630323715,1
0.41831638812186717,-1.3944570415415363,-0.06872433981995348,-0.6318935553717705,0.47345209155178325,-0.3820280071988592,-1.0782468855799796,-0.2617763851469456,0.39720512011013603,1.5238370742788423,-1.2179059681356244,0.9582433668697479,0.07274799697966067,-0.2606339563233874,-0.23541330612732494,1.9826016115706706,-0.6512639658164847,0.7594867003497978,0.3034535830751659,0.02495687200131177,-0.08477537117464963,-0.0798934872681252,1.0553684097457892,-1.922537176310054,1.765550247162508,1.0442757549987765,0.4200771702541616,0.961168586283673,-2.0501305807686077,0.33872683250431523,1.6654527582188954,1.2674377204177243,0.486659235944836,-0.6342308291136789,0.3653902559153178,-1.27024767795472,1.0364738178766393,1.4034642529233254,0.9492418440776764,0.20012675523705045,-2.2355100852726832,-0.46558594856207436,-0.26162020059723773,0.5643700159611623,-0.6329706601098796,0.8038905795404885,0.5408725454027189,-0.47029245984991297,-1.0999531796831523,-2.920232509226256,1.2036663767256341,0.1719488755740627,0.6004185659929078,1.1286306600807974,-1.4334996546924974,0.42929607881179477,1.052118366780452,1
-1.0718954017006255,0.1888473894882723,-0.4883211839247867,-1.6155692389942415,1.4498530534321399,0.9250070934165457,1.2493136887966312,-0.05600601037451064,1.3239039189386173,-0.41787854570157024,0.5241983715775521,0.7144587796966361,-0.7552669947789852,0.20604883208423216,0.6107560375680978,0.31301027159315387,1.006122361872614,0.32140249300462054,0.8312896919121967,0.2011480767961334,-0.0942332140102586,1.8243948299250015,-0.4157297879294331,0.5599746077162036,-1.3514549081813427,0.22306785065340068,-0.37056969990491295,1.2158480641740903,1.0152454958174846,0.691482409021393,0.1378764034090819,-0.9332409629871766,-0.42280247296304646,0.25823768200270164,0.15544928211532394,0.6923738948592182,-0.2373074203309566,-0.22721675603653743,0.08420496248092461,-0.2530391061644205,-0.537486410349627,-0.48467679512927114,-1.8218964882919404,-0.9140271442997728,-0.4195883287485307,-0.467005779408488,-0.1887388997795301,-0.6292769373704419,-1.2863789749365293,-0.9837072367354414,-0.08140058279874826,0.6221737381125577,1.3555931847794755,0.8090816323151873,-0.8396417460458119,1.3300792524385259,-1.1482819740889152,1
0.16997265878066142,-0.9207993408913947,-2.577530689319909,-0.4935679826921699,0.28850073369947965,-1.5105065168261764,-0.9386760751823398,0.15305111276269537,0.3292011907641201,0.1919187356679312,-0.4682895368010022,1.00915021778885,2.2969492419601063,1.7733538641913296,1.363990437847759,-0.1366507162570102,0.32330759787328367,-2.0288361265312918,1.350646536373868,-1.3170608956652647,1.2655988140069259,-2.443090900495047,-2.0438612302219954,-0.5008750581309223,2.7278955830496043,0.5207498091544547,-0.44300038708505585,-1.0346450046742854,1.5009391581058706,0.2737233072074453,-0.2561327462200823,-0.9637641425449986,-0.004085710499059371,-1.7759702865370461,2.244454521704063,-0.7982197349044592,-1.0798464453492493,0.29258489413228783,0.9023533490298525,-0.03521479959089252,-1.7768039296420837,-0.696147215044059,2.35835962368737,-1.7486431902978112,-0.3079933686497801,0.9117400981932104,-0.5988778860044082,-0.8710231049442778,0.20348238981862607,-0.159525778741077,2.2803743687367204,-0.23595171584007893,3.218176827200386,-0.6092318924758966,-1.5014726489658325,-1.7859942196843406,-0.8102470637526307,1
0.8622771280103031,0.30318925799209645,-0.19189803431195704,0.9686797801258831,0.4791187017695092,-0.47253842217796405,-0.28063643813488703,-0.6501313109136959,1.2191282144210047,0.8675462567301572,1.7484768189554072,0.09742828448259819,-1.2010329788671001,-0.04955538892072534,-1.3144125316528312,1.2300465242584322,0.1703513928126051,0.48169379012196456,-0.027256119825944593,-0.8702113032837926,-0.01135620223604431,0.2951730786324234,-0.16422239918448783,-0.26683665664473005,0.2783819152203459,0.0639202610167476,-2.8747209073304116,-0.45846930563100324,-0.1257302305540152,-0.18518523699011485,0.0726063424833399,-0.8350096343491052,-0.07232529344320297,1.4375766459776353,0.47058649661447083,1.2100039042121473,0.22452085267778843,-0.1348893689987116,1.347508163570713,-0.8325374344953597,-0.04158383705745316,1.3113843064213726,0.4620861479749519,-0.4966369291017299,-0.040654054926825174,-0.463886700961674,0.6261123852676768,-0.5372293986983271,0.3537887645066291,-0.21289851060409848,-1.1697422332345493,-0.13130126671623377,-1.1199989691253647,-1.5474478797428795,-0.08535781422983242,-0.7027658209522921,0.8835841435701511,1
0.18307181400557254,1.445928498728841,-0.8493434528078736,0.865927919162682,-0.2888183087338779,-0.24926049295229466,0.023239703936208205,0.4309675167597338,-1.8812587805292627,0.7020009997953363,0.12401811220832076,0.3551461159762297,1.2002508061204402,-1.011345781361105,1.6559986014174835,-0.7586262163843085,-1.5604080902600972,0.13056776822655466,-2.573107952715897,0.23371257234650325,-0.6696782751629554,-0.6997031089804784,-0.36093866149375936,-0.27814936233585913,-0.636917216103542,0.11474614827875922,-0.20829405385028066,-0.08253732754793286,-1.0238581258834036,1.4269488672747732,-0.23291806409247184,1.0172046093928744,-0.20968268120466857,-0.4422157260304904,-1.2798485244002444,-1.510201420405853,0.27487328127176747,-0.557417841231806,-0.8118448799240136,0.7540249790799505,-0.7882442250737398,1.0068533215941937,1.9559550916552526,-0.08275404517800443,-0.05725591002416007,-1.102337045585168,1.250609596568779,0.3468941036173084,0.3235745548360552,-0.8856730431161879,0.15216282060100814,-1.2801369144396018,-0.6698538067858523,1.7149716032830382,-0.17244124746333886,-0.2291386087482005,-0.8555951326495416,0
1.2017031755893017,-1.3222429023812028,1.9789474202121349,1.322846763354801,-0.018458876190419332,0.9061412646274045,-0.3282831488544389,-0.6057445246036477,-0.4489407285836,-1.26768305871341,1.8576078567409895,0.19312047050103878,-1.2397561496424183,-0.8802197801607784,-0.7938284371510441,-2.2003749895495157,0.8726198670811267,-2.135402478900596,0.6743662187267999,1.0824013040773919,0.14880681059697773,0.5828787196599439,0.19514852847964329,0.559750864586604,-0.5972006306234001,-0.44074175015807154,1.3760890622437247,0.4852334079558487,-0.6170518247425163,-1.8018964931961279,0.7437006308552087,-0.5768253199984493,-1.2036105409231257,-0.8495382258375569,-0.5855602602285063,0.18801783465921648,1.1855757761644332,0.5710120560297063,1.6680572554129405,0.9282841707841822,-0.8426034474246732,0.9156945819761688,2.307408457401968,-1.064698549246106,1.5470995058158856,0.6408142041293986,-1.1698710014625877,-1.079663520913055,0.9015003731007114,0.4550840552034646,-0.5429031339888395,-0.4588657207379947,1.6728605473875533,-0.6337692363691554,0.7801653418730928,0.7141112466327656,1.4226121807104963,1
-0.385271803242089,-0.20071882380395775,0.6081231802961508,0.16768479499447914,-0.9147380382840976,0.4982805018642566,-2.2713450630296697,1.5877735474810977,0.09863667708281852,0.30223652423357683,-0.9559021565049113,0.36484604569223567,-0.4479565752065991,1.6895910925330253,0.511389885597153,0.6665346579158032,0.14632680692537403,-1.5773638114833906,-0.31493478328598257,-0.8886696717790852,-0.7545052597244009,-1.6627230249715919,-2.2111855319344706,-0.4051153446320866,0.07024931853363316,1.5632714238887757,0.4114632344968888,-1.3100692419976299,0.6291949440823031,-0.13990420055103112,-1.1945354107706132,-0.6208420404561537,-0.004988167519090954,1.0020357012203556,0.818468043892056,-1.5401368212688546,-0.7866633689967729,-0.505991503433195,-0.1769209037389315,0.4856964100633236,-0.07186875072591725,-0.3014813194180557,1.2307265770837437,0.3271017258904806,1.7189271927352754,0.7372987475669693,-0.889850483314906,-0.5906188623697072,-0.028583743156763246,-0.6291594308400211,0.047982448189666044,-1.618414121370508,1.212540469853677,0.30563931881521667,-1.638596345570119,0.5621056884640322,0.7552067374455775,1
-1.4717996605634918,-1.4683783770208048,-1.0848636336524033,-0.15918354992759867,0.7722071158221078,0.0756499849203068,1.3398321451068174,-1.8080216932756403,0.26892782114296293,-0.8568556583829536,0.43254818752708507,1.5078238265738435,-0.30250582022642475,-1.283126211907528,-0.46835909049738306,-1.0609260407151437,0.2751014226015889,0.36409426374265613,-0.24403864977299636,0.0343951696220109,-1.8437744730632708,1.3534269320028818,-0.37075886276400777,-0.033766602695439164,0.7686300768377087,0.43496723754306393,0.4833416254921065,1.6057013796007473,-0.8786239579302129,-0.26140574733974575,0.6743540981845934,-0.8840325380104826,-1.3566613929848728,-0.39399623104817505,1.1706142673067743,-2.0190208502325295,0.6782751390634154,0.5225446418141699,-0.4743795246809711,2.1934715255498483,-1.5265957947906286,-0.237482020051233,-0.24572831643700097,0.6927871204650878,0.03472723034100888,1.6231809484271327,-1.1910744891129066,0.07864229989015965,0.18717119204228874,1.490963788020302,0.06536017971453015,-0.2070198096510955,1.8815048972654358,0.11602038842341357,-0.46299368547979414,-0.6181249971778249,0.6076006412098478,1
-0.3224880457053193,1.517631163561842,1.8812434027008775,-1.2092879427947358,0.8521096608700239,-1.683913880248923,-2.6302386140558993,-1.4083303323576375,0.5404971961102466,-0.7242506818800235,0.5558839943554231,-1.181088899078098,0.29478225626527194,-0.21233618337400437,-0.7867784183288464,-0.6196682086125205,1.3054569606857986,-0.32091421514976154,0.21116723119955452,0.6443589191079944,-0.028556735082042168,0.34658537891953967,0.4543147594582604,0.3540808076305387,-0.13787259576392535,-1.2251520159704237,0.49488951236904394,1.0115079305353376,-2.1103326527871977,0.6940844833432811,0.5051501762204533,0.010579312404404724,0.41594859723639305,-0.5987770785891642,0.8427599553274872,1.2787847784949022,-0.7710219107052282,2.8865594491813,0.5971433533169174,-0.58782619338039,1.0941382369672117,0.5390933349446174,1.2915818051561216,-0.2136348582496816,0.8435921744644648,-0.6122566849611234,0.6413630552929471,-0.008434486842142467,-0.8346099171189181,0.1806599270886573,0.9212531746046176,-1.273893387832749,1.4766418230446883,-0.10735162026490841,-0.09712917070689318,1.234070603710029,0.4361512240937772,0
0.19172956708993702,-0.8221757950404804,-1.0017783178827475,-0.04918721486891323,-0.6338507214226146,-0.0028237599189362746,0.9108127003568184,0.7436180723331896,0.3238231645041853,1.9944654023192858,-0.11023012288412544,1.7460029897649323,0.42154704921306496,-0.9818197020097476,-0.8399272684922514,-1.4253603970217064,0.16717962285991542,0.06251797539266923,-0.14309888714087196,0.8616968408779055,-0.5562433368105189,1.119077391287113,0.12948061131102845,-0.487889980585292,1.0792685834945779,1.7883528577077195,-2.208101332544062,-0.3895267577340099,2.073810865952563,0.3499116232301439,0.5666819769341566,0.27255070137620935,-0.13184886798128437,0.6451544943637063,1.0260837942401397,0.07277036168933436,0.6871058219307065,1.0832963725799098,0.9499303498972971,-0.05105837638384038,1.4428238884293112,0.8387389323161342,-0.9595231679385512,0.5508361209872672,-0.015486076220451934,-1.434091119742127,-0.46272076901749043,-1.9766899099713655,-0.6738070099984406,0.9547468241244554,0.5770546635160709,-0.07712148904582364,0.5618443448781926,0.3823296758610191,1.3533929736224521,-0.4735666909716213,-0.6585719391860013,0
-3.2120000040863053,0.7925201010195769,-0.019325530012794613,-1.3106939504388369,-1.3868911742968528,-0.46308191736342846,0.07676556910518277,-1.559631099419756,1.229391393171749,2.1135522858734688,0.40362190881591586,0.5746376649618755,1.2707239811950544,1.8781590133845332,-1.9556302789960192,0.12069150909270901,-0.49974474209474706,0.523489424060474,-0.14873100790304242,0.19663012674593508,-0.40561466313722366,0.40421158954842845,-0.7232115485678916,-0.8543639861896185,-1.4281649711581847,-0.05230848455729636,-1.7988058463623235,-1.4505661991707877,1.157444541529674,-0.22941459736662626,-0.2737600480720736,-0.06569244121234008,1.136030739278481,-0.38613474120055546,0.9328855144521944,1.6667811810809856,1.4455528666633592,-0.4901174442514855,1.1260130831526471,-1.887067323255077,0.9678975475782077,-0.22272874517016022,-2.3719540958996808,0.3366069161217394,0.9049588455551327,-1.167583414046185,1.5713469595523977,0.6732108176468066,-0.5195411245030882,1.1727799661543252,-0.7056490050923662,-0.0876601992901915,2.5169629776835474,-0.054268248617774184,-1.742457760391779,0.05993969492780821,-2.33770909461443,1
1.068281760436698,1.1677759206122136,0.15470479566030332,-1.1587532779455163,-0.5932285652161996,1.3380534850740888,0.680569224007674,-0.05408353990517965,2.49006668250459,0.18468488935152688,0.003988335518948832,-1.2987107112610896,-0.32765757924636174,-0.03044931507905458,-0.9538618291081354,-2.50744170746725,-0.08707460188291523,-0.08422971690763409,1.3545395299110652,-0.7232880076606004,0.2991846347497505,1.229688773715219,1.6166399009053378,0.20888350205879705,1.0228425086117976,-0.43417204394991354,-0.622188970463914,-0.2670240433910262,-0.538663565670848,1.1941299985440323,0.961093287146977,-1.7979969272701968,0.6968485049652478,-1.5796287031897478,0.7431036160547962,1.8527202146023518,0.3865881813594619,-0.42219017497758127,0.5334786397635772,-2.1278852157978503,0.9912979336671378,0.6657404143068861,0.19782584805734107,-1.3955994098932905,-0.3907258939046705,-1.0186765949635317,1.2926997270659621,1.2633814695886134,0.025321107523461443,-0.8621093712599064,-0.40608491557740567,1.2017980059487754,-1.0851045025483164,0.8321878918632816,0.41473788277717555,0.131607136606939,-0.36294209162816554,1
0.5635606544564492,-1.247136247904587,-0.5323023476460237,0.380285708881674,0.5519240970147004,0.4575876577404489,-0.10787865189369293,1.6691744917314233,-0.13953147933434756,-0.08792775875741615,-0.014994711416692593,1.8826127557984935,-1.2003594385162297,0.13829281477624084,0.9845206982834589,-2.0116267600800297,2.119668559566057,0.9987129526723931,0.556604201789504,0.13488255705818195,-2.3420306621264224,-1.8252190596924258,0.6075917453136574,1.0687965555221666,-1.0686724851723712,1.5897621713340992,-1.4976379704072815,0.15049302810863727,2.052725898152617,-0.43014904399687676,0.4389200648113098,-1.1694119664669282,-0.5299451199455286,0.9567408409998167,-0.2513800969228353,-0.7574430009003306,1.0578526904605663,0.40937019851985196,0.950111076808259,0.41708694014824127,0.4632427208540075,1.171481428461126,-1.043355227485956,0.6587700256112151,-0.6908492293305478,-0.7205906515162825,-0.7059418338932999,-1.5278519565236517,0.39185550585502427,1.823225494018156,0.5420367443162323,-0.08416854642031849,0.6528279910933421,0.9298390122358583,0.9253435483666197,-1.5575317419542536,1.2425938245895152,0
1.6108712732164223,-0.5525556820470323,-1.497962868647957,1.5413903742614279,0.5339534598046999,0.5765349755539672,-0.31205986264266194,-0.12919017287210266,-0.1762889765243222,-0.23349308288854578,1.1605534293166169,1.034103888051681,0.556504173548855,-0.966328654297344,-0.3138430873559745,-0.7952423241959433,-0.2747464623791446,0.28200972862854773,0.755763628527449,0.3166581683385782,-0.5517168896622415,-2.084158733992313,0.7447786040841151,-0.01985068883268121,0.4565061993321729,2.035924993134396,-1.1346501600106473,-1.3606516417853733,1.979115857128171,-0.5316264087543392,0.41541040978902555,-1.3516913434170013,-0.19125845470341296,1.2321058792731532,0.5939578059757052,-0.6145421897700745,0.9549978402983648,-0.46102020408258026,1.0947508321744552,0.23795202992904899,1.298294849472491,1.6620725588639218,0.3010036430443645,1.0369966437529035,-0.0022823860131217,-0.4729015323443602,0.18940967474214984,-0.606092240347804,-1.5942207219899487,-0.5748653337550027,2.409455366796376,-1.0362913176288373,-0.14904315263362236,0.40037157175088434,1.1547679160715043,-1.027786678380801,0.5891097375271127,0
0.4644836353428065,0.40824307600101845,-1.6844446807011124,-1.3715514464724092,0.23672129155002813,-0.850178396981005,0.42699719789965,0.1675505139474173,-1.0317416269666404,-0.4346599458412197,-1.2784025016069405,-1.308590567956097,-1.6173276314444334,0.7811771064481845,-0.40890764226619813,0.16321776135249555,-1.1953250992463413,0.9871168143285906,1.2995516003181944,0.10918562953573192,0.6928194540887644,0.03453329961680431,0.15490342481624128,0.7409931797040534,-0.26184783622877655,-0.06300179839992767,-0.11524600525062684,1.346623520743079,0.8062267674600466,1.3050818353675273,2.4984472508505,-0.7226212844493103,-1.3931440101673054,0.23496406975223422,-0.5499120660332556,0.4545621557907803,-1.8423414173039452,-1.1506231937232205,0.18322165232996332,-2.3438621479491095,1.0942968675807379,0.4717175409752651,-0.27284320425621095,-0.31789162789921327,-0.5500427585811263,-0.7321474249016718,0.34047523937400453,0.6184443245481824,-0.09468164162046616,-1.5189112567969894,-0.9713254506438617,1.4979777168870387,-0.09901989812789451,0.2628423044734293,-0.48206755024202413,0.43922604661522235,0.36090821117906774,1
0.1819578125217058,0.4559521536470978,-0.6698003624649259,-0.35735360443894265,-0.1912900929375225,-0.6113369106466655,-0.8995650452388337,2.239423373956326,-0.7264908618316305,0.6804996364735331,-1.411725322924948,-0.2172964173384706,-0.6996588187754659,0.0944060471773611,-1.2618769669617609,-1.0412068061475708,1.2612590470987521,0.5277914582807697,2.150422611868195,-0.8612296070583196,1.9093490405053732,-0.3976501866170977,-1.7653421796921067,-1.018289567491251,0.1109888828512981,-1.2446471305978337,-0.522810871137447,-0.7888684333170047,-0.4585997369882868,-0.734819324223673,-0.5101805921439645,-1.563302886564054,0.7263689975942652,0.12927575232569274,1.587977579218988,-0.2738449481766114,-1.3350982685982231,-1.0937177810044982,-0.12489512661596984,-0.22665566980469032,1.455270818962217,-0.622165430512881,-0.5456174261947218,0.8232741464738732,0.4173297200830901,-0.8016348185612875,-0.463185860043827,0.6722517473336521,-0.7289292282103137,-0.9453388228083207,-1.18748974968943,-0.8630665663743774,2.355566634403008,-1.258699806296954,-0.8856637712506481,-1.2775015056466896,-0.5724369286176479,0
-0.9272170883669638,-0.20994522543103,1.1619272129249774,-0.8267428229963818,2.0015686948094684,-3.3287587548599595,-2.0460028066624045,1.0756015015613694,-0.8785000613967034,-0.15660186453568872,-1.3130488261271638,0.26617716495276184,1.018396757903103,-0.45508030473383604,1.097328493554204,0.39227816585754416,-0.8108135718780586,-0.37985865704593413,0.09517225957670432,0.9299445469808222,-0.15241849679437994,2.5824666613925022,-0.5647399356527589,-1.1196811011007026,1.7342337738466176,0.6472612398580101,1.1794106810916516,1.650741792148674,0.5990093197439961,0.2646528248718389,-0.5661122771136952,-0.026470213467214572,-0.13894788614498457,0.15942355376570508,-0.09986177384643305,-1.6659432878921034,0.726844988322665,0.9995388830640773,-1.954860600953097,-0.1287892616348344,-0.8699539616942554,0.04773792245365602,-0.8936555172667684,0.22496032066950147,-1.5566259691489561,0.6299077983016655,0.4188829210979939,0.37038787534302536,-0.4345540046686664,-0.9180609661036888,0.18590753056449746,-0.5787679238537141,0.7076566664470519,0.24084697282132309,-0.15505897969826113,-0.42553977095918033,0.08899609764169227,1
-0.8819350084811306,1.750661070492694,0.3418006374353095,-2.393707733413466,-2.6890315102518425,0.2522338682498686,0.5544388505908461,1.2726869129626814,0.9779864487137202,1.5167500049330955,0.6333223811186556,-0.9987288045611731,0.3970529027458,1.7905367805547574,-0.9447732296285004,-0.9684823650686524,-2.715119052221022,0.5776408619297497,-0.5590538740443474,-2.1126799582384064,0.08736111916622745,-0.17463441121126097,-1.2671590816196165,-1.3819314538549785,-0.9915994784538199,-1.3912062643374112,1.8877995215266437,-2.4592248564523205,-0.0017391721971019784,1.3819562017735099,0.09534929859543416,-0.4339123689644135,-1.0334705778698685,1.5932769762830699,-0.042442605639306796,1.9837234376213089,-1.9459571900488537,-0.11729210252821709,-0.03681741334433118,-1.031625299989643,0.24453711332631164,-0.7201342414302017,1.2203548013548506,0.20647488430416847,1.7718452934621944,0.27675204892793565,1.2500364463614928,1.197585749159685,1.405058402962334,1.5453657549779822,0.8174003407223566,-0.5258111778681785,1.0625757835484495,1.1214544348846767,-0.12205814332195566,-1.2345508612378144,-1.4938538320089036,1
-0.5154581257845366,-0.36489774670182645,-1.3737967853177953,0.7056510483931283,0.9277936559813476,0.11114969200927985,-0.9336414419049146,0.29271156819830196,-0.05711103793972739,-0.11816077750510391,0.46478789800473913,0.5102917539097905,0.4195321617288876,-0.3528266450600604,0.4017717871854225,0.6445865203543348,-0.26516496052468064,-0.3369582481191632,-0.6686328877492274,0.5830921112565022,-0.6504197084863294,1.4314226269328703,0.6909749787782576,-1.2957063085924523,-0.1913712938278669,2.1727901295303944,-0.6928226181085341,0.5312831720170109,1.165234829796415,-0.0864130123064388,1.1829272795632864,0.06398222704659699,-0.17227057328540607,1.0192774267241504,-0.18211121315873355,-0.7111791602055225,-1.2253207520923868,-1.8061969170860732,-0.4625750845180846,2.0222985641662308,-0.5821486265133029,0.7443809733656029,-0.03897878902711472,-0.08750371092114291,0.384723701709613,-1.0565691423199728,-1.13239502643567,-0.3096869745079026,0.27060072941391716,-0.939320881974146,-0.3176896956893561,-0.3390353928620809,-1.5079781197968276,-0.24758569380816045,-0.15339558818367294,-1.342212125513238,-1.8897020849686337,0
-0.12841301644931624,-1.9024325581984525,0.4067390890176397,-1.1269190330501384,-0.42204098821053637,0.7183908593117513,-0.9944470781998971,1.1221342041320843,-0.012087650421849358,-0.790636754410688,-0.25291341153975083,-1.1643956070781065,-2.23054656881926,-0.8762338808599918,-2.0525974936546065,1.7706006190572878,-0.7489328419367819,1.088718684802325,0.0937970739193194,0.9539354909626274,-0.3716237050188744,0.06192379158463228,0.9208607634253653,-0.2174604376832497,-0.9628918615981654,-0.24723908138983405,-0.3453541281190476,1.1027677632958313,-0.5536177787727222,0.7300270829106974,0.48507967412266545,0.5822814397672498,-1.4277913251200227,1.461558090852949,-0.9750263288451236,-2.1020352105746487,-0.14041922749865574,1.0221218221404382,-0.3063533479955635,-2.057766142899017,0.24156111973711686,-0.5537554959987192,0.7662688597774258,1.722527392945632,-0.16580952972623172,-1.1013334292863446,-0.5729977555536985,0.9481490354437156,1.8063049072580084,-0.06248444427101664,-0.24125435348871116,0.6269217938921682,-0.08988122042896551,-0.2720205793817337,2.0141710443071217,-0.03194671273258946,0.07784610956296632,0
0.4110040863283591,-0.5169221221672093,-0.004170670908711592,0.5140957525911012,-1.3067878169602334,0.2946964931491465,0.6938111042902,1.2743867354223477,-0.9676801545169527,-1.060673704320948,-0.04381891173787483,-1.2409182881135516,-1.448509468550408,1.3940694932672735,-0.8873479644191254,-0.6145691378484607,0.044241482568418394,-1.128971538352576,2.056148880687677,0.965895198052435,0.3553209442681178,1.366948345043458,-0.21947603146469405,0.0658019965545079,0.5968522197024334,-1.2304636708680698,-0.5057816263708325,-0.1463322251461672,-0.1214444098452113,0.2594871527620739,0.9345102810833555,-0.5380920973648353,-0.6125980454742478,-0.26161349542859236,-1.3544054412742312,1.803829058809258,0.35130786398180647,-0.9961593431267494,-0.010813662806887949,-1.824041639329012,0.8644271721793876,0.6341087469491359,-1.0968499220513352,-0.6985849099551336,0.4190388899331881,-1.3949353502123452,0.5751955378780977,-0.16512118197708953,-0.38543743872740366,-0.28573511774187826,0.4144459077371541,-0.6810893530560235,-0.8108426942326681,-0.2538676134027338,0.9417429005923206,0.3764395652371216,0.46784681654162447,1
0.9056655902870691,0.36881930543962194,-0.1947905626446099,0.33606421203813625,-0.5897899835694886,-0.07841880619475397,-2.1939497601648212,1.903921450071848,-0.5012375956372452,0.6818421972137269,-0.040099916779600286,-0.3692702515344457,1.8789905589847269,-0.40594589699497874,0.8004374597981305,-2.1145482176962194,1.2745775663667915,-0.3696195392709013,-1.341524991708833,0.702839321994588,1.7319449110537515,-0.4918244503062732,1.4032744527037995,0.08779950276981027,-0.6320256980287998,-0.6486389530247125,1.0475407316078968,0.17080203348322245,-1.9053891666703733,-0.8286570235063452,-0.7129930814729984,1.1808886641793856,-1.5989289092926318,-0.27474780302276947,-1.5121241206985454,-0.6962541802190417,1.3739711408858355,-1.423940374377363,0.36470842178316043,-0.21309411042325804,0.18273692893384774,0.6632023993094819,-0.03409784791134182,-0.500331627794248,-0.58380033515254,-0.5940419772944572,1.219987929204057,-0.19840390051723295,1.3101618823300318,-1.0209080198091556,0.0010104303746185997,-1.8461701618338342,0.09322193579171999,2.3289656866612534,-0.8194581562345419,-1.2251603126478967,1.1079840340128242,0
-0.1390189903010926,-1.573207725974001,-0.9911264949253525,1.640081330733607,0.8606755217565557,0.4194289691900035,0.5718101037898089,0.3048064771571587,-1.097188949778207,-0.813895234911334,0.10014736305946129,0.4431794689594346,-1.1776665840580829,-0.7775282714031386,-1.6476472913906453,0.2997863182308613,0.8063484405621139,-0.994926670920664,1.3532540339154482,-0.8694287387015767,-0.5395309441255611,-0.4755636513950056,-1.7937029887468119,0.20604667638085492,0.32601633015693876,-1.0414267312592806,0.3055286680965861,0.6160686992627018,0.4612796565860303,0.6986273694130106,1.655885127138803,-0.7343780250778164,1.3176811215013606,-0.06636787151164318,1.529635891279133,0.9301634999537429,0.5402384508967146,-1.007159130570376,1.9079058574881493,-0.650256888417009,-0.3028957064474738,-0.5740884179709033,-0.32294941751856066,-1.7000280684634972,-0.2768555810110632,0.2540132326789406,0.40921678533820965,-0.34344266311668076,-1.7671388877026515,1.0247099088174663,-0.32706356586037705,-0.43652139430902487,-0.1944967368795917,-1.3114411195714823,-1.1158828118403665,-0.7875239194191692,0.6566164072528374,0
2.0186776333255643,-0.24244911911971648,-0.807344625795726,0.25529654533437013,0.2843395176571533,-0.1595699654835973,-0.5181044416153794,0.7227630608854644,-0.8461438772448824,-0.049788222939625336,-0.9586380160490651,0.8021514337190201,-0.18586323807376853,-0.419844582565377,0.23809131572969172,1.0787828837009674,2.315160248189456,0.609082473820557,0.6780640036115236,0.3301922865925297,0.7927311591153744,-1.130364079871011,0.5181009315580264,0.5941675889453811,1.8627081250258435,1.3029267123753547,-1.04527171432477,-0.01294255560059626,0.3229148424506156,0.21346408415595317,-0.40912066304602374,-0.2992836460640934,0.13829349954262232,1.0814374155064435,0.057592903770709095,-0.19145873725656098,1.0415245505821586,0.7107896737554882,1.1722003129010168,-0.045949587952890475,-0.07635349671860422,2.0867947038745474,-0.6425738758570839,-0.8587316849488514,-0.4851147306590864,-1.4977688766683934,0.3859291071810652,-0.5618101511896613,0.5722991433729565,0.4969370357465214,1.439811710988967,0.12060195255913242,-0.8744772088949958,0.6625357858877383,0.12127900017511829,-0.44787193404489145,1.2311134534112962,0
-0.4299305768184521,0.2453539415819848,-1.063371840746222,0.3210204820720494,0.26263651562632695,-1.9471518391960352,0.6212963517006437,0.23399155907003164,-1.393585641691424,-2.198095427216885,-0.7169674579709892,0.5120198807030721,0.6917758297266376,-0.04377460445929414,0.8301523517055935,-0.6559800201212354,-0.6153089570358733,0.3766381649223568,1.254513896007887,1.3837464776340056,0.882235711646552,0.41990523880030756,1.9483541658292773,0.9338224942077943,0.6051299448360598,-0.18594907728288865,0.8407973249111867,0.6851509403442287,1.1603756060893733,-0.7392699832456324,0.17486784208787298,1.1711206324741765,0.7985304727362156,1.0293798975487838,0.8199019250933957,0.6559252512434179,0.14856237926201818,1.4118728865282157,-0.9042147178835428,0.9362625095840482,0.6354845877242097,0.3483890528701448,-1.9521939291080512,-0.0356049934995385,-1.4916502182167761,1.1757750253956587,1.2218794112850564,-0.03219018467499645,-1.4250715175289634,-0.18181475959706994,0.0671360306240569,-1.2076424452260826,0.9585186994428302,1.6240936517956337,-0.015154224089934179,0.05277956799766038,0.6100852140032472,1
-0.2820399167142594,0.7721376124008927,0.7244871179990111,-0.8473328139006546,0.4708663960822378,-2.3752221822788293,1.3855915323266428,1.4028765822910738,-1.5416139723983004,0.3262480220687415,-2.074533274255332,1.4810080823722716,1.3972125464523806,0.4574673870993789,-0.4566969532892634,-0.30852778392757607,-0.18391653449968284,0.4745938320788606,-0.11877699046672034,-0.6853499948013847,0.08105949294575504,-0.36371241459098097,1.564501392174465,2.344567139426824,0.314418510895233,-1.433258137539996,-0.27751093473530364,1.2059333512212522,-1.1513313772502531,0.13635143224175908,-0.3125815605669683,1.2029742753515578,-0.8943293223584926,-0.5742528053620153,0.3545281377742313,-0.5649600194159208,-0.9819972424737249,-1.5180308964202256,-2.424343468142493,-0.8451185810122759,-0.017451995667113904,-1.0585078412421611,-0.2708496138538655,0.8172432613255687,-0.8220197961373052,0.6484883326033557,-0.40050952196085576,-0.3615150878629821,0.05915948857356695,-1.1174060808122708,1.8762927083790928,1.2887961574880287,0.1952352903145931,-1.074132877066271,0.8626685945814767,1.4907597175739302,-2.0958190970037505,1
-1.4716812142901408,1.5704159384036027,-1.3692113113824758,0.36677976338200874,0.13454359469600474,0.5834449310222729,0.7288716075589482,-1.2224289083949909,-2.1325075805959637,-0.7037186576209775,0.4663227836781022,-0.418611616054469,0.5081927926340277,1.3247613696609744,0.23184021364986082,-0.046299813914432,0.3644233092211588,-0.08519882813762515,0.16557915981232707,1.5819099860744013,2.232737060873507,-1.0227930483736882,-0.143994560842775,0.9317304286331134,-0.37501233601765327,-1.9959080938105054,-0.20679944594950847,-0.8731851108708775,-1.9193743785551172,0.810620294776008,-1.5656000518020632,-1.1565730310035685,0.6394683701369669,0.4844690990012612,0.05264123041758592,-0.13574609018567632,0.6860815158223376,0.6089959800024315,-0.5880029654500181,1.066039281623717,0.8051929855862252,-0.8349651570657532,0.31098223267144925,0.18397556129008483,-0.7188402134193084,-0.2939683123711447,0.879243174044638,0.39925106538580935,-0.7317782021502978,-0.5597654575478704,-1.0419572989259687,-0.10492064024691901,0.7231405522857868,0.31871824465415377,-0.6109566139386214,0.8480429333988194,-0.49953281175029546,0
0.45065592769325197,-0.22927288139429083,-0.3849559991625764,0.8875659745871912,0.4401882919202109,0.5964468734208985,-0.34834367477996814,1.3204462768720644,0.49848630262868043,-1.1098757891232165,0.3968709680133637,0.42695588225737635,0.1144865566650037,0.06605158430444563,0.6146736455656765,-0.35557585028479455,-1.1177819705395833,-0.8060427549305813,-0.09856354807199558,-2.3623147722528457,0.9607087515355313,-1.483839670393753,-0.39330164473852214,-0.21119656906575227,-0.325058906040279,0.20368823941669226,0.29098999680825716,-0.6805229874163775,-0.9387665205575961,0.23021156730700446,-2.0240436953259713,-2.011255734049649,0.09267580928688246,1.122325671986889,0.7047330983019519,-0.6007005862133225,1.9398848862658455,-1.5293902577427134,-0.22323318713305823,0.9482506601521152,0.05153494679778258,-1.3801387565589454,0.3737591595480982,-0.46586446076618176,-0.7584285756566,1.171163313173787,1.1663700263574668,-0.1987685102673784,2.2011479641187885,0.5367273725970327,1.3274533819154948,0.6311771984720989,-0.25452851275433463,0.3473430016049111,-1.8253387061320887,-0.6899071555146327,0.9614378316981625,0
-0.3823490580344028,1.2937811471795555,3.538027569420714,-1.6292470999145683,0.9387253237053279,1.6511225945247647,1.0420678398013739,-0.4880418791771919,-2.3555881230480233,-1.725605193634042,-0.17252307531843017,0.7265218030793561,0.06773338770752625,-0.38469597162324554,-0.8715075070281532,-0.47277879240970616,-0.05172676288463818,-2.111780292384379,-1.319863385561576,1.3825066911393158,0.6998310493889015,2.4157615621617876,1.9481507124702973,0.5998468621998285,-0.7231975446106582,0.9201873357706963,-2.764920266983144,-0.5493274455801427,-1.5268101437045523,-0.466351143709534,-0.6642074707719016,0.7716670950515222,-0.9579126929556732,-0.6628721603358962,0.5452330396207625,-1.7442430935880442,-1.64056283847909,-0.4092686461803488,-0.9614948534005326,-0.5859645757401359,-0.82769011506239,2.367696068194536,1.811179831042724,-0.8750884216759384,2.091786334268581,1.0062359575293587,-3.106651867558955,0.30412741947199906,-0.19098683052759802,0.2022310323748861,0.6593314612622175,0.6497956026171253,0.4393495950446182,-0.4201234614809225,0.2256044988116586,-0.3482063086871726,-1.672617383389007,1
0.8563653107616943,-1.613793445226253,-1.7323712048666218,-0.6599027113837133,1.5473195888499325,-0.20234907198040378,1.1504569936680438,0.3064318831518268,0.34771810112255447,-0.15152057598063337,0.2063054047545716,-0.30000992559443496,-0.06364829680973268,1.963997539862119,1.0683188325680226,-0.05839745180000013,-1.7923183119556496,-0.47219578773379883,0.573061014762074,-0.2836346053698375,-0.1286277834505567,1.4102850049311,-1.6714737539183104,0.6499037337328707,1.7620837156628393,1.0303803513744128,1.7656778967397728,1.1492716630673951,-0.05037709036040471,0.6889227742269682,0.13335002101804375,0.020315259766289354,1.123342193065871,0.4916035046053263,0.36237582105183463,0.14415794952878988,-0.9203842425128013,-0.10295907514710546,-0.37676992284154354,-1.8679970200981673,-0.4886086862054438,-0.20134188566202338,2.330975468142419,0.46651340699223465,-0.6600821033270609,1.067471921937903,0.832287583474811,-1.8743047420690218,0.2118631441695331,-0.8717729936639568,0.27095501770856617,-0.26322764593074854,0.3431449651232454,-0.9814451700493722,-0.3245970188143073,-0.6604748575124251,2.5206428397685654,1
-2.393805617563583,-0.4787403786948264,0.6746820993319163,0.07933512023992673,0.7846643773133198,-0.9331328835684489,0.43574463470942426,0.31706247641293395,1.761250241521696,-0.9765137837800919,0.43195001571580127,1.6856436302414048,-1.508574966512512,1.6053867107544695,0.8045564695809889,-1.6428339075853797,1.9899507015086522,0.8002470537730215,-1.4910636395098305,-0.4182939641813342,0.5480084199705718,-0.48568708540418176,1.155656518543968,-0.038665795710646114,-0.935723876751021,1.5030322651974584,-0.36584940067429056,1.0248098463578943,0.2953693238264234,1.3447253037850584,1.254226462697492,-0.842798620185354,-1.512222814764645,-0.3534618748238481,1.1873009710048932,-0.9518504884363433,-0.8471738365586915,0.676273913911933,-1.1737661721938568,-1.0887047281593738,0.8192770122062315,-2.046085709865346,0.5533420559305953,1.5239979600981604,-1.0754755682453498,-0.1888042709568819,0.18343482552492416,1.01598683701386,2.766833970661332,-0.3131880004927982,-2.107382208963939,0.6519640900481508,-1.663428797216002,-1.1061032876564747,0.500154290838382,0.4418637794619504,0.219889160444919,0
-0.38517572311873255,-0.35496576604444385,0.3093866074182953,-0.8628995084960632,-0.2580309128387695,0.07680391833527675,1.6295000211331583,-0.4249808307249179,-0.7972735428685339,0.8044567724948144,-0.34132567283018683,0.19781601764872042,0.3140713672855698,1.6696835186816525,-0.3493410086156415,-0.7526962284900509,0.7384930169425097,-0.8152679174987822,0.6917580838642838,0.10203743797922354,1.0211860549810796,0.9134654387534193,0.45114946402884654,-0.3479589510385147,1.1017780040397949,1.1830255724575902,0.4619086927627063,-0.3601263464645122,0.5651992901264336,0.8511826480150634,-0.34295307624107957,-0.6923015127484063,1.465352451331533,-3.02847684858767,1.2557089217572353,-1.4919460338136585,-0.4455462826373856,1.1587759100181165,-0.35308770560190866,0.7939487794244409,-0.3709715944213962,0.15604603576401438,-0.6976329016752997,1.1389374011605695,0.6424537367442171,0.1442964835186569,0.17965886556317534,0.2934879530325052,0.26462683050658037,-1.084491626335017,0.6087233817436635,0.5461132250546048,0.2305447258795148,0.1366203059657058,-0.6504895020539556,1.4009246512903109,1.600319324693758,1
-0.27989258954538765,-1.4723860610083206,0.521707276936789,-1.13791529235472,0.48687185857677123,1.1712561513588022,0.7699429112375848,1.9194179243668636,0.35690851180743577,0.9022175023550525,1.82523197983179,0.13833462801719876,1.980566219865627,-1.8202105308933239,-0.4156000360233117,-1.9011653250906884,0.0033062030270013384,0.28045039737637295,-1.791553094250548,-1.576566516632047,-2.7559277890261926,-0.1824193116891134,-0.7015139386776453,-0.3524601300020073,0.3420548132458709,0.9330378227891182,-1.675986475648748,0.6045557972354061,1.0088237280156607,1.5499063603787553,-1.2743155270790354,-0.24106793785742348,0.06187449231761536,0.0436581188154877,-0.4571665384202185,0.6783350687761099,0.6482983352553295,2.53681506291194,0.6548590752246252,-1.4082540098198468,0.25411698624948353,0.31821048214487807,-1.8598051045383184,-0.41844341656959066,-2.218269880946586,-0.3026278016488056,0.3538248962139077,-2.2571145628553975,-0.07736412838461985,1.8114727957426955,0.06085278145488647,1.0567237796027629,0.21745193687848965,-0.2792784678317078,0.5144504677626224,0.4250185819562771,0.4007585979808604,0
-1.4181959458560895,0.1986931844296111,-0.47954077065395884,0.4808664531103142,0.700113643232459,1.39058348726955,0.6656403217870547,-1.2456586357156505,-0.1289885798753851,-0.6402695821424153,-0.5836624094180222,0.6505143309207717,-3.1644330605014557,1.0008258362136493,0.4011679579689587,0.5534380218046684,-0.06135957437011958,-0.9842091579461207,0.5536046344965474,-0.4777489319794354,0.9261722838453661,0.258103797343088,1.1309729376761406,0.7973793666811545,-1.1971773787691224,-0.7990481322989766,0.3629106450900875,-0.19487631191802304,-1.2099370009788362,0.4507655944491583,-1.322984745518999,-1.4271844871821062,0.7701471292769935,-0.5321169777271456,0.3658108971070031,-0.06715822120020272,0.5501041494457781,1.6711827746441603,0.770987153762775,0.6226061913251089,1.1554531848283018,-1.4843862815627602,1.0209300731925859,-1.529841904506975,-0.29755238535253437,1.101724104987792,-0.3630050759170392,-0.2585088999359354,0.5093172752945667,-0.14941045573834988,-0.5658417891500396,1.2937791004929975,-0.1090766601876532,-0.2848303014630243,-0.34936962849896797,-0.9566148925851123,0.6122750104863975,0
1.6228628651574748,0.14489597800544005,-1.1911553493735991,-0.05717924886749479,1.0465642388238425,-0.4517502678024529,0.24469914325984243,-0.09209112049204923,0.2387683673294481,-1.2799839773332995,0.6405733019043774,1.4574430117074628,0.17591834836974146,-0.6138488712546468,-1.0453865473192776,0.8640706839531889,0.7918669135438537,-0.04431403404705064,-0.5011091104997896,0.5908974665307933,0.31907410183801405,1.133889663079575,0.7621672089524435,-0.5931500611500589,0.24016119328478266,0.7345709450109483,0.33331141370330103,-0.22089187916170297,1.0912170806622652,-0.05047159228318197,-0.7678595761703921,0.0452072400617417,-1.2177598454434007,0.9427553355977836,0.4944751104949585,-1.5832952721395084,0.24826683510818823,-0.3803481726278387,-0.6586845428560822,0.2700652881470165,-0.05614549314844349,0.5773607252533275,1.6178496290941755,1.62863736936499,0.16577364890942162,0.29462549269411314,-0.3109647965348479,-1.0288375348014984,2.1624198144879645,0.5527675780587328,0.2664421434161652,-0.6148763998519391,-2.558122121473432,0.5413149369838129,0.9963835878747334,1.1701357587867245,-0.8461110535100046,0
0.546589713150122,0.4792734880190498,0.47095917187622804,-1.6671469478396628,0.6547821683736266,-0.8262573243274172,-2.236631026572065,0.44563412440956757,1.5092001174481278,1.8958029179047255,-0.6194689814716445,0.6242128460548193,0.016026292135080826,0.5968491391675281,-0.3662706057293149,-1.5834251338779666,0.21994436999571565,-0.25700012181854287,-0.2173332622828774,0.48487362017356134,0.064122959841853,1.2801848158134708,0.8045051660858407,0.05705961506585588,1.5080678503295426,0.07768266780552165,0.15671140636805725,0.08462652966746391,0.3612748423691729,1.38888050643878,-1.2874546958265494,0.3688915109032369,-0.9027701230287157,-0.18795701851618274,1.6126192933302852,-0.6468482786847057,-1.3761862327120442,0.6099006310622656,-1.0172717751189944,1.0572471394947571,-1.5279374491613102,-0.49944849263056335,-1.0270977790990525,0.8166636953858197,0.23611035950854675,0.693710724016964,-1.1625354070102147,-0.9077627198011451,-1.1067524788416825,-1.1418694710565263,0.44398671618285546,-0.6521473468531681,1.0577481268221014,-0.2262287637173611,-0.5179610757880797,0.08023089535099508,0.46659150138444705,1
1.5392193474055837,0.45884803141259317,-1.8225420377170551,-0.5549135219279496,0.24824565236256899,0.00034328167478109203,-0.31340250872124237,-0.2134816891974379,0.17188249180247725,-0.36961112832301196,-1.2721623881057147,-0.6154684984013489,-0.20594208515313597,-1.3724504983611752,0.3962243992828916,0.0007169236928658779,1.123149861507283,1.3584908393381165,-0.39018834038546135,-0.1305159042926669,0.8132024882527683,-0.24898835362896501,1.2416178424947002,-0.7514179705057493,1.4885587886518408,0.5430870503978967,-0.6442634779579779,-0.06968251307895366,-1.305006810128738,1.0585954534826225,-0.8451351820069858,0.1450991616220654,-0.5257431155925898,-1.4640541928482245,-0.4160754299721364,-0.5730398177159557,0.3791297817856156,0.2805623333273081,0.39130232665386555,0.26158554880941615,-2.31744578724435,0.3597564588753024,-0.4653251138315893,0.9785240610457586,-0.6831170843739193,-1.1140431432401545,0.391480630004412,-0.2045147712720127,-1.018691792293877,0.3185008327018875,-0.6698268000589717,-1.404316742088549,-1.2009424819000223,1.7547406355440425,-1.4899221203187598,-0.3191764541507844,-0.08960726605786282,0
-0.21350820632455156,-0.8426345705987106,-0.5139392437664997,1.253109426612733,0.17246502274993397,-1.72206380424742,1.033336952991721,1.1505614958549284,-1.6087711136635519,-1.5403356719258905,0.531950201569178,0.7459143175581545,-0.17561006739942187,-1.5150321525692318,-0.9041191422797125,0.42598399751927535,-0.3294739013293176,-1.0645268203834775,-0.21746859663282667,-0.6882050947267553,0.42528660940280255,0.9140397036720217,-0.01667522564708728,0.9493248404114227,0.04217564576960285,1.4105279165690223,-1.8548884821708609,0.9845945337315776,1.2559815794585507,0.039769692842663226,1.4193976405670015,1.165307680168572,-0.5713278256627838,0.503752184677726,-0.10813920540375137,0.09588547450390929,-0.40426959757291125,0.8023598147019454,0.17607750482054815,-0.3568906477306915,-0.1544704211536562,1.6718500936932643,1.69070821207705,0.6086826884101258,-0.298716335859594,-1.155280676951674,0.5855205233761122,-0.40817803078207276,0.9490347221985294,-0.45903343395649504,-0.5105123306169438,-0.3954368110755781,-1.0480930391297134,0.5012783523718037,1.2480313884619139,0.6940304922686434,-0.4586530716544812,0
0.934998767442266,-0.9949711670458704,0.39726486414396694,-1.4230504829033666,-0.4371583010027929,-0.14695431020003819,-1.1605258233013773,0.06045736325604203,0.8841917934708302,2.1412912582999426,-0.14395464325041263,0.09858951202819075,0.9562388477734846,-0.2346811045756674,-0.3254220691562153,-1.0392433179000742,-0.8410098865071484,-0.3249006354278339,-0.2240356129877951,0.2781622097599681,-0.15062709633096968,-0.6127761210011882,-0.7526457042287213,1.4645071212983827,2.218927988794149,0.02279025845870265,0.3397178519961661,-0.9334769933565941,0.8959113813078343,-1.2813534132748707,-0.24029558670084328,1.498922311700246,0.7157201433041743,1.0693686701897258,1.3141241805131343,0.14103729338599236,-1.8070085370159348,0.9046251052936395,0.7641013388339996,0.5946309728328271,-1.48292562821548,1.9137378892538546,0.10154565557240389,0.9760172938579513,0.722888610149411,1.098548421087886,-1.4270885972053633,0.41595850185357236,-0.073926626453936,1.2568267710914816,1.7611296187653147,2.611921385541616,-1.153558595203213,-1.4773481259633976,0.6502746625656042,0.44509721819580456,-0.6665487123152563,0
0.9077785272976786,-0.9625705659595567,1.2724443316160912,-0.6546067130543793,-0.601761809614672,-1.5341807829232799,-0.9264465550191223,1.3257649425619744,0.5098456061226407,0.9579151244121507,2.0310984312328966,0.17242089877363231,-0.8322609191038655,0.4646573569875726,0.33794092703677586,0.9834086488320403,1.3500769226482092,0.30006779228465374,2.0386106403117763,0.13360473575865167,-0.7927604475798575,0.22955660317575163,-0.4765210440012342,0.050974366774377056,0.23535529089157645,0.505024049762251,0.9995028864758614,-0.3692172106130243,0.04674195015852806,-2.2925190529095407,-0.4887180602420993,-0.6736798995885336,-0.34283150927185974,0.543617463310145,1.9128816258834618,-0.15579103056490443,0.2405140730308117,0.5732841850259142,2.2629204605588336,-1.1887934750006541,1.151941676249082,0.5580678982389883,1.9198434322225766,0.7624712390559114,0.8040862202823675,-0.1050262604735844,-0.20693384345855842,-0.00932856010510463,-2.3614246109107113,0.19297442266905573,0.8887613139050041,1.294873241020256,1.7173729383657854,-0.7390329191557478,0.4389966024308469,0.3587610125776201,0.5353851871737068,1
-1.4704603924878554,0.7990335021542427,1.25924041086825,-0.9065056168629124,-0.6493618514114875,-0.8686280889282947,-0.08704812302513203,-0.6433454312249455,0.3442494573212511,-0.842795321176943,-0.7113542891064225,-1.8239423267541521,-0.49063308661767313,0.691949586706798,0.4019656240065706,0.09810760481819397,2.2081253867471395,0.4470086017053934,1.0103260554775528,-0.042033166223281584,-1.2161381151208177,0.9926785034132607,2.929566668219838,-0.5809419349581215,-0.20050055883225815,-0.26856601752056186,1.0348233234700221,1.016243773540564,-0.8874073452132873,0.6650094855184363,0.17244414353279366,-0.3489672713647357,1.5753319204175802,-1.236238319506821,1.0992459401501298,0.8675689564397931,-1.480073447160932,0.44794177524578555,-0.6569712651358026,-1.7932409182453717,-0.5790516754222491,-0.16670459781302435,0.7142319612901846,-0.4596514415465922,1.2023067534684566,0.7442570076832214,0.8453770284099691,1.7159682597731702,-0.6431242460553591,0.16088811892463092,-0.15915091174311657,-1.3214848076910848,0.9381913459294037,-0.21673595821029476,-0.2877854241828544,0.024276220004551034,1.772625822119182,0
1.27406900450391,-1.2784364836477748,-0.40281180757482926,-0.0034726204486664786,-0.41740425635177625,0.544462074662444,-1.3834939665383321,1.7635475558757265,0.592077911996998,-1.457145569701249,0.6777471010781895,0.10575913226329287,-0.11313872196496955,0.2535140631142679,-1.10599363744642,-0.5036146324286089,0.7723648031415156,-0.49053344673595095,2.48108172545164,-0.9440289707812839,0.08996444590869683,-1.547581048778703,0.7924392243182113,-1.582793174010565,0.8851418928397562,-0.6779913890126346,-0.5214868096489548,-1.3021100245341617,0.4856564098481394,0.42561218891602715,-1.3290125377610247,-0.3448054118946182,0.5624920664379164,-0.8519581953622282,1.8159885157567044,0.07249722704750271,0.09620876782077986,0.4420509431094767,1.9995778762944914,-0.15622219148416272,-1.086375232919084,-0.3863491972166699,-0.7660732131084079,0.444728896920498,-0.4437217588020167,-0.8442883715555405,0.38511106263089595,-0.27729009935732757,-2.9717074715778917,0.7592000463483631,1.1587097602322938,0.21399298542435055,0.16063889151229557,0.8273135948501522,-1.1259825553922773,-1.4137238733440307,2.30051528612406,0
0.531283116967537,0.46059834061015453,0.25621075905868784,-0.4827481955685529,-0.19685471896513884,-0.32055696786633364,2.8643401873871572,1.1270519933734353,0.8770644963872481,0.706660048436046,-1.001533462858553,0.9615663406907353,-0.5148424502199982,-0.9425266295467553,-0.028619247008012747,-0.017873256241137014,1.3174611508530192,1.7376314898924834,-0.43328498260130716,-2.8998459406838943,-0.16447159543467557,-0.6202101442248551,1.2499999509689255,0.5387100634023659,-0.3357602135329272,2.158029256571429,0.26470825876060455,-0.21376033907367678,0.6341488803499328,1.3069504845629158,0.7979228648100299,-2.25639715622782,-1.3609626404238835,-1.4208041210097946,-0.39400247748243933,-0.35899579804525156,1.059374127860901,0.06393316895153867,0.5547917718325835,-0.0303772210400357,0.3811398255860912,0.23754973310395058,-0.6445436488632005,1.7481342124025354,-0.7732074378442841,-1.0234930482006726,0.7923784408650396,0.6461349025171925,-0.3320523604249388,0.5159339851529388,-0.016011413565320685,-0.07047623573140552,-0.3847504447318446,1.226858646764255,-0.6017361718792739,-0.35944660841460996,0.47831113100891315,0
-0.12077557267874416,1.9816641327301028,0.4333544820496164,-1.0557502097534732,0.6067103119556498,0.4092915262872186,-0.080588129085929,0.10209097203154052,1.521664318267817,1.3705065821506037,-0.3839067093719497,-1.2994070762487917,0.14546940558146726,0.9521217086056343,-0.6604916443673766,-1.5864232336315423,-0.7637378327132622,0.4238400099218882,0.8177784392942211,-0.2961507408033508,0.39038819891366766,-0.14850468991762025,0.35747515840755945,-0.9861022600582168,-0.24037795059893463,-1.8632077326371363,-2.1781685036429486,-1.850513620047326,0.3497350490432496,-0.13309529088718577,0.7400026586259021,-1.06038636226889,-0.360313716488945,1.0844110457252014,1.498566581204297,0.8092759724258911,1.2886020244668515,-0.2844875556912526,0.32961912486567474,0.6744539328826198,-1.6740081863916496,0.6925075838511298,0.38883987688622174,0.011458302181984126,1.2792626990960572,0.16345870483844863,1.0409503289683866,2.5661646415298103,-0.2503174621807653,1.0510350428514392,0.9274349371450192,-0.5045909313107341,-1.4117442681250398,0.8602348186101891,-0.9487617816191527,-1.0168212805258188,-1.0428225901285726,1
-0.6391510246137457,-0.7063499408959262,1.7929016200446173,-0.33980317852299186,-0.23693054240841627,1.0056835339352892,-0.36559324938905935,-0.04657831329488773,-0.6738998764811417,-0.6869286104291195,1.2448087031465924,-0.38089297708207054,-1.7336176516082042,0.13863531911790575,-0.5988647866520554,0.49613758686595133,-1.084356634631318,0.9405495030627101,0.6324808816331953,0.12745965204591966,0.6202380116661411,-0.44753677330526986,-0.21308069437708618,-0.3899910272632078,-0.335742795902271,-1.098117985253586,-0.11807857779049324,-1.6571189793709742,0.9703131313711792,-0.4181879398269108,-0.035148581559774295,0.3802946894436134,0.019434878656374402,-0.9822085632891294,-0.24430340683637194,0.2281875111322511,0.997636198744044,-1.2788738753573219,-0.6755186319841785,-1.1562547485068266,0.6693090051664765,-0.7524140593871551,-0.3299956962488376,1.4659168129549254,1.0484593373614626,0.3368941720811182,0.05609604219481511,-0.3129689736322775,1.0017325834015238,-0.017583295574270196,1.2479129340231903,0.1726535332647575,-0.2757971407601935,0.777921522856436,-0.2949494760905646,0.69441025398434,-0.5713684578080572,1
-0.9109462306431451,0.26557693138974003,1.5636546351206138,0.3570361041930734,0.5060443822503815,-0.8028541863197775,1.484080140147668,-1.2917452214853302,-1.817877844197822,-1.8870087037237173,0.035046314820295674,0.6383632515959234,-0.9491347751585626,-0.8895877896436287,-0.4856924420103196,-0.2188813451778952,0.2287037741014383,0.12700899866301874,0.22166426507431872,-0.6286297348925969,-0.39278689574946335,-0.3079817758807056,0.5745945666902206,-1.384833863755367,-0.09918648177520482,-1.2652354984275345,1.6057279624719252,1.0617404243984796,-1.3721220655776907,-0.3808521899844189,-0.2408822715405242,0.20390118848983252,0.5653944901826159,-0.12134218509834249,0.357221135565796,-0.08987744666625302,-0.8556334021774203,0.6412473789196882,-0.18521717431439083,0.6480619862312631,0.023339300964094936,0.7541650924614817,0.1331825365775733,-0.23869191328185427,0.5559680665636361,-0.2871516056402045,-0.6212952476131215,-0.09133915125691595,0.7741171191519131,-0.07228489346926638,-0.8490932983090833,1.2916108704667333,0.08683713495572545,-0.6542551065721754,0.6957462516958193,-0.18159877778131683,0.4771005131423486,1
0.01012327930486159,-1.168311114055717,-0.27004442049432903,-1.1004095983463893,-0.5576805949700392,1.6631815095600466,0.6392316032679156,1.306375215714467,1.6280025374087503,-0.4461598506291137,0.13569746892362894,-1.6461780375141788,0.5008549502945165,-0.442882752015349,0.28848417947477883,1.5672357536084045,-0.11171972384343268,0.8369764134768286,-1.3603590770497782,-0.18737314018126291,-2.736920551234725,-1.7062521836932645,0.5399180895728315,-0.8447215680684644,-0.06538176521257263,0.4075262017042499,0.694457326060437,0.060653007197148785,0.8108371163349171,0.984603232880337,-0.4022469793161295,0.7967998598615729,-1.3376527494670565,-0.3998706178417731,0.20345205615029247,-0.4912189979856395,0.09028465489866945,1.047647979906735,-0.5466760335644245,0.15136892504067964,0.6204242698158176,-0.4947228809960102,-0.702056490022791,2.1388284030215736,-0.49204663745507055,-0.5299095510929152,-0.48085359860310956,0.10271787936073742,0.7439932749084661,1.991471155565835,-1.189246369050293,-1.0015429645752596,-0.07711553456072644,1.2626482082027555,-0.38475628847850835,-1.9237988633715282,1.6398387680227593,0
-0.9099245897955223,1.8965359768611563,0.29820739066814744,-1.3909232806153553,0.6686192564807585,1.2549091792000824,1.9421154410497736,-1.9563360176811597,-0.26544041801708507,-0.4962818499170039,0.881437024399094,-2.9256793353664587,0.59092971601742,0.4931679902552625,0.1880534140379394,0.15815639682160432,-0.9509819447553571,-1.057354882150264,-0.5697395648998437,0.12892610500020035,0.03329090406244098,0.033901923117947125,0.3786184307627957,0.15441284284823992,0.2804276304082313,-1.404014782079635,-0.11329348104450497,0.8083745115296607,-2.5056997508012118,0.6558873969945782,0.47490296058130826,-0.4311835300678348,0.02955783359201518,-0.4433334342986453,2.173410035042516,1.401167594106754,-1.2413411586760101,0.7413998358109084,0.1004394436497366,0.29799786300618997,-0.4042778483095673,1.942457774715636,2.664205434311897,-1.5511478412685638,3.5857469515462763,-0.6207792002733094,0.6274134323559657,1.3064720396518401,0.20437266654405511,1.065126024573513,1.2681404075309517,-1.1835780379206229,1.5909079792702896,-0.6492720566910007,-1.065148042540618,1.4201329845904611,0.5046210491458112,0
-0.2954766077514158,-0.02526252703688768,-0.9149294922816092,1.0044551558877084,-0.5224630755476602,0.5559989377719425,0.9417676382078167,-0.1829611270132054,-1.386909338124832,-0.9041684203515946,0.29169016007765414,-0.3984030531817438,0.05701261393547182,0.5831208880150494,0.4050351591845934,2.363198585448013,-0.2047042824145377,-0.7693353869029607,-0.45825879609783327,-1.7943454563492514,-0.16357489539276085,0.26780583666707186,0.5545074014027008,1.0533780271027238,-0.706264895770087,0.18988583894796968,1.0083452174510668,0.6346092198357135,-1.2056257982974248,1.0626619724712538,-0.5009185070319739,-0.33606890159675185,1.0087967160560745,-0.22083958917959629,1.708128084233977,1.1108325229465001,0.5808885886470483,-0.33488365873142234,0.053453782148361675,-0.3241346430645249,-0.17447100135708232,-1.116871724009089,-0.45667633305774774,-0.330517279871033,0.07747357806790933,0.1490547599842853,2.2325403249770512,0.48611279824434156,0.07583750618566105,1.003868261228184,0.4122495746049912,-0.7761262993559758,-0.7242390054510744,-0.2561258455850239,-0.5314880126789274,-0.7229774585895715,1.0374281303885955,0
-0.8124684426021327,-0.37854089974919425,0.39427451218869763,-0.8539248299766202,-0.06985946644813097,-1.7481735732007933,0.7728231507626533,-0.4136478969405622,-0.4558849152407174,-0.6382894018550758,-0.05803162412025451,-0.22469019786698066,-0.1708408103625721,-0.48361707358659256,0.0721557474611282,-0.06077102700873586,0.528225728122166,-0.565113971332421,1.2392552165273238,-0.46217348084296495,-1.7242695682762357,0.3747618348905725,0.6189661910766108,-1.2894182026535932,-0.6889322674689266,-1.471307373567491,0.8818094869469741,1.0431475425719834,0.1843487935119289,-0.5210354816769246,0.3180640885430054,2.1731353063861967,0.4776891356594177,-1.818964117123512,1.0393627538589754,0.030550915699344434,-1.332520445846705,1.2109118908926746,-0.17846008757000698,-1.1422258538960885,0.5154676239124502,0.19908743236466256,0.495819952470572,0.806940132967111,0.6579076432366578,0.01869927052982796,-0.8985052121149779,1.6136681008684501,-0.9468007940204828,0.012702571110396446,0.867169953250925,1.236974433372511,0.9857855133049679,-1.0046384652735245,1.2501612326854654,0.5450975049596654,-0.9304288199192005,1
1.658918662309748,0.9432430317195742,-0.5985307656713535,0.9576222738867616,-1.4308363695489799,-0.61206311566775,0.5061091703814381,-0.09597681402726274,0.9080770815899848,1.373344551795779,0.13465640256114966,-0.5021631563853797,-2.343533717039683,0.38827670328383307,0.2878753859630091,0.015425285328571488,-0.4461090500059582,0.1860575269254339,1.3379952834221036,0.48572939444951013,0.297232046467474,-0.6306410675181395,1.9792772393129183,0.6883598763756688,-1.394238838193608,-0.3082087439258959,0.7530386232577747,-1.0957062825246002,0.1926505235490847,0.35222629550628276,0.12973967963223135,0.33195320971786774,-0.13685181568718702,-0.36257362002506643,-1.6358374254431527,0.30789929151669543,-1.980332285235611,-1.8249832020425039,0.11424233209568639,0.5264773694199607,-2.347314133822792,-0.6566770343175266,2.993729806389852,1.298481556927,2.9647513175319045,-1.0600856754354149,0.9114416740808924,2.6561681926810645,0.4071200630269367,-0.44570625578319056,0.6749937640068053,-0.8099391262536565,0.8995468336741805,1.7268641093890764,-0.05607565999323382,1.1111517506877988,2.191338756590989,1
-1.8602839989040334,0.7716498458524849,0.7179537976867044,-1.3822011877734766,0.34084058336543693,1.2343852014978522,0.852366698864558,-1.1395951073770978,0.9862035998304373,0.08707524764813386,-1.1311629151674263,-2.321327988588648,-0.01047822048590528,0.6708827912883616,0.8492659585792985,0.6575117306648356,1.2958586831366479,0.06736198692850993,-0.8886845144483729,-0.08496648052147858,0.28628754269317425,0.8771449118100891,-2.2054768221940693,2.1752615599180807,-1.2205805519229855,-0.7713506502934235,1.593115360079013,1.4277652289163034,-0.1305890906079588,0.7374912567049926,0.10956788880905456,-1.2045359606569987,-0.468447128059228,-0.8630558424123846,-0.8533640778308269,-1.1882056914362589,-0.7161212224833423,1.2312616272565466,-0.747136392680681,0.6187581418457437,-1.4921114036991705,-0.4884640087455711,1.4287656518487235,-1.5233850826882471,0.17701205065302839,1.2185617850182093,-0.7912626476790678,1.1256174385589524,-0.2516170631729818,-0.04398095244330205,-1.7414616763904733,-1.1669849842165605,1.3133446688720567,-0.40696291844441956,-0.036512492246916016,0.3625161698595963,0.4616266565946575,0
-1.2192237872087526,0.7910640583798441,-0.002973559957247587,-1.1385761869327293,0.30359970338987036,-0.4866718433258167,0.7752932980345834,1.463353827045434,-0.5359864268565125,-1.6301150773278086,-1.1276794751647197,-0.5417304905702726,0.7429637006074128,-0.5187766041392272,-0.9944827189349374,-0.1629747063922857,-0.6514978829480974,0.4238765496142646,0.8473174876901903,-0.8986898910706431,0.501780037071499,0.8079894160368397,-0.09885126741528623,-0.38909228238471083,-1.2687978283509824,-1.160074286172479,0.09005967159468456,0.9755294291076076,-0.9507289321418881,-0.6435511396130441,1.2353157246776008,-0.8814178277922738,-1.964867390392335,-1.21081358418158,-0.5964404083327101,-1.180375149101657,-0.3985158572193423,-0.1588780005008436,-0.7698332974582496,0.6243277442772244,1.406791081144814,-1.194584447452953,1.4694755321819255,-0.11070506587644535,-0.1512273237357592,0.32091159205149605,-0.857925749173093,0.11753207512118843,-0.9797385374060025,-0.05559424483536415,-0.42727140260678187,-0.08909347389795672,1.4463847106503316,1.0419033667061757,-0.17730079276554273,1.1938253790026643,-1.6923189934046226,0
0.4967643114345305,-0.2699713204653924,1.0577167649277006,-0.16270571880653692,1.5708000422114738,1.6805594416415353,-1.6020796643828246,0.6735503111058209,-0.4240311332382612,1.830176461526163,0.6233322891183444,-0.24203029230918463,1.548165602521735,0.9417295037309167,-0.24582909337838543,-0.4340693385843519,0.39664688541236565,-0.6406840950286276,0.04457042684548886,0.19526866452747263,0.43826835199042463,-0.18963792753534306,-0.6043962423959779,-0.1260629782627727,1.0683408236689838,0.350569987481402,0.30010244321268215,-0.9499878831341702,0.5490437575861075,-2.008694080979292,1.1894108975977018,-0.7071349226866475,0.9174157675955622,-0.20073264549891012,0.9463909365343373,0.9501733341849914,0.727083694546828,0.7328364337571042,1.000829211931442,0.3914596680359422,0.5080108536653137,0.16632561933621803,0.26849406654860614,0.0995267156647771,0.7129493753100066,-0.8739558025154589,0.2026981077786285,0.1911083815522431,0.7526184899886251,1.0332410094840008,-1.2741114362490664,0.7898189036350002,-1.7110609025746193,-0.02753592249267448,0.6338175948285775,0.49514257594276184,-0.959908962312481,0
-0.01785839209170817,-1.0092124540884626,-0.9824880698054219,1.6397357454284873,-0.5732340171578046,0.8017220782009804,-1.4504182391409615,-2.193945604946753,-1.189557601974758,-0.5220721987044057,2.435641507416294,0.20420477410373547,1.0486795508783984,-1.846924690101935,1.6948993175236926,1.1351290300936692,0.17930478544237965,-0.465698247519212,-1.5184029716021876,-0.5829246901981329,-0.15509331342759086,-1.2530013887478564,-1.1997604958219075,0.36997622635280664,-0.2759231830047177,0.41553631199718993,0.6016532684439717,0.10696010359886772,-0.8431897437103978,-1.5314731707305511,0.430690749608691,0.7503087955805622,-0.5042077099035,0.7200962444234763,-0.45223284053555035,1.7005364410957489,0.6210325801535876,0.6902834215451253,2.1280302776763125,-0.41021159610292357,0.5067478157617386,1.5652421977230078,-1.6405744479975701,-2.121166115037085,-0.456801412238962,1.5063170339502123,0.44590337081803333,-0.676094478297659,-1.0977692462402986,0.6883615151192131,0.5803043171998084,-1.6520281420231808,2.498817930190028,-0.5505295552890074,-0.8811849545924689,-2.0728877297568418,1.2543178860429691,0
1.187917307618916,0.4982461735340995,1.4457471497319176,1.1076291412984742,-0.0520284112365137,-0.13314721200689583,0.9378987612102038,0.8815633962685403,1.6464194435670105,-1.0838472592368218,-0.699773658189233,0.006024537904758812,-0.48215472956834154,-0.6987249211610964,1.9417768484350562,1.155984471955236,-0.09230853311405485,0.41550127528066644,-0.2761317315308864,-0.4332563153503203,0.9031921125279974,-1.0381355417774372,-0.3997600024088242,-0.6381353681315616,-2.3643906537862587,0.03766975819315636,-0.746181076873618,1.904206898494372,1.1661657046522247,1.2024311327135975,1.5555437430378969,-0.07121595713452492,1.5503391738012515,-0.03582164533765055,-2.190031560121408,0.11365264988003673,-0.1958130293037005,-1.5010318601392831,-0.48638537837757145,-0.7063426027703692,0.551316662683076,0.6472907528772907,-0.29023146644171727,-3.0284553781793013,-1.0043294835771182,-0.8299318174148038,0.2094512323512022,-1.3699417369592017,2.4145214840451517,-1.433207829431624,-0.25237275988159713,0.5159472422001701,0.6829208950624719,-0.7012122265330898,1.1758705883755802,0.5024638103848575,1.549650947000766,1
-0.6256428973767163,-0.37431902233534914,0.726538432845249,0.4403318835882127,-1.0171434413053,0.2860867613263075,-0.24235531389955073,-1.0159386345258021,1.3234589580243938,-0.6893813490989602,0.5314477011873308,-0.5687355397452362,-1.4167492357958267,0.0261166526134739,-0.24734071422647608,0.6962190425320355,-0.16082377498713496,-0.6857007055916519,0.25266459493278154,1.6050416652177155,-0.6445034674493765,0.2648024704080017,0.05785228644140937,0.7271647104690591,-0.9335346393518699,0.3278950821593129,0.42645706746599243,-0.06590588263003636,0.8713343747062555,-0.013759983095192956,-0.36525796863051446,0.002373716165257133,-1.5149332024603102,-1.0432993787426208,-0.49701219647138906,0.911899218112364,0.8269976798512491,-1.6367666048799752,0.5714041157983151,-0.7363250963100331,-0.9826256379046996,-0.1516278932528315,0.06634371548600485,0.22401035245012482,0.47821232093261895,0.014755940926752257,-0.3599435416517967,0.2839042178835938,-0.4923602084361122,0.17637522110865578,-0.8113901765238807,0.7731734539313762,-0.44134211986501054,0.7360240178129063,0.3042390612891014,-0.49685064003187634,0.5648819793461354,1
1.2157789230246392,1.075980981045922,-0.7310461953966824,1.0422112319651955,-0.6946132715656897,-0.36458183972379365,0.017668116156146836,-1.7053319697093539,0.17944151198300876,0.1655360298941318,1.5103084699622378,0.14105177860760032,-0.48671379116842706,-0.5764519413216198,0.17307541891267347,0.7912160228693856,-0.6565451313973427,-0.38469180248940577,-0.4029583237286639,-1.2554561005310492,0.3079751421577926,0.5130701663136656,-1.1544448941944838,1.1261475732054622,-0.8493745836753755,-1.434725791942385,1.258130785922091,0.43704956660061534,-0.2643413772634188,0.02114481965764492,0.265930928410571,0.30424789728688983,1.1021216917451695,-0.123554861472814,0.4859223229128238,0.5464540881318258,-0.1999344737519308,-1.1877132330733848,0.5182684255413259,-0.4312110521513219,0.72408988179408,1.1768540608382836,0.19930128388621893,-1.3815126238810143,-0.48965671398163707,0.45326031027637553,0.7480916808525664,0.2944126924292924,0.48973855756691637,-0.3798643812673684,-1.637243071816126,0.909860537048407,-0.7842392093958392,-0.4133528941728413,1.5343692174822936,0.2763746788205871,-0.19318271683406216,0
-0.002426483607814122,-1.7560193465880392,-0.8912305914039521,0.2687203702320569,-0.2845792586413415,0.8862713365340883,-0.20000829278036175,-0.3077715117704115,-0.37310801356125917,-0.16124846471783938,1.333666582826896,-1.6700865839918348,0.19842773099968225,-0.42334144607782176,0.6661764580292727,-0.638160548728319,0.8902123106441289,-0.7435085900875524,1.6232214234654336,-0.7945157903664982,0.09884849714263354,1.4387956031172389,-0.28634860382639943,0.44007770744530883,1.7649109226679776,-0.5183048740792024,0.7618470433144129,-0.5198688688243558,1.7226540211544554,-1.580922237873146,0.12643442110124517,0.17994570660367928,-0.5864276088739122,-1.0268293823547712,-1.399552616226143,-0.3165347693591077,-0.3969876888259001,0.023464830280705312,-0.18713828817370382,-0.7414085022163197,-0.1686854478059498,0.5020443545632756,0.31440723579364055,-0.7875830029475007,-0.7428899642044896,1.2736322723360054,-1.3423447360598622,2.472790801934412,-0.929074793920815,0.37971838710228795,-1.0009321703802372,0.7934602131764861,0.17073902338650254,-0.2718833349804531,1.3783137203904188,-0.9088458230097841,0.9736998750400113,0
-1.0987011977353682,-1.2238905914873723,-0.9324340265888444,1.7757977292615452,-1.4020025852367155,-0.18209652208433225,0.9978509159127035,1.1917670217426386,0.11486920690538846,0.32763372511871774,-1.0745193742972363,1.0894413507940643,-0.15119418841993063,-0.9299000048272394,0.7475066247330509,-0.10579718016543647,1.1782922404740215,-1.0473453455870658,-0.031610388541677775,1.1292676592861026,0.1021633060317187,-1.838051589483977,0.7875918086077296,-0.6046719175643198,0.4632942917857085,-0.16870244524683464,-0.7124937195223294,-0.405007989729358,0.4786921011368476,-0.25384780157829656,-1.0422883453356742,-1.376232680589687,1.305540773557998,0.15815212718078134,-1.282313260455399,-0.5088420032114868,-0.6465983050360372,0.3463319380629916,1.5517119270068627,-0.05515071385805055,0.07398230823495644,0.6038044750484284,-0.370120583701418,-0.8669478281978267,-1.097196767879973,-0.3612845511177091,-0.22033344280478817,-1.9309544114019694,0.07317005464813153,1.0069046772432275,-0.9846108433050967,0.9995516379097892,-0.6263506625483644,0.1310279523300061,0.2996294474464308,-0.5782546306356879,2.28126131882383,0
0.8380312161307606,-0.26044263419519487,1.0428444866537898,-0.5476900277066371,-1.1923440404952523,-0.3155055635407006,-1.5422149272792993,-0.5144091980038299,1.1202195181980514,-0.6454171900642516,-0.42071647208372304,-0.5699362642045417,0.02673827222254067,1.3357022526605165,1.3247475551226122,-0.9049295946940513,-0.03739818380078798,0.065658897837518,0.5128781640814977,-0.19995447700972274,-0.0992290515036932,0.5799185128145479,0.1913945895016257,0.38497207929506994,-0.20145275791003112,0.8771905431239492,0.9122461268313514,-0.37265197868976074,0.209928301289512,-0.7241513788323114,-1.4055525176810348,-0.33294425017629664,1.6950773802995678,0.6089311691399198,-0.05461301701552919,-0.8362025958932583,0.7592401063637341,-0.3102797450353656,-0.14078125659619603,-0.7841821928333145,-0.3022538409373956,-0.7812755781559791,-0.40838521518214066,0.45672263836629173,-0.6010380658030959,0.010206542435539012,0.43631884946614596,-0.8062978932348771,0.4142242699921627,0.12281031831681549,0.33116055297575814,0.6377909652736364,-0.7189666158746764,0.5858286394969643,0.2592158207881769,-0.678847668180275,-0.18162304793923395,1
0.6617789986985502,-0.24503880603735892,-0.07649645468798422,0.29927245837848715,-0.28320518007068957,0.8956896838303472,-0.7018490028199317,-0.2774881539337422,-0.8592223197106806,1.194106819115058,0.8013878541065663,-1.1151015007535605,0.4383753718370912,-1.2652236588535346,0.3453892919922641,0.4246305804627665,-0.42792594019642266,-0.7017768127790871,-0.284513367325928,-0.42734656672336707,0.8465984769427453,-0.46893271317912194,2.443992886252275,0.14789717108782585,-1.595394949833111,0.21036086790565106,0.3154580890965277,-1.5131405012533239,0.6554203402013031,-1.432023746748407,-0.015874712165657452,-1.054602945148291,0.18104925660684992,-0.4918654103705112,-0.3597454685776778,-0.4980279423552145,1.051068758625859,1.472696857879673,1.7221268188732342,0.025301399853222068,1.1516796289128592,0.4682966306499939,-1.639024441891816,1.0202242544524511,0.0028046666695239098,-0.4838355280243136,0.6700736181874917,1.6331378063714492,-0.7797395588853311,1.2850769261884052,0.6789700499482515,-0.7602838369910424,0.029330182390119537,0.6805661494930881,0.8096581633643392,-1.6955753855074605,-0.6041519713150825,0
-0.4699804157531905,0.08272380453651798,0.4755100401370381,0.5876546956034266,1.5401386891191102,-1.545712435319788,-0.06808623968314104,0.38079828103255625,-0.7848178891350375,0.49185173692051865,-0.21512405768573764,1.25370232537671,0.6779324420238467,0.22036695077523138,-1.5500374314486451,-0.35989685734797267,-0.21554907990127353,1.1140775978428126,-0.7005147951848766,-0.08030335705810039,-1.5050119850207424,-1.0889980573280786,0.19078163170395163,-1.475534576521276,0.22172487642973726,0.7117659525929578,0.04120553569654207,1.1308767928731196,-0.528079211849546,-0.2515169626201194,0.6824591948871059,0.522174284476028,-1.2656292261015256,1.3603771846235961,-1.0941598126663905,-0.66820072896986,1.6085973984641626,0.016014308995797033,0.24932279159495555,0.6512745614480036,0.4618043520736664,0.728615677856249,0.8683082053492802,-0.5844681643340595,-0.9007041870534908,0.3563937923966184,0.19959204213338952,-1.3962273867436619,1.8181925256101164,-1.1401715967255992,0.20022203872949368,1.18719675376224,-2.180226534389872,0.6756420686822107,0.7573223705745769,0.1829585054469143,0.5205323316542693,0
0.5317928844804405,-1.540908253931666,-0.30422162128046004,-0.6356146296731587,2.8531091370759576,0.30670239350303874,-0.7538692748914981,0.08422118450289748,1.0639750353411785,1.730735981820468,-0.45578811437976985,-0.07109195246970851,0.1900784586125024,1.3163892491025992,-0.07154651431633303,-1.1175652437926487,-0.5763076892982192,0.414864848924516,1.2658284144130942,-1.94280813619482,-0.6564574808460112,-1.0744845683362156,-0.7449201950646613,-0.6647971795163719,2.393494806197391,1.4117143299598551,1.3858489154527418,-0.8168713534169922,1.0783305203122748,-1.434909045517867,2.4644341506301064,-1.2385358719555788,1.2051664016938626,-0.0629165820131899,-1.0657748624356156,-1.2213902752939862,0.7818459384457187,-0.11403373225585513,0.9634343857949172,0.8092027488430591,0.3898942767191861,0.6314159647189116,0.45605509711679876,0.9285710299532282,-0.4483117037493225,-0.2011212517743125,-1.9088313177991043,-0.2039257429115881,-1.059279257999662,0.8322870200019207,-0.011279134856334826,1.0307999859295984,-1.3171068391188039,-0.1464813644904474,0.9416533529078328,-0.030088274670761018,-1.7739133020408588,0
1.1919046020639965,1.9119879416179797,-0.03213050376741964,-1.4901183430204308,-2.5775701593098317,-0.7153850527841191,0.33887922852085,-0.44565080288381415,0.5890082286180321,1.7480214504724978,0.8739318809395045,-0.4135340275794105,0.32072022832138125,0.22376672207259773,-1.3247802899089018,-0.38869963450533024,-1.0825654498846036,0.5121606631314952,-1.150721933104422,1.363161042335526,-0.8888496297585429,0.4471783195314674,0.16155479198243455,-0.6814654260726009,-3.125122063298011,-1.249178102650051,0.3882417552030619,-0.4526895692794027,-2.458995482879534,1.6309327042697173,0.14407487547538106,0.28153192276113304,-1.0844891668188037,0.004402938478927492,-1.3412630262143124,2.4947643748529496,-2.133083243224409,0.6052901728608489,0.6411223549771856,-1.7432824680812666,-0.5789072185532655,-0.7008372705846517,-0.24218802022594976,1.117371173481038,1.4782119548676085,-1.0402842024505,1.774792344331196,2.298201396284052,1.5129730413303109,1.9463422856508867,1.116630391163868,0.32251513004704063,1.0755596328517676,-0.9914502783237292,0.4572133857698158,0.23915685948623877,-0.8068055375080505,1
-1.4098703923627016,-0.6062898432160931,0.7157511500166949,0.4153512653323436,-0.9314949404697275,-0.6559575629881761,0.9811725168911811,1.5254633271928775,0.16681340903222014,-0.10509921305151207,-1.0877955333356826,0.46156619601258264,-1.356107357967955,0.48682354374111636,-1.199109734710029,-0.06837141575357845,0.6405621907806842,-0.2143984168200034,0.3646100815411462,0.7734384906883518,-0.7669395565072755,-0.77468132205233,0.6402913468808091,0.5257654091622276,-0.9667809690850303,1.6727006521057413,-0.5474768385982031,0.5010891016811151,-0.2073853418320498,0.3104891436507861,1.215924521359089,0.13465145300101397,-0.10351930826166097,0.14054083562541295,-1.764366906629271,0.7712435286460843,-0.6696276333183628,0.711414978511754,0.3711024538221375,0.5832999905657898,0.055531246721847935,-0.4400126140184851,0.5617673104953875,0.5216724883410753,0.3444824975729982,-2.7134376549488795,-0.25817253005521495,-0.5687617365102234,1.2962584425150179,-1.319659891413829,-1.5019581407958222,-0.7923116734333568,1.5122459064220728,1.2073040581207781,0.20951925610535052,-0.7773784797779364,-1.144666650399377,0
0.12319756553590523,-0.6893782451293217,-0.638977823174678,-0.051431880113409975,0.6467546861246207,-0.5622428399095701,0.5941650380482965,0.21199635016109028,0.062443621368396054,-1.6209774871916087,1.1512213667538276,2.2842173347483925,-0.37230701493051027,0.7881238515644804,-1.1064830162346426,-0.678818231239713,0.16524783102322374,1.389161078429523,-0.5836771175194498,-0.34959473672047736,1.143403784795508,0.7345623128840035,1.098365344230528,0.4097111420553734,-1.1167610179150924,0.7656008776856806,-0.07313635413328107,1.0135680564106304,0.4154378601162858,-0.07423558265973965,-0.3426507255991787,1.1367168449774243,0.015912663265288694,-1.4229371089940825,2.107361431443736,-1.1465569581071722,-0.9452326543478813,0.6910267951770712,-0.04040144477464488,0.0883818963835723,-0.7036804320797192,0.2592171635364372,1.008893051767395,1.912435170359597,0.7562940588981762,-1.9495771258379688,1.3934515442375555,0.4265382349802999,1.2807246377062578,0.033930524588705824,0.38369296715127216,-0.13964992629827905,-0.6871017128556627,-1.9892032695815758,0.10179556234106578,0.8836229045755825,0.041899999831906135,0
1.0784494159760651,0.8891365628525938,0.20107163856459115,0.4419791379278705,-1.5556630316729987,0.008049784765797959,0.004265373195574857,-0.721076391810769,0.11769974853099396,-1.1562003859512309,0.8035493662873836,1.4377414441714822,1.6615646201977479,-1.0416558244320249,-0.06604790617046344,-0.04245383262968317,1.145758153640587,0.6433374253287569,-0.23921491921343865,-0.3355822737422066,0.621742048857174,-0.43169663447920087,-0.20476654771146968,-0.1752578968491316,1.0464506392279729,1.7866712032557714,-0.028737074718546352,-1.0205837548153658,0.5284612825089245,1.1282321129737534,-0.33815177023338094,-1.098435360948123,0.43717372962479545,-1.335349747771282,0.1513004365632699,0.12445089928931516,0.7562944154197703,0.2824415768692231,0.26717339292856523,-0.08524379628329565,0.8580844237226214,1.239783745737983,-1.115153622500824,0.11629755108304463,-0.4199519886169051,-0.6684853852503574,0.8057302877657503,0.08974576113452624,-1.802621984842583,0.7276352612454775,1.5213356985341542,0.08657836154922402,-0.287958886932763,0.23722432215816577,0.5746929578289892,2.47919652829014,-0.27151692676758704,0
0.6942773881490136,-0.18960280318429343,0.7870339870078749,1.0709013143108546,-0.4466884299077212,-1.5712022323656962,0.5216881189261423,0.9066426025661529,-2.106394016282367,-0.3963739087254002,-1.0059679733323956,-1.357251672842319,0.3606484967879415,-0.004410816437447473,-0.32975747389264076,1.659335818741887,0.11004170985707168,-1.5643434017040987,1.0938924125153722,0.9889509951075736,0.4832205398603513,1.3998769764110521,0.6010114499043017,2.046392092266224,-2.5280081652771993,-0.6710897573457564,0.6012785431189852,1.7135781403056882,0.7741980569278996,-0.7141625917481816,0.6937256107362982,-0.15863553288632876,2.0566018608512895,-0.26038119106820873,-0.24691639080388314,0.06289383935737097,-0.7821846468269243,-0.4691926999136848,-0.1339591507888048,-0.8078374806750269,-1.0358360897145662,-0.8159973051102382,-0.04282499179738096,-1.7103188207013933,-0.035128728539107,1.4232203447776548,1.3151133273939501,0.2250547660766523,1.5866682912060512,0.9371057939658722,0.7666398580127745,-0.33930626053852614,-0.35647487791901006,-0.47571672748442867,2.40066051416517,-0.36595509502130597,1.1832163070017556,0
-1.0571822510732805,2.494913411247403,0.8744716528491939,-1.9922962082535827,1.5676739489149576,-0.22553257183763864,0.31307999486339794,-0.9522907663958645,1.0596237828553365,-1.051331902149917,-0.9350624297320643,-1.0546573878206966,0.9579001569251785,0.3732586402853393,0.7605219505661868,2.0802610897577236,0.1006767168568278,-1.0337944916073345,-1.1667045241388903,-0.7088737604833224,-0.9910165890009872,0.36065765013371626,1.8721313099169172,0.5810061405501186,-1.1691635751752174,-0.07396317615995365,1.3863425013010982,0.6151998136445529,-0.4696069120771766,3.6474391649342137,-0.770426849577876,-0.8184668755435456,-1.013691055092516,1.0639002795634998,-0.7965212782991173,0.6680043774774951,0.21533529951299077,0.3211251553895296,-2.724533523311182,1.1296438178129764,-0.40198206922756174,-0.1318803435810209,1.7159311097607064,1.610745208810038,-0.6510422135817033,2.9472171167264096,-1.763611153770027,-0.6805691339098205,0.3521230487378146,1.5740113750529117,-0.31893978289682023,0.44975678860273116,0.29750192725603025,1.0050229001407631,0.9946610564832161,1.3826533446826306,0.4243391913728416,0
1.3586483979547337,1.6571055646970256,-0.6593829101619526,1.7931282274177882,-0.1589640783936685,-1.2644527422049914,-2.2596961057444007,-0.5205245069432124,-1.3211792055545812,-1.0160105270285826,1.67394525752927,0.06226198014587872,-0.7851648310576402,-1.4578790046770636,-1.6578866588929957,-0.9438236500463016,-0.9263877356099286,0.9134864659881767,0.541103655985486,-0.14631261672312856,2.565906106069126,-0.5735995538037553,0.560187698771641,0.3603873774102511,-3.372015108011454,-1.4547599428530857,0.432765607982703,-0.2318189185046524,-1.084342042518153,-2.016927952273604,1.5220075984173167,-0.4171008706934275,-0.5946650849067543,-0.27365310002443244,-0.38168785718344866,1.6424505155808118,-0.1226418280263394,1.1467849970168997,2.9212149938390306,1.2810819879277069,-0.8266104918811344,0.7768930705427943,-0.21670515505142862,-0.5894035757895207,-0.16665291550297676,0.7405869086302047,2.2308758970718587,0.48392645451430577,-1.9205339953331673,-0.6009052649603788,-1.198419470585687,-1.4990917779007564,-0.7635809561410998,0.6687291198871669,0.6737974224386698,0.7501229035880528,-0.4858188027940711,0
-1.2312798768818967,-0.37082141311870476,-0.3704038545120343,0.5293849422877126,0.9362619685432734,-0.04740492355343804,1.4371677313599456,-1.270197324624327,0.2849237413210873,-2.0340447423111536,1.5543350165376757,0.5757430528058342,-0.5338865237243897,-1.4161257924320225,-0.5168363123013693,-0.07992884154679651,1.2626261703012187,0.3145098940542353,0.7157666175259223,1.133183637257136,-1.174026684056081,0.8404086988802103,-0.08608670763706802,-0.3965874267675901,0.43559360630650296,0.11433065226352017,1.154226324997331,1.413224078055684,-0.05522385199597988,-0.7334993840443098,0.7864318772096804,-0.25513951096088755,-0.8181050653167364,-0.2007054568452011,-0.703253235195958,0.018761674122838575,-0.36990243796584904,0.9688241427771905,0.5538433244057304,1.9229353113419327,0.016389504428982626,0.4405168793831064,1.5380704118095105,-2.467925642065111,0.43735461140753434,0.3724755459405445,-0.41313337082434115,0.5234314494522091,0.5642542416308292,-0.10573362489094633,-0.11836857789852397,0.20125202752359453,0.7966370696956718,1.1997585290758208,-0.7941419089531327,0.9906285685880063,0.7603141797727749,1
-0.8141154873022134,-0.2855862750011859,1.9505571653568523,0.1974737280375924,0.5358641297750115,-0.22884423661541892,-1.6978926793974214,0.9536693305667585,-0.4825150483593688,-1.8006378145983923,-0.793919885035565,0.6785452397014293,0.771143991020461,-1.6135554981909004,-1.0480192992493844,-0.25262599317893225,1.992842238484159,1.7931521927335279,0.5056383406277436,-1.55707103052251,0.2508988323034396,1.1556595278371202,-1.6307447272950137,0.35316795536514556,0.21973587105968057,-0.7976136861028011,2.6412528986468975,1.9890100324440656,-1.1363287169569571,0.3553210567648823,-0.16749503656119613,-1.2916817823620066,0.5228845292014062,1.0108306774344524,1.0299013565058248,-1.407208350595551,0.2573347780025077,-1.3923879321363077,-2.3727858470537178,0.24523137780944962,-0.6780716859277216,-2.597814964945409,-0.7949319303175715,0.2469751466356869,-1.2483824503598429,0.9458658620331447,0.30735918422563757,0.5052388200041117,-0.4272413566692349,-0.37190811772164134,-1.8254017344591775,-1.2546713444624003,2.0268196150058997,-0.20804085389945862,0.34388755469320637,-0.37323938486870145,1.0654583285968373,0
-0.11309262096652914,-0.2547870615591077,-0.4964432902730365,-0.5241797041582564,0.9764804279652824,0.9829764125102303,-1.0747482348719304,0.7760398181034653,0.9919099548297577,1.5634549126551591,0.6578831987948275,0.6876038396457074,1.2940274045747067,0.4579745145791684,1.112517999995841,0.006183840599054348,-1.568924699089616,-0.8339770722479593,-0.8086847176227381,0.6272404807740919,0.033632873488685266,0.5163957234466876,-0.5860393273143554,0.22722816232905413,2.036483004692014,-0.8245925490835478,1.692095930179692,0.8235145253951331,-0.08919921145620793,1.9414842467763067,0.48164892844276536,-0.852926077680057,-0.4292600596326722,0.18497827622092958,1.4416258758146245,-0.27721274192216666,-1.0866532798960118,-1.4860323396371165,-1.7400265647211974,1.0550552416961334,0.05142385081228401,0.380785076332954,-0.3709661362927203,1.0104082803371472,0.4014725163862353,-0.3599817533202197,-0.11732138095465088,-2.3473609921742122,-0.46265665363805136,-1.4105564907969523,1.07085455800014,-0.7468577354842957,1.1797893545371423,0.02619925980755383,0.5357915416255641,0.25249263899814606,1.9580530348362484,1
2.216610410317161,0.609519814845274,1.3059829788199757,0.09716805691135107,-1.645372419572585,0.1891713102574488,0.21518018525855837,-0.0018864987985493516,-0.1059940830757423,-0.042408646040852725,-0.975498723865344,0.7040085068035707,-0.08793530416075214,0.5898823754214859,-0.388821046220484,1.0173754500648267,2.9118507601950623,1.2532752077946665,1.3760294987634634,-0.8829318387116933,-0.12405424840941659,-2.056423335326989,-1.507726011799942,-1.393945963024076,1.4437231497537308,0.4192222510596691,-0.08446895252570548,-2.6023933842526277,-0.14250313463180417,0.7630978919411753,1.4440105817232163,-0.02662628582957488,0.9576001538938873,-2.3479948756764664,1.0697507930562524,-0.10686578450869597,0.6459387890636223,-0.5218682777328606,0.046984638284394,1.8504878370582123,-1.1750368100643909,-0.39887779240437904,-0.2599685062684123,2.8387813704558416,0.5411236610539102,0.9261033993242961,-1.0839303013327855,0.05557454912063907,-1.2828310575876836,1.0926529469341093,0.5976938751953068,-0.39159905463423406,-1.5004256328087886,1.5491026837722546,-0.7279993017018243,0.17327830457046497,0.542462882717894,0
1.0380359899686633,0.3783256694967924,-0.4610460609729311,0.017095899400109773,-0.027315768552967003,1.0150982505210846,0.4212096149480443,0.8466561389433047,1.454598686148905,-1.1720661409128768,0.3050022883446111,-0.6186211783612391,1.4395416646610764,0.2994164376239667,2.48531074499077,-1.14513957678365,-0.46059775488645466,-1.458187718740285,-0.19074042922522955,-0.866371491659238,1.393441363798225,0.49579974313905867,0.6956222084629599,1.180196984667973,1.7733056983421593,0.6645824861536903,0.40888604042116977,-0.8344089170044177,-0.3429640186255706,-1.0668410591704351,0.1014212426358306,-1.4111147476787873,0.2324197048845218,-1.204274675442399,0.15355238238162913,2.0122286828021143,0.865270815785213,-0.22541026990166488,-0.3056138451935259,0.9643640043555431,2.9286715883080965,-0.21299982388949704,-0.34714816997394593,-0.9051731103906201,-0.9992393267121948,-0.5530161650430107,0.19256944097090323,-1.3730405591864476,0.942167406161579,1.085829444761702,-0.6291602129064404,-0.24351771860041807,-0.1516032860828082,0.8217871860679842,-1.7305019862573934,-0.4219301195526115,-1.4323835595651824,0
0.19972963995881293,-1.4844727194674183,-0.8588278991209091,0.33430904718919324,-0.9345014415738531,-1.007438891404976,-0.7254511955933111,-0.7369552843986675,0.8006012071228844,-0.2541735628626618,0.8416072044734815,1.6555549803352987,-0.27193658948765265,-0.7865973693646869,0.08662017192318609,-0.5273881138463407,-0.578885211252064,-1.0890741098170476,0.8565265094485458,0.3966377693207417,0.7366358336062878,0.8213577930173058,0.0778415363017869,-1.4103757156701238,1.0504334855237218,0.8983770791269917,-0.8623932213982128,-0.31723924073930565,-0.1188790048658896,0.29071857463082557,1.1741568844334667,-1.8076921545000402,-0.16065605086766613,0.6651968689921872,1.3664649673021576,-1.0780723094299034,-1.436742921575501,0.7305324368498717,0.420474973333986,0.3599172013862366,0.5536693723437407,-1.740591645650591,-0.16949843245932072,1.561273882805986,-0.8658761710679077,0.644175850448814,-0.9363049556326668,0.44808931083084386,0.126629167381246,1.0463997867005934,-0.41246970719233433,2.513591876070697,1.1248760911551048,-1.0317445786542423,-0.17711673352739649,-0.1815161003532373,0.8136680956750395,1
0.057968898286782915,-0.662842084174328,0.8730490568305111,-0.4202147265260421,-0.43431548112513935,-0.14937868490922954,-0.4423887514828702,-0.28766600798287795,0.48998209376013857,1.261724487679585,-1.5172090391631707,0.5581456517722444,-0.2024077876769292,-0.34914496207910706,0.1400348417803358,-0.7580760553703693,-0.5364657592076248,-0.2920328191548797,0.2321561334262215,-1.0875965200104054,1.8600092364213443,-0.20305087344281558,-1.858013357411657,-0.2752701344661227,-0.480320064248023,0.43861613365579555,-2.763071540754221,-0.10170717286793167,0.08864969797747334,-0.43080431913994227,0.2560356660185088,0.4006446265534321,-0.35020629537112874,0.9618067609926636,1.8521506063385176,-1.2983041494087557,-2.0172507672062063,-0.21921360411723745,-0.8857998192482865,0.813055784539247,-1.4660727054020228,-2.546745450902293,-1.3977540693683927,2.570968673905586,1.6570795140719223,-0.26310846019419537,-1.490095687662756,-0.883605231937245,-0.48616109105003563,-0.8602347431025175,1.2779019768894584,-0.3396371984411237,2.654550750768931,-0.6959952850715692,-0.5318768412568017,0.24904919429463046,0.3084114785535338,1
-0.014386944999207006,-1.0238056263265394,-0.5946725504491505,0.47545544498427855,-1.0396963393337386,1.5793917115536091,-0.03245631110730633,0.059670411259488305,1.033993493056467,1.1563058016212242,-0.17511852742139372,-0.6833207742110817,0.38372023517503506,-1.3140382575661198,-0.1677824623756946,0.14952247109559533,-0.6956218606363367,-0.5114247040869041,-0.40060351582456255,-0.11597680751179235,0.5888423187662148,0.9774416900502766,-0.8827941416035708,0.16380007955645495,0.9830899890187791,0.3125631113740706,-1.4131637345325467,-0.9531178794509537,0.743130959677911,-2.4073548440427937,0.043024736438546686,1.3598322043748055,0.38579963041297644,0.7783679872612027,1.1488700444951137,1.9467776744233627,-1.1268567594873227,1.3919739462615761,0.5795076356085671,0.9846782024011613,0.654691584241465,-0.6093000313333287,-0.7865662515259793,-0.5991933333395083,1.36314717769587,0.9886675828914767,0.2073491027527128,0.7162880744462544,1.6209709607162746,1.1638168141513572,1.3611178945374045,0.25035839085213046,-1.8052021814429011,-0.5351166250107762,-0.9618037017763985,-0.5267615469750079,0.16361381300693026,0
1.0989339874527542,0.27537372454926556,-0.046711622224581494,0.30209026910116266,2.965392885140554,-1.228262588610984,-0.45157384852330296,0.6483624288114043,0.7393486694682991,0.7154594488987743,0.722079012284777,-0.76103189676346,-0.8704404001511058,2.2535130066981903,-0.20470498403333265,0.6709839493069948,-1.6375919569968258,-0.04622592909432336,1.3229031741947037,0.11534581818550978,0.051710318020089914,-1.0822387963782927,-1.1637639752719955,-0.20077904397207622,0.17825992256089837,-0.222345581011168,1.0508408069651334,-1.0078067940027586,1.5121802427385103,-1.0705383416916567,0.33062478079659247,-0.8054330899144383,0.5536384949612505,-0.6229202189451847,-0.4156215933771222,-0.5780762179455547,1.1036921316627575,-0.40211866072207986,0.8374727334442263,3.501791393788689,-0.7267698813667957,0.9226293040919047,-0.7204182693422352,0.8897207820533123,-0.04411811281646117,-0.4950158676244408,-0.8136734931218661,-0.7684584749204393,-1.4699424364747506,1.1781632832675641,-0.2934102640786557,-0.34108367725329736,-2.1942691839054964,0.7010687895119507,0.6086671371679634,-0.3392033349690372,-0.7059080934134129,0
0.7861583031788225,0.37739715985535277,0.1120164006606749,0.04554364194994017,0.19979505540988013,0.8003520982919026,2.4961803789792536,0.12565811617032782,-0.35180917527878486,-0.08398932863642503,-1.140910665500058,-2.020055208086378,-1.4526376216782513,0.7540136879378738,0.8302670953929325,-0.797852547410663,-1.532407149391819,0.3063340016871067,1.242599525497011,-1.7854901082603776,0.11572774457320797,-0.8694154408129097,-1.5491517314869334,-0.4931372901196671,0.7569822545472673,1.5236392585371576,-1.5350518883311057,-0.005222808695012568,1.1690130672208183,0.6560030802342702,1.9567557696042297,-1.8680319154714795,-1.6894682074908265,-0.17264988976501472,0.12642892312432075,0.41194714094109774,-0.5151379621286083,-2.879966841069049,-0.9008989850558724,0.016385320039919826,-1.2164830184736635,0.1362336965400518,0.7090670618367291,-0.018966812190556417,0.6169104450580198,0.18663751219254385,-1.5075532411570514,-0.2442958716232557,-0.5958569927394082,-2.2642476937421017,-1.4264004620459654,0.4527570112192795,0.33449465989135013,-0.01995229584017796,-0.13279493406356496,-1.2650991543986752,0.3494732437819181,1
0.8084230715761686,0.4570532202165143,-0.43589475242026016,-1.0232480240071218,-2.0498073089931217,0.11486379002732662,0.004936396915776027,1.800457144975421,0.9602721151885426,1.2875982622566937,-1.256630761632976,-0.14633409643051296,1.485321401789112,0.2768433649133876,-0.42790319605855814,-0.46945520048460476,1.4626999885096639,0.2532146048059627,-0.15455622871537977,-0.26477509668785476,0.8980805358139353,-1.7872102318143983,1.2462433426661503,-0.6149963035884535,0.994272457055705,0.614106177276163,-0.17471797182257637,-1.4949870431442247,-0.8173354885454958,1.8499228123727887,0.9517888949555953,-1.0526460755815934,-0.5315986278583761,-0.22885716000954903,0.5805199185634936,0.4866038013875244,-0.3870365045093029,1.078410296463819,1.1268581548540881,0.6087540448817617,-0.556135489934814,-0.8209170491619461,-1.6610276857148112,2.0024809769413507,-0.5183896325484787,-1.1154206813607643,0.3618501492601765,-0.27093793135599836,-1.9945045054894774,1.8194865145141899,-0.45450998014424504,-1.2467114992704595,0.4815293321612815,1.9692826451831649,-0.8155359497048488,-0.0908785668526981,0.3497877338207709,0
0.4007458569097592,-0.6175933331111703,0.4813202732777188,0.10058058562254,0.9020120153988105,-0.754914116263149,1.086206832097913,0.5779536121777101,-0.31207562238503384,0.43753698111596967,0.8119247170706643,1.5614805840054182,-0.2553559994566055,-0.6175583802009516,-0.9294266962695876,0.31547000770504074,-0.1904346935648504,-1.242634105179344,0.1272883253622692,0.1444285524263095,-0.9201865859777845,0.14729039446426057,0.5215004972841396,-1.281648468598307,1.303412223958115,0.035282841592801234,1.716750556659573,-0.5327079233595364,-1.2719732847633327,-1.1194426411912088,-1.3990197571582872,-0.8747124043063929,0.24251099480453855,-0.16637424896189906,0.03654705122556108,-0.8815766339341468,-2.296116050591955,0.35436018029948796,0.9965808671806681,-0.8336658036765028,0.6786213886542544,0.18608093147170288,0.8021901027334626,-0.5831225403567448,0.3457862971775045,0.9164057919045004,-1.135253302833841,-0.21691127619732853,-0.38059180927425595,1.4136943009382912,-0.14445903527591514,0.9403609807018032,0.2724460057123389,-0.5142132934330554,0.7821304154865505,-0.675702891332179,1.2400618094734903,1
-0.5291950091596744,-0.12729767264599726,-1.9877076689377415,0.04073487779300197,0.10511446174787928,0.5534267704413086,-0.556861330583179,-1.2258664982068341,-0.4731979105880593,1.5972621603582369,0.13082677563046596,0.617880295700279,0.4456873457555307,0.8455131887573898,-0.013480514573881525,0.7064977685971551,0.6429211368719349,0.5982913643227661,0.22588965140742484,0.026541587183116624,-0.42277607366398573,-0.954276160875664,-1.9657067111648219,-0.8840688775413201,0.8351878747059616,-0.9955454601291394,-0.44443329321987685,-0.727081732778458,1.1270243182736146,-0.36843846818248,-0.47228269423471325,0.48463706765355863,-0.5277010339826745,1.6389184700835049,0.11731619465913719,0.00852673773875244,0.3021575919127684,-0.24658708007272853,-0.012525763205191049,-0.09506849739259116,0.028109287619499008,-0.6609431943374695,-0.8352423188100657,-0.4298566277876726,0.3918456089359903,0.5238511202875509,0.1662660493263063,0.65580660643561,0.4586137948030585,-0.4664006681628079,-0.11567634829662622,0.23926677679236819,0.6580782273766629,-0.14346019763277534,-1.6126493663159422,0.9333485694232266,0.41136644039684617,1
-0.7056960164244522,-0.6351542345878517,-1.1337449179610575,1.2611694343101076,-0.002325880032992135,-0.9917435238119149,-0.6550341715099973,0.7829778311099095,-1.5671714794705047,0.7048963162615585,0.41246833170462693,1.755626308607668,-0.15892878087376408,-0.18096675616713792,-0.12852720380784854,-2.082701225994125,-0.23102170539831773,1.5217992118414803,-0.27753249512463546,0.018733928493574917,-0.6983318357490964,0.34237294916786015,-0.06761319077891806,-0.9392351656677773,0.3186535454464046,1.6928893443837405,0.636738755847216,0.3061382761747251,-0.5594876185713097,-0.9695726503172509,0.88443839500443,0.12441060998499162,-1.46065020320885,-0.06663264343611969,0.08166925659722303,-0.5021794160219079,-0.7378849630365072,-1.417540924274565,0.9349086908798726,1.3400400815557338,1.0746884242855352,-0.7526106863426412,1.2611581949948538,-0.5361071662889104,0.2516262981513515,-0.3192203687505086,0.39960280177828666,-0.8428348340864368,-0.035603623851554946,-0.8108896894975376,1.1050759076696026,0.2120711633229325,-0.8114158374950304,1.0170314729680165,-1.157110194393872,-3.1804211333170893,1.1211140771172632,0
0.6932193968696848,0.4767887788244502,0.25225195166623515,-0.4049813596685738,0.33860947156824484,0.09881978116633745,1.1724862291500904,0.9889789319647884,1.0534152247090935,-0.6564079090814379,0.05035101626053737,-0.4713342117103729,-1.4396339206980813,0.7549804856529877,1.2795061526630866,-0.31096036897530466,0.5545025611732215,0.4345061515727487,1.315751431756469,-2.630722990420366,-0.7378265903191701,0.8096817244485497,1.1987958946071597,0.6665273733296958,-0.6353451959117296,-0.5821005016914804,-0.9012915453210354,1.7435698100898083,-0.6673742500692144,0.6702673102840366,0.5033090721605589,-0.31780521751760915,0.9272720401616023,1.24016824778462,-1.0770734861636133,1.4304181853843745,0.34872050140739813,-0.8443835359862609,-0.3079838914902998,-0.23754211704077272,1.5518831733617484,0.8569449015599474,-1.4343388582726515,-2.534509006742359,-1.0757432133724065,-1.0123367734294775,-0.1878569749858733,-1.1988996789792639,0.5544343182092131,-0.9623936991732914,0.4436847426421772,1.7127331637735879,0.03476544418839662,-0.2991788655551801,0.5103486768477518,0.6985531531206979,-0.08664966898492298,1
0.35650118640616135,-1.187212151157609,-0.8831782920688385,0.36733080666049944,-0.16881873232082892,0.7569707449857288,-0.9021632573116146,0.3770753385592167,1.839907029654958,1.0350031460172155,-0.07886655469633393,-1.6937195962989977,0.9522325760274819,-0.5299978745790691,0.9812260599678275,1.1755271890205068,-0.32679803530520163,0.3490639691472657,-1.1903578346674362,0.32142563422085196,-0.5683567688499873,-2.9624803052538233,0.23079680486245485,-0.7377796457944761,2.274388100468908,0.9234875515501423,-1.4026039009655333,-0.7137381288717775,-1.17566250901567,0.05077058614558254,-0.631758459551526,0.2948050817439138,-0.30489733884210163,-0.8060826724819002,0.01308571620537555,-0.1895644100038253,0.8472621553463279,1.1755534777206489,0.5821277643655502,0.11287669195028262,-0.36222302445304727,0.43651812354002784,0.455232064390189,1.2712188431483102,-0.13768134102963864,-0.37999845918113545,-0.14362777825553097,-1.8226287737079996,-0.4583171453785254,0.8773527383726245,0.947609051609966,-2.3072578065071694,0.10090482835738415,0.7717148019929999,0.10342070018806387,-1.4000568395453277,1.7704203052930478,0
-0.15410854233236165,0.9382610504272709,2.2413098678625585,0.2679958729368486,0.34084851577573755,1.0828762046418337,-1.1276700265850261,-1.1766396265247392,-1.8386588089233147,-0.3150516264714943,0.666291815411753,0.9535166683144402,0.10294283358860716,0.2712679303897094,-1.6117895674855378,0.9418887922907737,0.5826377667367344,-1.683608701989936,-1.6614486536789765,-0.856240820704317,-0.8632948164649998,0.34836243618271096,0.7965009913088714,0.15739771214427206,-1.4424627499135871,0.7501721645704368,-0.7010919473998388,-1.3715754601141845,-1.8469434529401414,-0.7438719832054239,-2.4092893213506206,0.2769385866868182,-1.0849209003864362,-1.210863695486599,-1.7575783058147612,-1.3367664357738982,-0.356548957452794,-0.4162347579435737,0.07453988273694565,0.39702873767662566,0.42691213932085914,-0.16386459365531858,0.15062867605139285,-0.19060033923432426,1.282400036687901,0.2827731662718831,-2.83609025645752,-0.96548285239127,-0.8834602108863909,1.7873017846851422,-0.23529576877489894,-0.055284099573209664,-0.30857882279323623,-0.10143316212303563,1.2218233031300467,0.1451211879712656,-1.6026358340949904,1
-0.4401061693945262,0.9641227975442459,0.1098661798057988,0.19142299060483997,-1.8972690571071433,-1.4003649945629926,0.5685442325092139,-1.0373451824676112,-0.7590698752914008,1.7794296280084547,-0.7529047030207341,-2.2876555819548026,-1.2819173894506062,1.5685018035710994,0.12716343797604626,-1.4700509346051025,-0.24891008452530075,0.2015819068742171,0.7108498036518259,-1.287817367573295,0.0641450370673025,1.006523065045194,-0.7522996633333277,-0.7792572578968684,-0.3453294245323068,0.2221063264828234,0.4606270331739033,-0.5140346578781728,-0.3580919763316398,-0.48504693048295694,-0.8610675225079729,0.9945742098344147,0.37447005543014533,-0.2934337155854382,-0.06537935291004159,0.7024221931024974,0.37596766322608566,-1.2207027391831338,-0.3980883957493432,0.34558250206906926,-0.9577511285277833,-0.46235587638820325,-1.219298749484462,0.46169435552802435,2.6269132078892303,-0.8307971673728405,1.014840284471258,1.0407452170479001,0.36103957443797696,0.007274743523335537,0.45553410554640617,-2.1425533933851155,0.4877328312048296,1.475228445545081,0.06420082106643513,-0.6428897545636512,0.2897213969032942,1
1.4848186604523108,0.8854942583189097,0.6715677621673097,0.36993983955208914,0.4860455347731961,1.8303052151346264,-1.446433680481292,-0.7363546626814292,-0.6705009801332952,-1.565660571163816,-1.2015049237379403,0.25570856852415413,0.0694598856684273,0.21934210787752545,0.24646554832167156,1.203567239797505,-0.10711027287027919,-0.9469236469779198,-1.348545395857481,0.021469902576222305,0.4729161135847773,0.5509040442742411,0.62674397961385,2.0409267030394806,-0.5051839805452429,-0.11218831360038534,0.015057273086709748,-0.057148883783398156,-1.145625119361651,0.9940752190476111,-2.41083662841572,-0.32044748793759364,0.8903089418647832,0.17514795745868736,1.3396427020115043,-0.4687079126275395,0.17835969862727338,1.5735012390685172,-1.1239132938330954,-0.8529825753376821,-0.5488420062182237,-1.8689898147007848,0.39431999052778616,-0.864519903841375,-0.34023004691426145,1.4836134279028874,1.0041810523278305,0.0968758108384169,-0.10724664673621645,0.2643519094787803,0.29536559034575866,-1.800305855652623,-0.612857526919344,-1.4886168727448537,-0.6579994169988259,-0.10247186593994545,0.7541492632117284,0
-1.054170050694867,-1.8141381330134458,1.6730679566184823,0.467076064653957,0.9817301377059245,-1.2668974876411356,-0.7611303837556619,0.7048933527288649,0.5090827619539899,0.9567877044100488,-0.8357706079427201,-0.27859810396735746,0.2656490619686052,0.06317763952380609,-0.038381713214841524,0.33882488025986524,-0.17046678404800672,-0.7861953315442731,-1.0222330953943382,0.5770944311533008,-0.8438044028299448,-0.5365326490298861,-0.724714050941352,-1.114198957215053,-0.2691830212564226,3.5499111432135546,-0.7719983075963381,1.1328376280414745,-1.0088517264220886,0.13608471391640925,-0.11942371972065362,0.5847617847568255,1.7510524744035048,-1.0311272135006795,0.34184271290159424,-0.9264690214018582,-0.22262713399646894,-0.18258582071261367,0.27593775520516883,-1.2682710914195887,-1.3408396767041515,-1.9048506459459926,-0.19949636352976535,0.7388272792797468,0.6610125923448046,0.03859094430050276,0.6144965889724239,-0.22599968914374502,0.23469377121843846,-1.0051950088707973,1.464333058434562,-0.7598437935484543,0.3670569179904124,-1.0735200217288527,-1.8184219432316135,0.6350488576573333,0.8232545805292197,1
1.1792991652861222,-0.5274632558066453,1.061611315400983,1.2656507495024605,1.3509517559526638,-2.684579488299528,0.3649608768869155,1.481433508576441,-0.6960054466458224,-1.0407887181876474,-0.876068759771142,0.8577550072984007,-0.8416673379824301,0.1749406942537603,-0.654917523762839,-2.1195676389498224,0.5091980133299426,-0.9404059507902048,1.6042938857282303,0.933066369100189,-2.028750874787493,0.07654071667288231,1.8256515405538938,0.7125870238741742,-0.39046109655849204,0.5394259025924315,0.17834736585241984,0.7731522367836144,1.437653082009244,-1.7464816774749126,-0.07936089615696656,0.6222689404071564,-0.8687623629670689,-0.9172741992187593,-1.832053028350461,-0.26527369901182657,0.6876068481536461,-1.6608559353081958,-0.5517534067104342,-0.3006007100474869,-1.1290014196698521,-0.06370958806572496,1.1947433680531134,0.5693051080011486,0.06358748212750386,-0.29879540650465913,-0.12713951880473776,-0.3969113491572124,1.2684987857139307,-1.0618613053191595,0.72032049045113,0.4189595021891735,-2.2751361393529295,1.0653846626217927,0.8992140838679531,1.0281514070867839,-0.5590342996422057,0
-0.8512703523832907,0.6764836603167705,-0.8632594028104316,1.216612497464328,0.15065903425381902,-1.070582119071705,0.8616763081718545,0.6142482349307351,-0.1628514906595556,-0.9186411319277398,-0.4931405965474506,0.05064182706455493,-1.011961808713399,0.23294063988002509,1.0035522008246751,-0.6956481018602323,1.9287922099180668,-0.4215743440087845,0.15031924993357676,0.2635449144376796,0.8028833782690766,-1.8149980422319956,0.9226843816805667,0.4799112427628789,0.9383197412799332,-0.3488961996660975,1.0148726782712016,-0.11898020733375346,-1.1202124574906605,1.3918142877848463,-1.0951604108373554,-2.8258932873397433,0.6638422183721284,0.03332259915304556,1.1708796485103303,0.05813684251609892,-0.9429366983124681,0.6300369128946954,0.2927888162712786,0.4537519104564091,-0.5207887448653221,-0.6009828887302792,-0.2101280899621616,-0.8032043644909188,-0.9674524826116686,0.19172504290953493,1.260727906976655,-0.10253705173378319,-0.4803414967006485,0.12135864483039367,-0.8012600368992494,-1.7325803959347146,-0.545670457601372,0.3857565811241373,-0.6187781043273147,-1.1588830387124525,1.6085955981636242,0
1.1340050489640137,-2.0027159908021552,-1.0898475815538178,0.5899666892848584,0.1519002077588076,-0.11554327530955973,0.7018764748511966,0.4545142981035502,-0.3685143843238622,0.54951777613094,0.47990395669240205,1.416517585516224,-0.22905598594015897,1.1746703823701783,0.15331406155754207,2.4093218772421072,-1.6441108461953577,-0.9357180209646839,1.7504239151970313,0.5755554414334388,-0.8115815854877503,0.08123210739381152,-0.7185718970692312,-0.19256834045189455,1.7199076365887718,-0.2738653490004012,-1.3152465704161922,-0.27689289675313145,0.5811393629033234,-0.19549832878095394,0.751449346096204,0.6297483582628344,0.07295994865646684,1.4877295607069128,0.3640218638870098,0.8120345230346264,0.016199388298855436,0.6158048587076633,0.8901668353065638,-1.6671339794923854,-1.863788168426205,-0.7770030740952456,-1.2698677132467455,-0.030811188790786204,-0.5693245548579641,-0.2813459276246566,1.1969096168108795,-0.5195700297123076,-2.4245657584053215,-1.8155537792867802,1.7910055102701883,-0.09401905307948608,0.8594955114474824,-0.5452004629210974,-0.7512615461160531,0.042839239135819884,0.9220789362864172,1
1.0314186567204229,-0.8841816474307924,-0.6220331582076015,0.8383697952875161,0.1330739013477937,-0.30723116648469684,-0.6910490604932428,0.2215152421100998,-0.3289680830813937,0.8064616125503047,0.579208086534693,-0.2606826244467134,0.9364525040142082,-1.8462304477629379,-1.0726100560407152,-1.6247686938598407,-0.938030965892163,-1.2206743861962785,-0.5645867143081947,-0.5864731019328867,0.1801271138562048,1.0355507536847057,0.533697991575385,2.0838200603084656,1.0800657051079856,-0.5259440265778421,-0.3918559387911249,0.2973191373877821,-0.10810259166776183,1.1880469742258735,-0.01588162438350381,2.2682957905724566,2.2821953788015708,-1.102925684812984,-0.9725603081252335,1.088327015228506,-0.8841630473885029,0.14339244763516665,-0.784664602438601,0.10321320049812653,-0.4387189522099131,0.05687354550552654,-0.551195339302706,-1.1268663943515826,-1.4232148984259456,2.806460987590103,-0.3666895060340898,0.9934792048120997,0.23584640797117534,1.5657492548583094,0.503345699152983,0.8913302871348714,-0.10417735884184182,-1.6487301498548028,0.4605919510826451,1.3090673511103883,0.8609502977763419,0
-1.5958486892886277,1.7375996898540391,0.5645061689038986,-2.4930274216733714,1.675274417395412,2.9768480628759018,0.34560929485984526,-1.8708550659273404,-0.0027767918161567835,-0.5954631246038569,-1.7108064126420661,-0.657714657790958,-0.44611938862522477,1.3286925416913484,0.634179995643796,0.5203253309686292,-0.8584370940090437,-0.6303951210291472,-0.9085964189868773,0.7705021544486026,1.0220087562486895,1.499086496109741,-1.7383956439156871,1.1841509741300833,-2.49993966952309,-0.6858073959587178,-0.5792132183793481,0.6961740788738475,-1.3849631411845136,-0.4942471364835204,-1.2604482667567771,0.2367700244306598,0.03436313460764953,-1.327641757380336,0.6123943522661414,-0.17770764208481488,-0.7821269325738334,2.391881981176307,-0.8161178595292767,-0.37003076757277464,0.7466254373662707,0.3065855879337862,0.8324082627720996,-0.2958415176117968,2.105571505845464,0.42818110772038026,-0.5262634618643868,1.3664685983857194,1.10695132664734,1.418799529778997,-0.09153964839371508,0.4871010221451432,1.4451346281662287,-0.016820366572410456,-0.02706167472454617,0.7165403063026532,0.6942106312976762,0
0.6696992301781356,-1.691069621520137,0.30361048273143937,-0.05809498375938537,-1.0486151139961897,0.7760201203806422,-0.49717956205785757,-1.4226658142811874,-0.6814343669686698,-2.1418678085574148,-0.5684637554688864,-2.0633748702588517,-0.6289157196250251,0.9912220011776637,-1.1283015182573046,-1.200518498642639,0.29669409345868636,0.04778842466184379,2.5693612806284905,-1.3298411014619032,-0.3801755539783913,-0.37901778625649146,-0.25518457036002673,0.44235450665640086,-1.0279353979703292,0.58040666452829,0.6734181262175372,0.5400459002078833,-0.5271705501205226,-1.93746036927152,-0.48018815203886406,1.0579632295028323,1.7433457228810292,-0.21770375970972916,-0.21277776457969624,0.10206300742343621,0.14693383809339577,-1.1091203285849376,-0.3362595583626137,-0.4044408539936663,-0.19929789018326027,-2.231218025941045,-1.5045583714585147,2.073104355626951,0.4102578662825149,-0.9782518721865899,-0.6813742782723201,0.42061583733141517,0.32172179260754863,-0.9609696706858263,-0.1835170746415441,1.7027384278174487,-0.16278342379448085,-0.13191806075112011,0.5730481108469733,0.5830384909777381,-1.1485319514057648,1
-0.09202140015272169,-0.43580578842400675,-0.03006606116031709,-0.19709720211952203,-0.14084511065302638,-0.4115590047556136,0.32894569521556805,0.6992533017907959,0.5591780935319578,0.9153983066361072,-0.43175753883962376,0.6548031034589868,1.1855073848420774,0.46175644084342093,1.1459784650237286,-1.4503313463278507,0.10562442685127932,-0.7436197447124362,-1.3198914026755149,0.6610201778799026,-1.235751824899737,0.8464734256771423,0.5103576257737608,0.1689522455767377,-0.40836065169161495,0.9992382206102162,0.1311017225289195,0.4634189921597339,0.4911218594752365,0.9790502634704149,0.6768918418607319,-0.8798676175061819,-0.1368385343832795,0.9765640974220497,0.9621618379543302,-0.22803168628471412,1.135453141941408,0.9343654271541064,-0.3104320322740827,-0.03734981543953608,-0.7545541807681005,0.6455159156881741,-2.3057513661253792,0.6506890633401541,-1.844879268039399,2.974485480813716,0.6708842964640483,-1.3502611612083923,-0.3700961459824229,-0.2228581210796874,0.9776003904196946,-1.5017748559004336,-0.6093097613323095,-0.5715982901741736,0.045313426598125185,-1.711856903299897,1.2140107119686867,1
-0.4136872672115444,0.538489553654954,-0.9028902133435098,-0.12397649853176565,0.4204496213298406,1.6558229237812763,1.1502118927744152,-2.252441435107359,-0.11483672069738649,-1.0410630154063183,-0.033278746483069166,0.025238908918698153,-0.5245298010074405,0.9854621644262784,-0.20873982063401644,0.25333536085703834,-0.3097880150117943,-1.6009545166517183,0.23350465061665943,-0.08728405656920242,1.2457163732069194,0.09149214293674131,-0.05931580124148845,-0.35457921937774234,0.39282140771473295,-0.4693947846767317,0.5033401872193498,-1.3651633141502981,-1.4737995281969674,-0.2968994475298943,-0.19486443655081387,-0.6176413571854248,0.3493728927391866,0.9945985068487644,1.5471062690508552,1.6107181296125248,0.5760643667578565,0.10925056947042938,0.8446499331935213,0.1413858078896983,-0.3071098682301797,-0.273151530030502,0.7204294883280384,-0.05554492666701326,1.2325361696975032,1.2132382049064436,-0.17277533354760005,-0.5127293644309113,0.39107967880447103,1.5981429937005744,-0.13467947024232108,-0.5799483976086732,-0.255689849951475,0.5897302713983438,-0.7629968232433251,-1.138015977655645,-0.5867208598043046,0
-1.9760500391037907,-0.41296289690993826,0.11772576677954791,1.7895870000080514,-0.9353682482731291,0.4303919281705993,0.8411372234640295,0.3814469985790168,0.6030663421476364,0.4724169770458591,0.5665409726419741,0.7998910555368697,0.22040036339637115,-0.6563186407131686,0.6157436952527119,0.5813297561851616,0.55268956253977,0.10454474158110538,-1.0023843306516413,-0.638516543609381,-3.1141556544163516,-1.853810459321379,0.770152598006314,0.3736571958082837,-0.5498315581980392,0.12005997561357583,0.1944758665974131,-0.47078672610985517,1.0414813933315954,-0.4237091333269957,-0.4699998055556778,-0.17227942828401963,-1.0239312035140673,-0.8343406229177764,-1.9027921387319486,-0.5673989461429756,2.6320810227215454,-1.380151321174565,-0.948145625580346,1.3007411754753204,1.7415838925261733,0.3359685111306499,0.991984122412815,1.7287208696471266,-0.19017495390239098,-1.410482699114991,-0.27896184475835156,-0.7322282559769157,0.7323264009647065,-1.0508577425215433,-1.422173159352554,-0.7098788076465612,0.5759557329338674,1.7075755725475534,-0.09771602339542222,-0.01435825611455256,-0.40964264699908076,0
-0.050108240159855245,0.24012544731089858,-1.0366807144797987,0.8903055400514,0.5525154310360609,0.9031517179604411,1.1242019429342454,-0.11675591673181267,0.6440754300637165,0.2879866436704649,0.8001100810102603,0.34496027673638535,-0.09567489364331354,0.30900329751064404,-0.6170675853871217,0.7665414305153992,-0.574221432597275,-0.8112987170744254,0.7173433656072473,0.5941951527432302,0.5992980204042943,0.4500889058770629,0.5367651925293008,0.0837078530721744,-1.1775318065358231,-0.08743697736119757,-1.3614545287261552,0.42639377276509227,0.973905161651493,0.3886272897156827,0.667226502092531,-2.59478217033795,0.5654137898065558,-2.3575425495910585,0.05944273757526717,-0.2924442655238847,0.21503338775875214,-0.922668122920989,0.7953506910715059,0.9199912206310605,1.1057310142099663,-0.27563466623957006,-1.2555919961848017,-1.9704266894980529,0.22112391408777204,-1.9696035416571622,0.9204793588605092,-0.4456002070374595,0.6594603192030947,-0.15312217403731998,0.38134287141010703,0.3047860086588457,0.2345576826968035,0.12117053162526811,0.11282895791327954,0.3782848037218579,0.17030766098645328,1
-0.3485591366527684,0.2558888911844928,0.9048516096936067,-1.2745684723456736,0.2151661326991223,0.5613583333872405,-0.2763130912688112,-1.2329035249374298,1.1698983915403782,-1.1204954366052244,0.34418488832090455,-0.06115348184294817,-0.31214269269892414,0.7996567222899785,0.4455787989587312,-0.6382177249479198,-0.5573963925606947,-0.3471669427992036,-0.6248410272875867,0.02177910346320023,0.7051456520548157,1.9400347461385983,-0.6358439484328606,1.8339671756193607,-2.230328197361025,0.21975254445140452,0.17472458650560796,1.1780593849810606,-0.7145924410626079,-0.2578050492721166,1.0192555766758404,0.5632078020646304,0.22073547249523315,2.2024338142809228,1.287159954451007,0.3448311180832106,0.8588068202449534,1.2636592313411574,0.9802615849123424,-0.8676481910191619,0.27019483371353525,-0.12231498508001498,-0.4996366876198397,-0.09189431796186079,-0.2506283628371919,1.1777042279619891,1.359999185897065,0.4177609230232171,-0.06684163536075247,1.1900467392307674,-0.1816846963750261,0.7857558883144408,-0.38772611672949986,0.9393866604906095,-0.961396736113885,0.78855689184921,1.1457117862656059,0
0.013395873131190334,-1.3378989387092237,-2.019215920855602,1.102817786459045,-0.8763067809876575,1.380125250674851,-0.3956969097984091,1.0185397478743752,-1.3457520868356496,1.5585050191510228,0.189568965191205,0.5801467365913916,1.5043843723380064,-1.2535970721597223,-0.37650680521487995,1.3532590637348036,-1.1878632694509037,-0.9324423167527816,-1.0722059647027802,-1.4701708452441642,0.4047221952004483,0.55321873080506,0.02013812562244972,0.48099799777590563,1.2310982206248737,1.9020082760264165,-0.011334333337303184,-0.3730179793514902,0.31625504924581505,-0.23183748426098783,-0.6505082081397091,-0.22553998482083445,-0.6427149338366066,-1.6439510226329728,-0.17853514009790525,-0.026847919189613725,1.2243443084400891,-0.855463841214807,0.5294880161375453,-0.6494338730988964,1.752479974394888,0.5935049064072092,0.025335474125674773,0.0034753913415029244,0.08306206480248261,-0.6770561525270506,0.6854895730267851,-1.8478725016024067,0.28594919245332384,0.1805626431289683,1.2651635934590788,-0.947122493247393,0.3653637000704232,0.8214231832710162,1.17839305857404,-1.2899592955671133,0.49085366295315513,0
0.7101550707750632,0.9276574516623465,0.1471263255598473,-0.15989780355934793,0.4135006847223569,1.2413265369752198,0.3144236632239631,1.1492568585801364,-0.19499149653174486,0.6051870334031951,-0.19901384604392805,-0.5846393672512727,0.33857458189664247,-0.09798404650526384,-0.9494713942316724,-0.41339440610902445,0.3907500248734641,-0.2732023295231274,1.357096272677908,0.509602831680646,0.4814094357110841,0.7445691182606002,-0.7092189428008733,-0.5303292720011024,0.08518856640888635,-0.4191010537250159,-1.6075478017641263,-0.1758536416468382,0.09895163862387153,0.6878818288372351,0.056222778827508715,-1.2136107745054423,-0.2045229850150046,-1.9814115613773102,-0.4929828957029488,1.0853046164048157,-0.17634384535931907,0.12658396084447007,-0.19309606851826006,0.14477418946706297,-0.1352724625618674,0.8318802740764948,-0.5768172936692617,-0.592721828494553,0.23169418696017022,-1.3246876238008045,0.2891246802945159,0.5212814201246898,-0.9994915861707309,-1.7433444523350106,0.08475659720879287,-0.19363147649010612,0.4753720045118096,0.14264661933571768,0.5503642679674353,0.0873544210560868,0.8018883547447206,1
0.20361705295094087,-0.5740468267812718,0.3278600951643796,0.19108822710153947,0.871172975983618,0.22714260573845677,0.931435401950898,-1.1818701254077102,-0.5339959334706468,-0.6353201258378123,1.142231796522464,-0.10410504170284329,0.07103796397682455,-0.8509772670491561,-0.7859640105903664,-0.6606052437307132,1.2565418175721803,-1.8354954459751576,0.009647384865156532,-0.8520809763801391,0.6811598915156132,1.1464712080414559,-2.6065342389247546,-0.5610568885918593,0.3806594325544463,-0.36053549650301364,0.0381559765033937,-0.6465887715827247,-1.5227315174138962,-0.26708495212350963,-0.40959270987521534,1.2273263803066663,0.263420839115076,-1.7593508353179435,-0.7001962638162456,-1.0087047202202986,-1.1592126832223348,1.7113693957865914,0.2769495734435895,0.12657680417132006,1.970610906699703,-0.916926559161544,0.32958352806928715,-0.17786653381521664,-0.08901287897597232,0.7239992869556222,-2.053915094055169,1.2625922572649797,-0.7073380017196697,1.6218884461676497,0.4509558606918051,0.05540559878393124,0.20680118834245156,-0.2563742361002027,0.5858458217380722,-0.46683420933668685,0.30265350286415765,1
1.9217774777778633,-0.4302795568370794,-0.3279769048198074,-1.0379619055014515,1.2490582521961209,-0.6123449024111118,-0.8246959319341324,1.9919949415584588,-0.4880322201394396,0.9928833058090414,0.7987804138926105,-0.4953548838488343,-0.4308214370576347,-0.553302211723428,-1.2210011141547137,-0.24346719038804596,1.9186862298175877,-2.226601167204537,2.2350998747294546,-0.5459138450941958,-0.522609057094877,0.7244511710476694,-1.6275908663766894,0.4052383474867263,0.032714148375110864,-2.166823979331191,0.9003764478397277,1.0052867015986313,-0.7592447126215263,-0.7250677339008775,0.2940878539950612,-0.4566473774311622,-0.8375146706260247,0.03453162567267577,0.1129525252363454,-0.02386620337344743,-1.6436551982993375,1.0536952854288855,1.872914307514678,-1.9107054657559281,0.7621405934269299,-0.08305385931076675,2.4086324107114945,-1.2668533546696423,-0.010672027378085914,-0.39637705819568,-0.9495232880240667,-0.07623922655980547,-0.41544790363819273,-0.16454128454199807,-0.8432209455361919,1.4406785357771819,1.0215135991985616,0.47380898573868435,1.5646335065138917,1.3063369002743426,0.35650387985509197,1
0.30180040624049476,-0.3477838253316719,-1.310888802507052,0.9848515432995172,-0.4000788673595693,-0.4593347215241678,-0.3507522059935843,-0.913866195109747,1.3858363392958832,0.8715493011931607,1.389414860461257,1.1770863987004458,-1.768013546007451,2.50493015369142,-1.4048012213145986,-0.04776966180931326,1.7921592891908789,-0.5146288458026345,1.3508919369683605,0.22680577553565512,-1.464343317569347,-1.106306395641717,2.0205612358971052,-0.32235061617443583,-1.7414287085089917,-1.1455227715353435,1.0516720867501146,-0.07035248009011673,-0.9428081706796978,-1.8241861805378032,-1.1261606512609765,2.2561512886924824,-0.989058093836706,0.23466060708719308,-0.4367766273672816,-0.9806215788378262,-0.6635542734151173,-0.7805774241111838,0.9798427584280665,0.8512834955476357,-0.4870966190631732,-1.4984429649211852,-0.12362303533294454,-1.4064490703635384,1.5852263622220615,0.6416606098809727,-1.3821187677440205,2.392225914558146,0.32665052772775016,0.46100960575026495,0.6129570795691158,0.7009696681033917,-0.08019969263982038,-0.3072674750344547,1.875273563858468,1.784506779972681,-0.30488865724107767,1
0.43323065929181065,0.9378529198467482,0.5648478386853774,-0.4770352501947243,-0.006496458630519517,1.4976113958089987,0.8412795422026138,0.04975426574804293,0.5904384869456742,-1.0288402211047682,0.5762885722713879,-0.628721891692301,-0.5764153065465509,0.8270755895506007,-0.07197802352766045,-1.3221298031586979,0.25262446245947623,-0.4684911728640655,-0.8142107164867083,0.8031825773190083,-0.5585631971452796,0.7102083393176367,0.5107233356329034,1.4587763457580827,-1.023551003085303,-0.9288963119681702,0.6345970509203934,0.7225576828309804,-1.3124199436152182,1.2618263626833186,-1.4637436709339187,0.43164962148910196,-0.5079436074305758,1.0249568078341147,0.9490958382643281,0.27017534553080347,-1.039819501974824,0.7245959888370819,-1.4524347275084362,-0.5916745309520383,-0.5355904266508568,-0.4804515678021108,1.4856130055817036,0.013588491552953597,-0.35774871340721526,1.5695697124418926,-0.009885654935548095,0.027851651748622194,0.10170687345540305,-1.8944319807133918,-1.8507380869633345,-0.8546415349936312,0.16160806473791214,-0.8400438848314122,0.49792319720986467,0.09266481205901289,1.3841711116817772,0
-1.3821883180847274,-0.4556997275180029,0.4964819960475739,-1.229243234115968,-0.7544968951398013,0.8743107490939723,-1.6788406040597996,-1.2241245198209008,-1.0638557406331202,0.9728790640088697,0.6883059799425738,-0.9667320095119621,-0.06148503898254476,-0.021682360561048785,-1.936689922892998,-0.3231263439178555,1.211107862869894,1.625699261787201,-0.16592022686818925,0.16937545887680602,-2.1633073408391144,0.2073633926886088,-1.3057071774441786,-1.6272293583244264,-1.1096096420096466,0.5876882287189364,0.7038758234823123,0.4215189685586339,-0.20971400069811855,0.18197322899521673,-0.3808903699248169,1.8442842035587952,0.02046363159868256,0.19375892931588556,1.4974589140660848,1.5159628884845144,1.159717323027399,0.19320379544097124,1.8559608902309408,-1.7347308797279304,-0.9195395989945695,0.13385269865001195,-2.912463346450165,0.1382286737090549,1.5457619332660424,-1.4543736491719579,1.644183863492554,2.2335576899729706,-1.2063077797100845,0.8831702307163439,0.823770434245735,0.3823030176900604,-0.44321472930552697,0.36414504230785233,-1.1319998628791856,-0.7883919152383455,-0.14624985617609249,1
0.9470902629466879,-0.14592698336701412,0.027452276982654813,0.9818144932064065,-1.0238954975214258,-0.18931562550784253,-0.8645459849950731,0.014681820710176164,0.4031573752955327,0.5600734194512991,-0.2866638654077844,0.20102889392685072,-0.7532162052666007,-0.966353323535116,-1.0139839610275516,0.03678451839207375,2.7969544432390645,0.2015369006873098,0.1735806305949133,-0.8621314655002627,-0.8656745072767839,-1.3903341770187247,1.1558717401466547,-0.4106070874811755,-0.4058199544033925,0.5025179574120864,-1.026608274212158,-0.3580494706340445,0.4027077806783005,0.19851403412122515,0.12326901455838338,0.08885238292118498,-1.0837811574078784,0.8125273437652977,-1.7802261344821042,-0.5778223517316773,1.6835309096933249,1.1894520930407697,0.5242404494032972,1.8403307313310964,0.6553406632897751,0.3949586567137883,-0.6182474305670986,0.5443924484691424,-0.49985778559418353,-0.26655526930143847,-1.5115779550372062,0.07322579063585884,0.9040193284929066,0.14963741329417105,-0.9957374601401726,-0.18079170923178833,0.14477528925341712,0.36330756886007093,0.4466330055828808,1.0040300051672986,0.17715595583613944,0
-1.653658175526326,-1.2709397978016002,-0.03736435126409996,-0.8628947977247438,1.6436541811685281,-0.5375900517865757,0.27592297559254697,0.18000189428212937,-0.6326931347450281,-1.261137175119983,0.7310864809447164,1.1065810716850022,-1.054272329071705,0.6651616392159908,-1.779567047849353,-2.6457764933214523,-0.10499665752568332,2.303653830378036,-1.1121509488225625,-0.3805899217729292,-0.1557050364504511,0.8259001453068062,0.9182772841065773,0.17150165962920685,0.18896741965953567,0.5052099290107382,1.0379390951209537,2.082558641291187,-1.5483089928296616,0.7443653871246309,0.4627349609993984,0.9382113191586154,-1.7361403637056416,-1.0866013168861055,1.2483981625736085,-1.342620958959479,-0.6071511204795007,-0.5891832658537242,-0.3865274512006533,0.3009028938323108,0.8586008816576844,0.040545114472285745,-0.023859444852220843,0.48178643655995856,0.2713074309902312,-1.311931744576051,-0.16134249981889254,0.08767577177698031,0.8101748580706475,0.23575490665590249,1.1952916671887133,0.03007418618401233,-0.1679365877303952,-2.11068823540814,-1.045404751760547,-1.9116236507756592,0.2862399577609124,0
0.5926325543007124,0.22703366814031736,-0.5199172301661046,0.20277197111766831,-1.4072157462416366,1.5642306477742332,1.7513922064327994,0.758770016995864,0.7991242099919729,0.7860042217582931,0.037974385746957814,1.0483788707475137,1.678738754282493,-0.5115505730042439,1.587699323987187,1.075910701081572,2.151203687084284,-0.2855144199197455,-0.739578227346632,1.1881323047703254,-1.2606559001298097,-1.711757571968537,-1.8411704013804007,-1.603757405428785,1.1255525419644878,-0.6087836773487163,-1.4386044432065102,-0.965193791243392,-0.3204176442324227,1.0541834726355517,-0.5707240732449644,0.008093651514000778,0.24514632174911305,-1.6992360741189108,-0.04902132729563316,0.5979955102614941,-0.5648536193354872,0.23887353036805178,-0.15476956324826027,-0.44893147589778143,-0.17650292080277719,-0.08022647054073757,-0.7827856527563952,0.5691738020734449,0.021164280560180604,-0.9284337430967096,-0.24947781957031961,-1.9230863241926925,-0.8675929327639198,0.5898474487002612,-0.2544395837224938,-0.8165169467859932,0.5203935750699685,1.0920277149206619,-0.19231088374028613,1.3474229560052948,1.1717945398861975,0
0.254514759185487,0.5100362397035518,1.0234549653607792,0.41736091053666324,0.3486067523361609,0.09820746120277672,0.3185327290388063,-0.21658127679670175,-0.299966120893802,-0.2258302505921284,1.825622659113726,0.39142403239994067,-0.07562715194122374,-2.272493876935023,0.2992854128817837,0.8278539617763095,0.9568662785572352,-0.5608243968775609,-0.5453168885793203,-0.4559728677049796,0.4435000114346444,-0.40744179456846863,-0.43221069587438643,-0.8045919762964816,0.26146959161271305,-0.346313064587683,0.8690856476485326,-1.1190336624908637,0.5109263230016245,-0.25219395537273026,-0.796592196744172,-1.7630068205326443,-0.9195305889693806,0.09927606806390507,0.28858208867761403,0.21955165959043307,-1.160871814717053,0.8129243787134542,1.107312785888035,-0.8175862995312371,2.497234036137975,1.3081727297062484,1.6576088310280988,-0.05244854132104267,0.31125566578102826,0.5715941170335814,-0.36813454479629487,-0.05318390475197378,-0.9873574900610063,-0.4154867956545903,-0.3146738566830903,-0.011092984411007359,0.9061576611416845,-0.8610663744220846,-1.2061086865068853,-0.3196585755198368,1.9816074934403707,1
-0.1715464767155873,-0.2703535794908551,-0.23844285834868323,-1.2317577078668427,-0.33165197603551616,0.00018697800916272044,0.4883671037467368,0.2533622717279039,2.1710463893963756,0.9889262297112836,0.4568346476292733,-1.2362032589855119,1.021515669413062,0.5159838597341978,1.5051407187533794,-0.1353984944455532,-0.400595741798684,1.3737669990689292,-1.786032444731242,0.06593566010982511,-1.715603940783788,-1.4997822087099137,1.8425715161688547,-0.5701979533469338,0.7526343526661027,-0.3600113541614391,0.8090468851004509,0.9629742967033638,-0.3316465209681551,1.4909625914708895,0.0317297123728765,0.39536498355087235,-1.8892346862097666,0.764304934324087,-0.5298947799934526,-0.41939653353182665,1.7123246589476993,-0.2919184186711206,-0.47131929370102704,-0.16050212817598802,0.686266483325339,0.45511431989579026,-1.2019392345875564,0.9961124042192074,-0.9420622812635785,-1.569828968865877,0.47926191377427174,-1.4659688177717782,0.832004926921208,0.5653765030689498,-0.4264152382089518,-0.9038670253278579,0.849653480803434,1.4852195632239698,-0.6101376846748514,-1.063654410650727,1.453873730526527,0
-1.2576774638765658,-1.1259719441263176,-0.08114472792211318,0.4572514857197151,0.22357147146224438,0.18293085257916486,1.3679458547942127,1.945358470687712,-0.6836719861927275,-0.5710070201274916,-1.6379956411323455,1.9185904372925802,-1.3817477252448278,0.03253600801686148,-1.782597763027881,-0.548122659757073,-2.3561230202389085,1.692946584383698,-0.11793513533678071,-0.35888967271432626,-1.080131044907496,-0.8858577387045713,-2.718367344396719,-0.6183238231043781,-0.21906866632707153,1.707267508756445,0.1795394474783514,0.26136487275861486,-0.6327624912623249,0.2212672038326602,1.549987222033728,0.7393361020226162,-1.0898085824339094,-0.012687706907645483,-1.3889349179252555,-0.7061616570559207,-0.6389274021243109,0.06368628659595811,-0.35731113593257485,0.35474952978028473,-0.4359164926972211,-0.23884803977386718,0.6826239480208833,1.2974283637387405,-0.6653529365461156,-0.9126115591703925,-0.2650424282133262,2.0891542527941893,-0.08623638698821388,-0.7375934469137154,-0.9808012049571933,1.0697417959540914,-0.4377489559652978,-0.04033489552169111,0.607896789880439,-2.3484621224747255,-0.2645042256318305,0
1.1360018654375479,-0.5632498413500042,-0.8997975078332242,1.2992549697222153,-0.7019360526601355,0.6899429716828955,0.07819263772449538,0.19176580172722804,1.5149855236235286,-0.17352665294510317,-0.18984892400948652,-0.09438248055960792,0.3513387833769009,-0.7458766620483767,0.27122178767816674,0.9288863988045216,-0.28969558830618847,-0.5137208361297788,-0.33038104368718424,-0.9399129388576155,-0.26935343499186964,-2.4140291461680974,1.4883830403710985,0.0034134497359961714,-0.004752667996383408,0.6375661529196968,-0.4199136614080717,-0.3462880364012599,1.6843557990721238,-0.2650679342689212,0.22974078905548076,0.5265245277924114,0.3963514099603635,-1.3547557269665529,-0.7574104731156422,-1.0546290864756465,-0.9845510767038431,0.40229489946621566,-0.08339756246600374,0.2795666952585849,1.736307713845115,0.4879858520756514,-0.27267849325274285,-0.5894847054175993,-0.9698654372782798,0.3132559955316505,-1.2430384138916601,0.03428373258708493,0.017213545482313228,-1.6215498551469802,-0.6587799494570955,-0.2858362171419765,0.13151808757207023,-0.8555729241930435,1.1059946455729768,0.36596113030915073,0.35363365345061054,0
-0.5963932111433572,-0.14171377273551033,0.35104311794818355,-0.2390561824066631,-0.4924606660064013,0.849844975764982,0.18530559804644994,-0.8915525958094875,-0.26911001359492703,0.2925653812554296,1.497459380270714,-0.47267432952263777,0.49282355541136197,-0.7001896417350171,0.7971737861201689,-0.20456119347313284,-0.005752189590878795,1.2021065619238303,-1.0368326913804298,1.7993882808742112,-0.488807514204922,-0.19811373339688054,-1.0499746037641353,-0.8282992382885379,-1.5087389283137145,-1.7718300160293345,1.8799677039892542,-0.3552417819975829,0.3302883895887185,-0.3083577954937215,0.2412473314767605,0.18505768719363544,0.47844189293360906,-1.3423335544731332,0.23015908049734107,0.6504487943961549,1.2733057578170897,-1.7878808175387453,0.5335618250746365,0.20997538191566872,-0.8121920952386283,-0.5855375170804593,-0.7534988483434183,0.07496402434071986,0.5149808018451146,0.587389252043552,0.6419553482995689,-0.02565436659916257,0.5376561627700603,2.395047817857116,-0.3439686062739663,0.08190543708915109,0.13448434333582981,-0.21281905430300088,-1.4921340896938964,-0.5255702943476581,-0.8889974206880942,1
-0.0988605605760829,-0.9348305981970372,-0.42175471191084063,0.889689483546872,0.3112741194132261,2.417404564361074,1.0202600973235216,0.07239884851356851,0.2542455059517968,1.1398033279294555,0.4211923586119642,0.5031722418100402,1.3884561210209967,-1.2096160737932191,1.1704133591828372,-0.6722056427527309,0.42467297347181054,-1.411646904979969,-0.4716512807862709,-0.47828189482999295,0.6202730706653564,-0.4347080749886296,-0.5740130093788859,-1.4248480908178156,0.13107921759808602,1.0372244494268383,2.119924736617693,-1.1317387797130083,-1.28939642013183,-1.9249456969251535,-2.077960109823248,-0.46464208023127807,1.0169113714124594,-0.358880254909009,-1.1500132765899083,1.9186581646997851,-1.2608727967613322,-0.7958245312644803,1.2146699993960077,-0.6780247316091851,0.49703905625025774,0.31668374641216074,0.00023686537524049642,0.6519507381770298,-0.025138749989666455,0.08159586716569225,-0.6786958592987773,-0.5414810052805389,-1.3812639346933975,-2.4613830600927478,-0.376607319879429,1.156802254757292,-0.014213903939517901,-1.826586724119329,-0.7350643051749629,-1.8608191111959507,0.3955694641663502,0
0.45380280269484785,-0.8426133911944875,0.5831183233316538,0.9927932139304572,0.631925901037069,-0.3548731331361028,-0.7128212598940467,-0.2907902758891104,1.3830951714279967,-1.9733297760964763,-0.21573251822997722,0.7601955235522554,-0.5343914690991899,-0.61860340560871,0.29973669696899347,-0.2504234675927972,0.9633920851815845,-1.1477506605389873,-0.09826725988957015,-0.1779709721651244,0.20012929179955122,0.6592153641106081,-0.0028005421143165203,1.7556769080001882,-1.6057709967518357,-0.06776358053570314,0.886486475846919,1.64697908527016,-0.5462963372498197,-0.2868788089436642,1.2715182818804514,-1.16085882159979,0.09067208551961221,0.49463640752517213,0.38698312440899996,-0.3747172738948557,1.0647957148052156,1.611166992613945,1.3957807031963352,-0.16942725109133144,0.09756251784881495,-0.8446291497996163,-0.4776465626301677,-0.7251009258422625,-1.2643349193752567,0.40561317161647464,1.4904393272885237,0.5997535995853359,-0.34642331227883116,0.5719351624305266,0.4701138882926765,-0.41736521089313655,-1.0590219574921993,-0.7319324424078838,-0.9906386150946156,0.43561594910966495,1.2794895386682932,0
1.7015617035338448,-0.7072369602677429,0.17259170072060762,-0.2107215945908863,0.36687363788645294,-0.019536836630686807,1.5079354732610166,-0.4603040969463993,1.9675021300979745,1.0261866709259764,-0.11791070817425993,-0.5853762041887773,0.2359601439324195,0.9041444624601315,0.5029660516943866,-1.5932533553347468,-0.1567385906873854,0.15160392669150258,0.38424437465557887,0.6550980526551775,-0.5182370056140415,0.789973705606492,-0.7821637573812348,0.3267001523545428,1.9028191613936063,-0.6342227687705356,0.25160661603057105,0.5890759144543288,0.5887976195657094,-1.0655511195934446,1.2084619228817737,1.0029444021609768,1.0237846118895162,1.501773301347547,0.958369845663505,-0.0898967831209942,0.8572843019484168,-0.8049135202218111,0.26942681653552836,-0.2895944606401439,-0.6253179396466757,-0.3939285163963795,-0.8256398618441518,-1.3900236841904152,-0.4823480637550769,0.05840555735845387,0.10563439154515245,0.05364323793382409,0.3107035320531419,0.2006166191553255,-0.8280760119913487,0.8424467693246148,-1.889609428047287,-0.5356999922074592,-0.48985214800829635,0.7908623456457577,-0.6126405131066932,0
1.6830174944366076,-1.1804435938829,-0.727990473806349,-0.6189959301747386,0.6019616828411136,-1.2371878356443902,0.30291592544245427,0.7431444786275998,0.8290283912837958,0.8996392652982532,0.8334571057456598,0.8475549517006918,0.6601140265925564,-1.044098175709548,0.2401171385673016,0.9869057031063463,-2.160836873398138,0.42593860434313874,-0.7689500287073405,-0.7506496570185858,1.2445997660380803,-0.10731298012027117,-0.07205735897087504,1.585727000634012,1.5485891803072445,-0.9655569135993352,0.3273780421978832,0.38370458878879055,-0.9714262130294112,-0.27555014890561486,2.0978517468935247,0.5842248813297916,0.683647172538844,0.22325607311345644,-0.18953536720548783,-0.05274987110749966,-0.5105747316953855,0.6172156541818236,1.4880363739206517,0.44025227711417186,-1.2471594610383683,0.21345263721295304,-0.8053776352903159,-0.6236845147618388,-1.8941947308123568,-0.05206747235076029,0.7576669048032985,-0.889273157234533,0.0952626949361688,1.3206218544954282,0.2933172086342324,0.7685334455730237,-0.027600256141419626,-0.022836749932359512,-1.205340906967939,0.007722264836854076,-1.5873434802767485,0
0.4937634539821006,-1.1868503181165826,0.8912198948796347,0.043874984994721124,-1.193845860153537,-0.533706461778617,0.11454284124553583,0.5488812473127647,-1.0097571531524192,0.6201339957082259,1.458026394846976,-1.325732798906685,-1.7426752214440933,0.5747770645414615,-0.358919189056683,-0.05149466807967331,-0.17834620983487462,0.6426025977625999,2.166574555275839,-0.5562746121167448,-0.5205837873109775,-1.4322188468263186,-1.416190801657867,-0.3052710869332943,-1.048956249293428,-2.1790208457074267,-0.07022378766736634,-0.6946936934672654,0.016159979000585495,-0.9304738522872606,0.31032674497878715,-0.2509708375858672,0.46716175196852433,0.9102577548047984,-0.9954862436689371,-0.07227438626407083,0.3621918390173711,-0.34445620513379194,0.8093089513496099,-0.8719375336182363,-3.937271073337002,-0.016320173677828124,-0.6955527978274494,1.977382332604428,0.5520077223085573,-1.1252466954374492,1.4324211976231662,1.2523978913660485,0.48077462821346434,-0.8022984705200062,-0.30461458212037135,0.21024678500403146,0.5412009825643085,1.4465834246705802,1.1315213972099536,0.01641494463334252,0.466759083300653,1
-0.7466997673845429,-0.31805223138016336,1.9991171703364847,0.8579834875475307,0.1744320381123396,-1.316467167520163,0.2440677791794864,2.4642697010573476,0.6739722839540606,0.43769382156949566,0.06310595251153645,2.0099389368800904,-1.2336048914398192,-0.15190704336008123,-0.5207329298510877,-2.2560252708552833,-0.731549129832181,1.440956962806917,-0.8189340251208523,-1.0055457757276862,-0.03825647774999323,-1.0152640210926795,-0.9651343834873184,-0.4895960053737521,-0.5783805534002188,1.5226533324986993,-0.27666960527989926,0.5121542925199782,0.8008362726032459,0.20370436855512117,2.7881137467408994,0.47312234105057377,-0.8036118058920817,0.08790237071810895,-0.7191994392030018,0.13172255454017312,-0.4330909305165366,-0.0859874396463681,-0.13882992862326812,0.7711684497247991,-0.3404832007884161,0.7695988662160269,0.36632348568807355,0.9569764386619408,-1.190609696276432,-0.6514235942923016,0.26649482451063183,-0.2779430873573651,1.9136350906905697,-2.128795047785787,-2.3803963412266507,0.88527274115328,-1.4783452108239188,1.1103654047120317,1.4051302838800268,-1.0443989066233494,0.33757049527044747,0
0.8919343505760737,0.3491508094108986,-0.44576398025647945,-1.0876607664649018,-0.5239934723181778,0.6586425109061081,-0.419925160375396,1.0131267206420982,0.9128429251567527,1.447772165163257,-0.2055035272240719,-0.5878922777228083,0.5300270693323008,-0.6747556722926588,-0.48562704145225144,1.0020194666810143,0.10557891548741372,0.6639451963514659,-0.9168457400839193,-0.566064330899476,0.670924761168301,1.2509844548306337,0.6057757048341637,-1.2340211191599435,1.3758673262374337,0.9489777126588576,-1.2193848014113782,-0.8101810585447912,0.3155509854933519,0.5728726613293987,0.11583096224065373,0.8548444810503243,-0.6301002812761447,2.9436719883723512,0.28543264906254795,0.7531883413043945,-1.0944810298121692,1.9800948510130785,0.2166686888451786,0.014972016140959055,0.6707187769478643,0.11323542781927387,-0.13418590598377853,0.1783440027919257,-0.437517420265934,0.6565853048615045,-0.560751405080697,-0.4987653162066436,-0.5165763963850045,0.1619546081303367,-1.3901081420463808,-0.5742467042609858,-0.717263484145161,0.09210259768847356,-0.5091493256513072,-0.07718426858285556,0.3294976999018523,0
-0.6872882909583109,1.385156784618834,-0.36705845799983516,-0.795478160515307,-0.17236346506759465,0.63079174628678,-1.0246560985773305,-0.16028373809464194,-1.0324172887369647,0.16059458541513272,-0.7492244531821247,0.22323304425422455,0.5216496301788355,1.7210128005073833,-0.21423592026397859,0.8050376988578034,0.02357370113512893,0.3406503282294152,0.8612710210694331,1.0947304036745398,0.42900097495175377,1.8990485079120218,-1.227252286525872,-0.9309789403149669,0.4052162861420858,-2.8725132431458307,-0.39295472513330565,-1.8262070899025231,0.0006112704514399387,-0.6299590523364067,-0.1753057179068757,-0.029638973789773017,-0.6084915084231373,-1.0665572752857002,-1.1833998482243744,0.7260846973541321,-0.6153915811883146,-0.2357958636372721,-1.677483522787848,-0.9740852366408649,1.2961623268697444,-0.6190582180043388,-0.9516854695802044,0.6979721809664577,1.0697558959228535,-0.4803395535555939,0.8722533416500867,1.2691273035956023,-0.018114689900331833,0.264476832402333,1.5909059299937856,-1.1972674967964667,-1.4946911492219894,0.6063627053167527,-0.533720104007319,0.08083611455414252,-0.6890247524461952,1
-1.7381173394074876,-0.9398258765391142,0.0969466609022515,-0.6744071578948768,-1.4752351191791453,-0.4950474715646621,1.4355136156061197,0.0020790731712021578,0.638693068486258,-0.7565976226269252,-1.0646168742520892,0.14691122908909213,0.7198745767245158,-0.4932024064378732,-0.1634639798984911,-0.8278293564581815,-0.5293637447089139,-0.4720947718751862,-1.3731904492449023,1.417976396290097,0.6614793828235691,0.9465567576873694,1.032959160135189,-0.2989157665941666,0.6380520454642994,1.4121080922745972,-0.8209345964345734,0.7326161978759166,0.2170104766129617,1.5285855947657498,-2.033438451723556,1.0363076574216652,0.8400926180183881,0.6682932369179173,1.3818329299670875,-0.3952311461406887,-0.46693786174569524,0.48608997180660196,-0.5767490372613716,-0.10226830789623295,-0.6275863031724416,-1.1691225599657493,-2.4618971282920876,-0.39207843281462684,-1.0372181537597092,0.22102112606301566,-0.15944522480484555,-0.520097890290751,0.15431190851797602,0.7656851280511201,0.12263287187275114,1.3873122180539406,-0.056811559996004755,-1.2843552720727522,-1.4368854011398906,-0.01719078164586565,-0.4673776621284553,1
0.5017612646791856,-0.21196241567407514,-0.3825612863487439,0.05262131061791519,-1.9458099553719181,0.0341459394979508,-0.7796957716613362,0.722185417790367,0.8361573893149427,1.6821711717231442,-1.997670945182826,-0.5870743794161021,-2.167179155149537,-0.6960278794192902,-2.8928641246759983,0.7822213934770997,-0.28855817634315867,1.8434023908348003,0.7136334600800708,0.27675292264199663,-0.2524005279433532,0.844627449082148,-0.2575491415654547,-0.686490757491132,-1.5552006208158484,0.8338950962051395,-0.7820376536258706,0.5765744613352501,1.7352041202443362,1.5245904247281794,-0.06987005769782956,0.32024648073113465,0.6156673641262909,0.5824050757265218,-0.8853342537683082,-0.12312419320344696,1.9643320219810867,-0.7590019214487213,0.33558185710876426,0.19224506533541205,-1.3492970976834802,0.5150339499958292,0.07359990628576704,0.08816379003484154,0.2783945641830965,-1.5153074124447308,0.5912069783195226,-0.7593112305020686,2.3894999235538132,-2.208951799762885,-0.052715494951003805,0.10473959008968382,-0.8706415455273901,-0.2269382476726916,1.6167066043786675,-1.0831781524478217,-1.1785127115969392,0
0.6107545483813095,0.41146919656377984,-0.24602357416520695,-0.4176072362983839,1.6179657729552683,-0.613887527990887,-0.4287095583224406,-0.6756485770882225,0.7026367288179273,-0.30968258438336643,-0.69213269389698,-1.0450685741139596,-0.3907293843923332,0.8773006557883135,0.6589077736849164,0.4264675591320237,0.0220311468815584,1.425558218311377,1.2531288681351684,0.34801795438616545,0.42992458638538456,0.3960128002445966,0.41094190527184365,0.4293519535669955,0.34028778508086205,0.6798035039078901,0.5694061439923521,-0.031645622018544685,0.5053905881510233,0.0887571642898377,0.35937916326045544,-0.8328771214630181,0.8055502111499004,-1.935206309650239,-2.312363946421633,-0.28971768411970106,-0.9146795209526146,0.2799213954757004,-1.1143345295813194,0.5981253173100395,-0.2556461125969835,0.5565501354078646,0.4948196694680204,1.0027732414417936,-1.2271060634911934,1.092593345129215,-0.8364007720512251,-0.19426662296649677,-1.0716208606798399,-1.870670312036678,0.57951353970863,-0.22557792201059934,-0.9302655140745753,-0.36950922389530605,0.9672618289162676,-0.6936752442603821,0.8004019263093322,0
0.5111141323558925,-1.51195364701582,1.5313275899171161,-1.2388344848103308,-0.5685452492261522,-0.35872540798381636,-0.5067080315179464,1.4758330245561577,-0.5769724345357633,-0.07509325083868379,1.847160626764513,-0.8609580106262881,-2.426550762470645,-0.2851913057376634,-0.6325028810338866,1.0802846752150088,-0.678749139268489,0.7509143240308581,1.8953936454321312,-1.8440788494024198,0.3123789409022684,-1.3496148071083451,2.1625259310274503,-0.6621792785176208,-1.8064527731114068,-1.0239169944516007,1.2098448358123066,-1.2268778919006518,2.0626648707245914,0.34391735792070816,-0.9051578346188456,-0.6249208299213379,0.32935233919870033,-0.38271411482015094,-1.1836379362209153,0.9649711393415938,1.9786213781236983,-0.7123947702594307,1.0307806741590757,-1.401578753541019,-2.3637342061895925,0.5711813109600783,-1.046625568258362,2.410580742145645,-0.16046773253693938,0.17622750208542598,1.6014705444160875,0.1458220259647343,3.0254804970216536,0.013708101886210517,0.29073062081511103,1.807592072564502,1.1694701686290598,2.0815117735516218,-0.894385836765073,-0.25387556473182826,1.3942022212346519,1
1.5333520869892352,0.7950877850208871,-0.29033008547065065,-0.559204902690525,-0.16238475071281766,-0.9574915382612851,1.142876274739595,-1.3200295135552174,0.275131692979129,0.21146463287463954,-0.1461004670911177,0.4944660614362574,-2.048034852171727,1.540815478768693,0.24223568834352263,0.02838075950464914,-1.3300295562496232,0.5236343191284615,0.7555860697993597,-0.8029001375960636,0.9670121511710882,-0.4280916611187366,1.0592544823970795,0.01661955367628058,-0.36263243584147475,-0.8566528940645499,-0.12698614825735785,-1.2921582916092766,-0.11301495209755834,0.44792820506605724,0.6338523394253104,0.8339003067177644,-0.123500964331564,0.6795803493823979,-0.6527041870015714,1.4322874571405027,1.926824851387502,-0.030345396828426595,2.0387595197252115,-2.846385070308742,0.8427673550407638,0.7809013549844986,-1.0928236130943558,-1.0379535456855307,-0.2755737872288766,-0.8148613928021166,1.8193676781468615,1.2314092184605374,-0.4684485213052311,0.5480044511008823,1.8388449701609195,0.7023514556143123,-0.917322888983052,0.483976090031867,-1.1585039181457786,-0.7259485784595466,-0.7977707396892235,1
0.49536895073410736,-0.7683914564278586,0.7844184586204381,0.6508449789083273,1.2591440719194822,-0.6472765349691674,-0.6181961194414368,0.48697397667242104,-1.2853545301280644,-0.39918718380085316,1.514007806461703,1.1410148787964125,-0.26430012317021945,-0.4196384748434187,-0.38086621730484094,-0.47007062760531304,0.23798079406475833,-2.152429370183868,1.089857990312512,1.3386792790567317,0.3143254382830168,1.8474065605897043,-0.4246618649173219,-0.16737632802715596,1.005231051746556,1.2408186660294809,-0.34522986668459654,-1.265334410129846,-1.1774260931943616,-1.7909586824725998,0.012683272645827451,-0.5764502588956429,0.7884375325044577,-0.008296768773382979,-0.3219209652622412,-0.816184331895431,-1.786913126546133,1.0868444553809762,1.5611025223465225,1.213082106590086,1.4357441662578736,-0.5083097712820679,0.3070459105376892,-0.1105280475193895,-0.30086419057556996,0.6487323564942988,-1.7572407221224904,-0.8556078688097676,-3.2674860646382067,0.18241886856371303,0.7736891570273482,0.8146336441068768,-1.0191085850770658,0.64640457365634,-0.5474152546995897,-0.13685540844575614,-0.5265509438335061,1
1.485166753158615,0.5746840892519444,-0.16255066516376712,-1.6851393939341976,0.08915572801375936,1.5030771522283226,0.17058973270250927,0.3884354594307723,-1.3356279257683297,2.0027183159960984,-0.3093646737638183,0.6419346581344104,0.4038499797432036,0.6302555074495757,-1.7565285394580394,0.0797859516296284,-0.18628392470660948,0.09371881178230654,2.1185655360608835,0.37896950288126885,1.4253244134488274,1.8623034538273229,-0.24022324635046513,-2.153119137046467,-0.8000779418116818,-1.6102891509853576,1.481579703799741,-2.145105931467849,1.5155781779758055,-1.2503581077870827,0.532245824885452,-1.4279575646814295,-1.089908031938214,-0.39829902223079344,0.31371162392146057,0.948851520366616,0.6658524415685174,0.16009291592307665,2.592975357761315,1.1974186255995856,-1.4236179513982186,0.4456766805835413,-1.1570323409295316,1.6317517970278461,1.78884850711726,-1.0185705814248156,0.4860318478266451,-0.3842788901175358,-2.861074242709374,-0.49176337930907355,0.9719599260946465,0.5906276870679419,-0.6023417034057756,0.7890691297141323,-2.024644869349885,-0.0594208516729961,-0.7198236531965616,1
0.7895519822860672,-1.8298489642224476,-0.6798332088851066,0.15741588689292418,0.22829076159186992,0.916983278473692,1.1297467005899153,0.8687401593246503,0.47849292281984135,1.3487760106320086,1.748446903526953,-0.13811336834461574,-0.07299411231181008,-2.517290518910356,-0.21493192403844225,0.7972558140992141,-0.6614262559742823,0.8639160769562773,-0.9078866651412496,-0.25777752014225425,0.6079838120444848,-0.9303876528694296,0.21371358460951992,1.5808408153860696,0.8725835909168242,0.27036931079021237,-0.04340249819734031,-1.2838756500609891,0.2589981198495456,-0.22766807518755572,0.5022084613048522,0.03391235658274382,-0.8810533200604568,-0.0033520847465488167,-1.600305548435567,-0.15926749628029557,-0.9676978456437374,1.740237381380512,1.586090584058417,0.844291282323423,-0.6126355236976319,-0.15066539841479648,-0.8050285182928829,0.2091264901711072,-1.6129455536645656,0.7804270229084398,-0.15777818714421285,1.089017964647842,-1.7156474558722155,-0.33642593998764186,1.4434262772496391,-0.31058368003326126,0.03762349529003385,-0.3658226800766047,-1.5960554854472362,-1.4609217233746483,-0.17013646783765574,0
0.8244261177009206,0.03839623074946285,-1.2892731806646527,0.005139934457975375,0.13613199769346995,0.984402767704995,-1.456294715249427,0.26178996690368583,-0.3392379788343022,1.2604596944121291,0.2714424163624193,0.7355647896509003,0.3439456479210642,-1.3067268719892673,-0.4168512097716588,-0.22332314139457587,0.21081333745682407,1.4702073847603179,-1.0606717457558683,-0.6207763560784948,-0.7350368999027465,0.9536797026384143,-0.272849269325238,-0.8419830686492958,1.4638857317806793,1.6779024734780785,0.6113155618354748,-0.3778141783773092,-0.068343105017609,0.47945207534176854,-0.3477283929819562,0.7598037807447358,-0.6139693715563226,-0.540116673696762,0.5496783448807222,0.0045687370957540815,1.4593196336070124,0.8829879980023659,-0.06618570149171228,0.441888006481196,1.254546671208157,0.2270758219912934,-0.21562736461626475,0.8410919667062792,-0.39301909115715483,-0.5500708170618832,0.6041001008304961,-0.22590635500062534,-0.23826325048402264,-0.22552252181061183,-0.4169406547811778,-1.3441226562239923,-0.7062036042120511,1.4730113983686497,0.2750116129295053,-1.0754457615809419,-0.3122513299489778,0
1.91667365580373,-0.5838127032856955,-2.0001907659525107,-0.360040826700585,-0.5155573922676723,-0.06003128986613687,-1.1372756005744828,0.3272369198404773,0.8925656612652968,0.07668353799307662,-0.28479983609058207,0.9879568587139927,0.8280807643836129,0.6392145874975946,0.46644348810339614,-0.9733458284138922,-0.5553676443393158,0.2565035907513454,0.2453417054093718,1.1181079384956132,0.09508830557918864,-1.4737274710804482,1.3648946175979424,-0.022235473616586524,-0.09581082985751913,0.17761919834259993,0.40185964140585967,0.9998119501410662,-0.683471366592556,0.0482246866128847,0.9510037338990545,-0.1067411533503324,-0.055954507897785784,1.7843648205082832,1.4152596219460083,-0.3985572994300787,-0.5199014655498986,0.5993585271508338,2.3474851689026965,-0.9994344818396493,-0.3582229797927904,0.2354036352494867,-1.0481168020193432,-0.22021420806290423,-1.4772778579842134,-0.3197717264141572,1.0906734630127128,-2.266726368516504,-2.3825038924373274,-1.3177401851527488,-0.12765974582670703,0.19636586271610537,0.4435094764415075,0.3733393176375196,-0.51336551670772,0.009195164801463727,1.337710625552779,1
-0.7174731503279569,0.536477303082766,0.6776363917369181,-0.39160537396660255,-2.0678070250122618,-0.24309170878262618,0.9416984265377535,1.5397870704678975,0.14818817473673065,0.07423105750458803,-1.5409362097927768,0.7010740005989605,0.814312751279958,0.48121717091638183,-0.33586357123343696,-1.7107897563234735,2.0806343892874484,0.29636897912906096,0.25746961067621055,0.48138248761134345,0.3766902324076571,-0.8527604206733219,0.029785054787712185,-1.8607248715040015,-0.020758827593336776,-1.4789224384323407,-1.168365184218164,-0.34894182773715127,0.2115798382844978,0.6487488309926138,-1.143727764736635,2.3229145554492177,0.08143856970291773,1.7856312050064909,1.3274998452277114,-0.1865968499328627,0.33905288616265056,-0.3917956065480366,-0.8153134967007848,-0.26662460762710577,-0.5089058889961715,0.19933168632466342,-0.7539503100015674,0.7940882066626718,0.9415404297033544,-0.8897120227617883,-0.07132537667555308,-0.6725136440620716,0.03115120094163011,0.023314705058069082,0.008975532906398163,-1.0319704435202106,1.0020560615838023,1.1533333937977244,0.18896968383392887,0.4521852729698099,1.0836584737443757,0
-1.236356111782072,-0.01833714498207884,0.6774926465344445,-0.3549404212949656,0.42626867114397615,0.2302516758656412,-0.4119356665620982,-1.4189839169730614,0.010829022792286055,-0.5468499649787566,2.0175948544057802,0.7248864416660913,0.23643047216445973,-1.527473430057458,-1.02314088460822,0.9640687776067136,1.6921168624680754,-0.34086982798728493,-0.40473079351777735,-1.4154654149267065,-1.1992936701311185,1.6028192681987412,-1.7117941397167735,-0.5779805508956558,-0.05218588081446508,0.6540074356415942,-0.18378372415776886,-0.11447863137474669,-1.556761607639382,-0.28972186011317336,0.1255480213844253,-1.058981327135012,-1.449825268381175,-1.567087448775229,-0.13162366075577359,-0.23337497769063467,-1.0873118420704664,0.410726178595787,1.1527792997521094,-0.12970922480171207,0.5967895384698177,0.1333823335926071,2.087487140186502,-0.24400739466874868,1.5112027874316167,-0.6446576865705492,-1.0590596282056932,0.28292473339284985,-1.535941461092521,1.1146832035498115,0.9895539773639087,-0.6935434224138962,1.6731495002111527,0.011114744235447123,-0.9264000762332368,-0.6928631579150699,-0.3997531334139532,1
-0.07984421974965464,-0.2717646185507159,-0.7720622580736625,0.1505299270434178,0.9005660726836355,-1.2316837000556278,0.3583477051086053,-0.2913765879374048,0.9147352232747515,0.7007165957631146,0.12451835226969675,0.40289453973460865,0.5765051406510902,1.1095144345469719,0.34835933311511985,-0.9680340627104441,-1.2823173045903156,-0.8165507845102584,1.2915283444223942,-1.4138239315257395,1.011587571461635,0.22613289657416785,2.2060453410928207,1.314699643530552,0.9681122250115327,-0.5915238678531521,0.8366705212741895,-0.6960472777362586,1.32820597161039,-1.2483711024891584,-1.0290974080308,-0.38187386484286334,1.5495129064461877,-0.6718699491012011,1.008979547990392,-0.1131463311255566,-0.9880155112599577,-0.7950386192397171,-1.119158342912469,1.2468781230713255,-1.0397935464579473,-0.05078380642470134,-0.5321547032144827,1.4702235764407594,0.5419053089563133,0.471743065569712,0.4993886742738543,-0.39520053036155733,0.19652100954135623,-1.0514298339115278,1.3763180525487513,-1.2275428289151298,1.2970345559634238,0.09381768486824447,0.08744832997287802,-0.6758780632326032,0.2762167678820515,1
0.015560348590559476,-0.040771443817351115,0.8216342219908783,0.1616261067829126,0.7227273929855609,-0.3007420434752006,-0.01929388285534213,0.0370947244167411,-2.6087193903361916,-1.0936985830477526,0.7097420411963915,0.27308177466155414,-0.4047602634915834,-1.0400581597832395,-0.3839636040890498,-0.7298883398415466,1.2284140623795163,-1.6132120187746937,-1.4247555934175153,-0.9226542122097677,0.37642517138772424,0.9473814103381316,-0.40370974671290566,-0.10599825974047564,0.27350962990552374,0.5010506936519975,-0.2209636347561235,0.0863438256337739,-1.3457887800465702,0.9769337594742575,0.23715469616047424,1.7949617138382818,-1.2187047817178052,-0.467751658845533,-0.8065649954660815,-0.04542646179230821,-0.8882151315453013,1.284951705239032,-0.21813208293367126,-1.05704615616805,1.035365510998808,-0.08445768030614091,0.3945569860486949,-0.14118872476850797,-0.8791869924186001,0.8579975704902478,-1.8307394845600855,-0.0982869574083243,-0.2727897941323531,0.7546989952256986,-1.5481306661173333,0.04260676896721031,-1.0854655464124752,0.08567028291947416,1.091544931911056,0.2352994647987513,-1.0099288605679746,1
-1.4907003101516387,0.32300989366862304,-0.21662035643494687,-0.185582831715037,0.3226990756597264,-0.5434062789037756,1.1174562523391323,1.6760232198254938,-0.7429920135306058,-0.013083841875309562,-0.11785234438575741,0.10524419306609342,0.841023255978801,0.6967785087100956,1.4702758140510321,1.031606613149874,0.25504069590078754,0.15382271335443473,-1.8032336713820938,-0.22346534427507825,2.733529322638875,0.7670373614748861,-1.238360929446857,-0.8804255909827503,0.6180956437687731,1.282414503495786,0.19315744684005098,0.3762067710909064,-1.0415560257061554,1.4657963951305577,-1.517221901339775,1.9892295107709774,-0.33993139939642636,-0.10221381845779148,0.258396360780408,-0.7442279185648861,-1.1976615887602584,-0.6927940728248753,-2.24435866115014,0.7414395960221266,-0.6203799454323711,-0.9630650591433793,0.6759841290650439,0.7610341156383371,0.7788021288496324,-0.550713322022359,0.14772674007160772,-0.15499368021073642,1.182148007075368,0.1328161647810471,0.4101833225425676,-1.4662120556705283,0.09873410765641749,0.6392886326758948,0.10360376930208627,0.8525452353827485,0.6365632273793084,1
-1.4119315265576577,-0.23674701396628167,1.3175241976503844,-0.8325105997100604,-0.26192047552893194,-1.8083824913419986,-0.02577268149409203,-0.7776654342375818,0.8041057678870704,-0.05126197873320118,2.496440620839251,-0.8217694316390952,-0.14662887505967218,1.3030208668079475,-0.9865829599870374,2.0053943378932755,2.6045988190624123,0.46634460664989913,0.4388347081300843,1.333224165209343,-1.0285155986054613,-0.22141535162545406,-1.2377890496157529,-0.22280544126186497,-1.013723574497496,0.2366344206708322,0.9949666401728224,0.03874892319509473,1.061977929312527,-0.8914092417320991,0.1448902434522259,0.35223354115785555,-0.23723387905107834,-0.321354650452093,-1.9955711368005682,-0.418731968251838,0.00709824446063595,1.002363478473501,1.732326085812341,-1.512091370281197,1.443211294983006,0.5921642981819367,0.8828732915570633,-1.8962088516062352,0.6217810379371376,-1.226167940018525,-0.36078434889044086,0.8121121325122542,0.23861504815367002,0.988005064441309,0.1318726950332144,0.01634232646230168,0.8887517220509125,-0.059767790218516366,0.5879501264511761,2.3168084306292376,-1.6752166097950707,1
-1.4254627169850334,0.37414600770981105,1.5407488320138594,0.22734255965586922,0.38494649469790804,-0.18194881505272845,1.3793640825517457,-0.48572906041028313,-0.8529434156649705,-0.32667478729355826,0.932586017820241,1.0469056205049307,-0.3029770758124116,0.5005228040715402,-0.5636390564936709,0.4718244934211616,0.1980750687741704,-0.8589968015189693,-2.386883468535415,0.7173830196909481,-0.20360581640238076,0.7979379655731612,-0.5014679051455337,0.7690007581878245,-0.3044624238026647,0.5198215384030415,-0.10768299300095861,-0.26073843271641517,-0.6264661156828708,-0.6135812473541155,-0.6565062899347602,0.8768161803146809,-1.9061013203247763,-1.6058959204505288,-1.7575368247313579,-1.4050252235621752,-0.08543110852846748,-0.6528193083632838,-0.883900107288425,-0.2955196880751027,0.9633992519856701,0.48143740740692953,-0.09009461206227637,-1.1211172948981245,0.28116810216261806,0.8443809170726865,-1.6257256820315742,0.09298476879401596,1.2090706959324942,0.7987126857596415,-1.2858543011878403,-0.43300794294281014,-0.674788586695196,-0.10031182113852048,0.3915026218283299,1.2050473322217068,-1.5905764082280631,1
0.5139579114458616,1.0205592125790697,1.1905542216177407,-0.4428855044720025,0.7822335476399715,0.48909256908015086,0.4637240370616911,-0.22589401178921598,-0.46763718188834963,-0.8501040998249941,-0.3439770728520227,7.471398364669701e-05,0.4004416429437791,0.18822664103022854,0.48389831743850825,0.29942950954173303,-0.5820847352283243,1.767642714618801,-1.3310779304188722,-0.5437045656125257,0.0772348579801028,-0.9556099911641078,0.0572851032920245,0.5741833462548124,1.1229044008455578,0.3379085135635278,0.05440390916164907,0.08398891385351895,-0.8005353830682281,1.291865391632485,-1.2457532431098088,0.24614447081946275,-0.555200674511946,-0.3337536511000449,-0.08233488055567939,-0.7045906889130222,1.1973502800848344,0.5489947999408327,-0.924847464302363,-0.5591363546292614,0.07385837508312447,0.2013122298680932,0.40162692790200843,-0.1658689643694008,-1.3150997568679836,-0.562107863943634,0.7346215769730662,-0.5437715717313558,-0.6156967095568202,-0.8245850839294219,-0.5769586644699658,-0.23776855386462598,-0.7568564810458963,0.7788663264756148,-0.22930752685615455,-0.686949062526673,0.8357789073194513,0
-1.2066507991335154,-0.7018988775615107,0.6016321907491434,0.782076176024405,-0.12921446856431668,0.6187947506206406,-0.5633147251865768,-0.7351901666394357,-0.1722033243402125,-1.2880868177533396,-1.3555208610019012,-0.6122913084963254,-1.310310557311124,1.5329517732578886,-0.9004721880345611,0.14250934866134496,1.9113898278984212,1.5138367760334557,1.862943348234102,1.0852205813694407,1.3405077102501892,1.763466028711238,0.03179518954341197,1.3355750440045848,-0.057401599875462526,-0.8254918474271605,-0.5458926194232182,0.7671070143975189,0.5881916764435615,-1.2770223574393167,0.2727696194480528,0.6069847503748101,2.0440679347029618,-1.1248818915789849,0.03961667645434728,0.6614747708252494,-0.32535709447843025,-0.21839469121045332,-0.3417540543210478,-0.9838756821133601,-0.7509817168073846,-2.027674345302832,1.5104252493267354,-2.2268121020462326,0.6136297696037597,0.6769965149302277,0.06809130547582648,-0.5371337866072753,-0.6899300592064076,-0.37119382846086774,-0.8313302025778839,-1.3565100837826216,0.287283928571813,-2.1319779797632785,-0.022609560614991996,-0.07684441889424826,0.6351848294502718,0
0.009216059490600462,-1.9487423958380654,-1.0306298385679276,-0.585479519834584,-0.737279910556946,-0.4623214979495197,0.8024856536545296,-0.07816464977247466,0.8185669480079198,-0.7706592686057357,-0.13420001229760092,0.9581842620795932,1.3817880250342023,-0.6040196717164983,-0.9306363915686039,-0.35380422329607336,-1.4389753724812757,-0.3237412292951548,0.49104069081278046,0.757143167778727,-2.145745683625322,-0.32077078742220505,-0.582673431139892,-1.6253552542358876,0.5095157547464039,0.6049655513974302,2.4470499490563395,0.6571746250497768,1.2423111801462194,0.5382184874273819,1.2573521748573646,-0.5942510852055205,1.8568045094156598,-0.7166019191265008,1.0336522481855421,-1.930151171569723,1.622718017634555,1.632635883033785,1.5044495837772707,0.2863004392254658,-0.5202364485000707,0.6239426638936527,-1.0214964848693209,-0.2721273986133679,-1.8311287232744664,2.1635489205597276,1.0678233821037677,-1.076543323352904,-0.3536060672311596,0.415295162949661,1.1764374538173283,0.4544597784811831,0.2033106301203182,1.1391642836479148,-0.5666136645473224,0.024155808426151143,0.7319444314504006,1
-0.1644578237212644,0.23081471674044313,1.402018175159105,-0.7572687577738096,2.3686696308496575,-0.8985373162138369,0.07499822861621509,-1.2109242209795228,1.5860991216301648,-0.24081357528857592,-0.10899542027453676,0.9275078773234344,-1.3670296597399707,1.1596364787436708,-1.2230122996115258,1.9900060650362916,1.6336348449591744,0.6262299449996195,-0.6290705970010575,-0.7498388048758552,-0.43023275181597226,1.0787630106729236,-0.9250529476278857,-1.637407063344009,0.3228053000391187,0.7457876654326258,-1.1931877982305457,-0.00494635338912688,-0.31454442765408047,-0.356120985144385,0.0457305353599198,0.6043748003401057,-0.13154599979203804,-0.31825675896043926,-0.23457600001522536,-1.1517849554606585,0.5607251037248249,-1.4123832157903333,-1.7562674223542287,-0.863568410096236,1.9405561857826583,-0.04443001127870413,-0.08542724768610432,1.5111081725487812,0.3925042751854196,0.4622870395625545,-2.084402039638144,-1.8521972175680117,3.353969254525883,-0.6587722784796852,-0.31883918201304334,-0.6032994495275249,-1.9679696102684356,-0.8352729068444267,0.11151417760430302,0.37551394520395537,-1.648344526082643,0
1.0919197455921403,1.7589146166537442,0.6527690321869196,-2.0483968711027556,0.6023708184472583,0.02198611137027732,-0.0570599893231172,0.46619567466746975,1.3097710210838431,1.2329824066777666,0.12692388480692016,-1.2936953618327214,0.3648042777825561,0.8320020772106472,1.16926534919826,0.7016203949447982,-1.2899737185446838,1.7956864427094437,-0.31426225133773467,-0.5754365886075176,-0.07369665142745586,0.3247069192140139,-0.24641663963659724,-0.1620587586685729,-1.0355051109744549,-1.3495855548957927,0.026708299739189326,-0.041321732417025685,-0.41216195787518434,-0.0903509094881905,0.09416240978149396,-0.041194833246941315,1.0511005445175734,-0.6403283206676963,-0.9248900820322614,0.10156061631656411,-0.24643941731742502,-1.0811397091740282,0.4586346655820474,0.23353894306982048,0.6538881250827974,1.7974829905684477,-1.2611807757621736,-1.271804558378728,-0.884541880621946,-0.34246791499184936,0.1963680533272567,-0.7544225011323688,-0.5960746691083075,-0.7279934284375145,0.4631342956022533,1.3964532837497348,-1.2215490996815668,0.30802201054890355,-1.1937802354604505,-0.8898524004242515,-0.979713727190813,1
-1.7626765795951276,-1.1916597453920479,-0.8811975036352433,-0.23112657533667638,-0.06336327470239296,-1.229558093783728,-0.11400529738453823,0.6550464973017891,-1.4369292261051168,-1.435447094701219,-0.5800844511198199,0.18349751448298454,-0.39576033496774654,1.394249315928027,0.7622660373270103,0.295049393283284,-0.4479444465923145,0.9580773951383565,-0.2869865641679652,0.2275159937346508,1.5247862738024,0.5222563030531984,-0.8779143178157544,-0.5363278684720713,1.097466563726514,1.8201794420432718,0.3146124605112541,0.9871952307858285,-1.1544478131865812,1.415839635750583,-0.4373218907759839,2.3744108906944477,2.1063399014877198,0.33127317794438194,0.20114691025358614,-0.5332150042537077,0.1754650627942455,1.327338131611748,-1.94499096399965,0.7588857402694902,-0.8135829958414927,1.5438079910880276,-0.8909215379287528,1.925292567360563,-0.8107699884339074,1.384764370489243,0.7151315241009653,0.42062373365711814,1.4435664975050724,-0.18743962255352525,1.154043018283387,-0.08826714335571635,-0.3941680049195276,-0.6248433136910045,0.4685404652619384,0.647339711907224,1.9602404064280563,1
-0.7483188453235721,0.02180187767355939,0.5554810782719034,-0.992672576639764,-1.046964728942815,0.9785257405620728,0.15277766858668293,-1.045172139740584,-0.5331418088835317,-2.0216449728257317,0.42189796292016757,-2.4104100859642226,0.18240600066220292,0.567954419941933,0.751265971219977,0.7268502849917372,0.9989531198275231,0.47138412772830623,-1.2235253493225609,1.3596341885378382,-0.20281975921879908,1.1558712901016481,0.24409596931759692,2.2113096821375406,1.0236360196970768,0.027826387854094286,1.0173668653451857,2.124369931682735,-1.4159047751552747,1.87591165153804,-0.24867603890033327,-0.6992479928491082,-0.1517673058269628,0.7690858263677754,1.4719398508738801,-0.4418369095180009,-0.0266905225057872,0.5958298729070608,-2.449227481388945,0.1990757824458978,-1.14205766829387,0.4311526847072618,0.03815885691084517,0.020560522256488474,-0.920307228222215,1.7083596259147222,0.2542560347176904,-0.3043070171732567,1.950851766625193,-0.44105657524739655,-1.9201234710439736,-0.47340133699161563,-0.20983871863218456,-0.7381129238818388,0.5471263114707778,0.5612850952763081,1.500905681977297,0
0.27987469194633113,-0.3668256518997771,-0.06570615352236545,1.1218577810356907,-1.7084168840165554,-0.03947572634423971,-1.9945571278294651,0.22412017016831645,-0.9271638530676499,0.4495815658357837,0.6799905043194598,0.9293588392781071,-0.6551831968772879,0.3567173716639141,-1.5726201350082603,-0.8987892318433305,0.4837223630281733,-1.1694603812549564,-0.003915939430997743,-0.06608025907797509,-1.1927541546343503,-0.8605377681654908,-1.4947457647415863,-1.1273416542126322,-1.2473353494747386,-0.03452783692091412,0.9190972713311545,-1.2171736917308351,-0.019743294132809956,-1.2780260389198308,0.4252368120140852,0.8132764920750086,-1.3140690538381037,0.05585771536335102,-0.030635806548727072,-0.4790581713131326,0.32738974045365205,0.35326805765139385,0.8818975173134325,-0.1964944709969135,0.12798461098736127,-0.36375247196692184,1.3797696685247727,0.8032829796759702,1.2716563388701614,1.7101688681687683,-1.1227009787984683,0.5979770688696053,0.1119947940152677,1.298895815926516,-1.7215725068420373,-1.0979745451551226,0.8047606662189722,0.11176492524628193,1.9555562985353885,0.9094447841557358,-0.5036627908470228,1
-1.0566938439735685,-1.0222343690085849,0.9876217060896543,-1.2553139893474219,0.4294033232516673,-1.4813812987898662,0.4801723669970465,0.22317611073759364,0.22719461413810313,0.6897580985168271,-1.68259191498779,-0.33440004805540263,0.5647223843333887,-0.1324881586864962,1.1855697861181538,0.4331975308371314,-0.7012748934851866,0.20907295769437909,-0.6205908275112376,-0.44238441146330526,1.0764104049000511,0.7744818433307691,-0.21470596327459476,-1.3496189020513039,0.1117240044612862,0.70947300488507,1.0840820746970086,1.3061640660580507,-0.1589552126799697,0.564967039149841,0.12095313962947413,2.20228495900943,-0.15229171217478768,1.316380171033465,0.43044920510675294,-1.5920321475871775,-0.5183286647686939,0.7925378388755103,-0.8631360332977799,1.3843666868553155,-1.7406417681296853,-1.0967217434595151,0.03579802000914059,1.4207310978896852,0.165784173715938,1.133736421789223,-0.9066680303071306,-1.5580949129229127,0.08143270098027672,-1.4394231127963462,2.6294180585858924,0.027694665539318167,0.29427158141787774,0.42297425508779957,-0.4144720080214076,-0.8270927064284566,0.8566789152539191,1
-0.5680742763217628,0.19590310679124767,-0.07871488329362876,-0.572103233872161,0.14982950917014332,-0.519772041474346,0.45803906902853403,1.7557550918979032,-1.2390229057119133,0.25274990167034234,-0.4122012219757927,-0.027422389442511668,2.343244040322885,0.25251244913203547,1.903244943878135,1.1207864520315236,-2.3909664863099764,0.5527734966192499,-1.8023750610757048,-0.005387239555093433,-0.7148043450341516,0.24389535041477928,1.235627368524098,-0.24761626781827795,1.4402739906700073,-0.46728697183093293,1.2446280090238648,0.9905010446947539,0.7921350836440574,1.8664813969345386,0.19343666540993695,1.4895557456799784,0.3290682473288849,2.2703682028244065,-0.7662612989893142,0.31228697274158856,-1.2304312543995786,-0.3549227563736367,-1.6456389209899178,-0.3101375465978421,-0.6953694465059004,0.7653302247940131,0.6165462172950794,-0.5026901599025393,-0.814492642299622,-0.7288616561225756,0.8316776136470103,-2.5449308466173233,-0.9017873643115312,-0.574829855256103,0.24265903851208767,-0.8364024286764007,-0.0676305213695105,0.24925507081620948,0.17985732728570072,-0.14982341055429998,0.35706836932663794,1
0.9350329471774673,-2.6934597191951504,-0.6027227893152886,0.4024221335721586,0.13484112908841628,2.513790741728353,-0.12379114177975484,0.2531315253290154,-1.7149242360178614,1.3429424028874923,1.7321764824635772,0.07847286012245995,0.7759296389741385,-0.9698211002017137,-0.4552842708104435,-0.17170714208057603,0.010948638788211826,-0.8416158164994383,0.052720532594157266,-0.327748345176246,0.15390792996155125,-0.66126738541044,-0.24631358401109385,-1.2621215814928852,0.17281425315108567,0.28199188039789225,0.7837732393058306,-1.7077171109491018,0.0024746423455163447,-2.542708714135788,0.34373538754834737,0.9059074824081486,0.11744758354237601,-0.4916298487183994,-1.6724573321634633,-0.4729424986612142,-0.40700147148011717,0.24188797896911893,2.1581654947528386,-0.6763271642054052,-1.0149060330809567,0.03758054524586014,0.7821681071302593,0.4056723734548206,0.7964696476680211,0.5606745699248825,-0.9215837876280449,1.1929540852020204,0.2343381138263004,0.9645435446177045,0.44320700006507585,0.9758917346248369,0.020284882852527435,-0.5046921881188209,-0.27494622149979225,-0.763848936180332,0.06486426080808885,0
0.3837838485095758,-2.354115128729314,-2.160212768976137,0.6852904444065788,2.2222790391145355,1.0067468106497848,-1.5592195509408835,0.05151893636322071,-0.056386719922210005,-0.24470871030174834,1.1182646886484748,0.002760108181969777,0.7080038496188684,-0.6004162901820953,0.7897625948758427,-0.2901879177153079,0.14034984779421208,-0.011327937429751229,0.8677562521443604,-0.3880522367804205,-0.08151503233541167,1.2025289852313528,0.7387126346411794,1.4573712956039027,2.1140132949901513,-0.17352593863587487,-0.2824988997803762,0.40604168532603846,2.6888067505569038,-1.1181664655141976,0.29436533767834083,0.34341948680198575,0.07525049430343449,2.7111783232084905,-1.321889551501307,-0.2934955326450446,0.19828240611492945,0.5211117623880943,-0.24971882606199383,0.306920601689139,0.664370517439939,-0.585255897299949,0.024154447559461074,-1.349477773961387,-2.149564709207851,0.7874421724420326,-0.8972647117004647,-0.41113512427021487,-0.14268982132995814,0.8441657638566815,-0.10295568597108581,0.9986333973801015,-1.0414250039967248,-0.5099475567577592,0.4449738672055944,-0.6253200266692487,0.7162829331894273,0
0.35532749208526,-0.35302586149422155,-1.3222572722568784,0.06855405373116365,1.6677688977205074,-0.7188850637176541,-0.4046172655895044,0.05139958604193332,1.0692355825471886,0.2067585637067233,0.9595306296020384,-0.3321933660662521,-0.05870153123078854,1.2543777042260071,1.237292315585227,-0.6178535893149825,0.4129526005369423,0.27940967500373914,0.7400736813457601,-0.39994703241407925,2.440791479732721,1.0159594836742345,0.5691341046542228,1.6223509612557079,1.4760121968017808,-0.05759458146955357,-0.6969546363933293,0.1427538721095347,-1.3639843433358474,0.08738525394392987,-0.48731305979680956,-0.00797081445477504,0.6738016230704256,0.7037884721332965,0.41536204532415577,0.77200651665346,-1.0023807284944086,0.04016721784441279,-0.9918058549480315,-1.364135993003785,0.12183774282811534,-1.2384811018440183,-0.17263747647897948,0.7089033138795283,-1.838479005533062,0.8073088103333677,0.532238962211939,0.315629004114057,-1.235956490784735,-1.0927424748584542,-0.20172237304503438,-0.7071866259859544,0.29629313371993343,-1.2185718681278614,0.5969232361882566,-0.7166189234858767,0.9766099101937357,1
-0.3261019982311949,-0.6044611753025737,0.49652861860297276,-0.025946917402589222,-0.5170825372250245,-1.6333047604422584,-2.06750143540021,-0.04477525860770692,0.15292114990016356,-0.4927700157044725,-1.0989502616446627,-0.30057753662109354,-0.4020064080981881,0.44208346174136515,-1.206203042069138,1.4325107228328127,-0.19167133421118912,-0.6582306787479576,0.9600262749477438,-2.2428549467034435,-2.1294706117211835,-0.5498021370605393,-0.29881346286630506,0.31157618980450985,-1.4368151340494908,1.1929361723665108,0.8149975469429684,0.050850877393953615,1.5881841440807754,-1.3930354101159974,-0.49178025200363823,-0.20977408353976415,0.8595490513636455,0.3938171153285264,1.1261390643463811,-0.42068493624781667,0.23692752214822255,1.3820107713049095,1.7674971799609118,0.056573857505201164,-1.3650021159576373,-0.8754045490601696,-1.2125290951305179,-0.10584063046290527,0.5757288195257304,1.720595721546491,1.1700385646817097,-1.2882879095746818,-1.469193182839926,-0.10078336630746737,1.2824881310149046,-2.2306696152266454,0.28764191891861846,1.809296861603168,-1.5587834094005988,-0.2245029993853316,0.5313265819687599,1
-0.6585494873915139,1.612967120168094,-0.8245275378416229,0.04296809880057776,1.1344914118849319,0.20854494130319937,-0.7738111388003726,-0.9602720478116951,2.0492367544691272,0.20436109762066657,-0.1821866919476445,-0.5075411617895726,-0.39177766297731836,1.9230803963817176,1.6437121080783237,0.49275217091268747,-0.4121113590663076,-0.18266605454475854,0.6092993567989303,-0.5750492946311185,1.3564657949059966,-0.0563140351340808,-1.2001836391610958,0.601599826633529,0.036688867481947114,-0.009706844460185765,-0.19594730408161298,-0.4661826994144608,-1.7564149435352499,0.18193898177181,0.26211506643532584,-0.09987848790979777,0.11643933172945187,1.4488607835753613,-0.23399656119854692,1.7645799836968763,0.47357640481057767,1.1160472176666658,-0.18197050824776714,1.139577621782909,1.0776067745694786,-0.6679830779186049,1.3795241645492151,-0.8869223277283107,0.5192334828274273,-0.5372680644382007,0.4882339616034718,1.5128843198865294,-0.7734668441713601,0.3068866159025089,0.8581515082427954,-1.2059333821806533,1.2997991271318534,0.7518421414200601,0.04601385338580529,-0.8600210670889699,0.055211481454519956,0
-0.9919687787884021,-0.031708383192609296,-0.7794008698285385,-0.3622994825703688,1.1726135984480286,0.5395921637087077,-0.53653831199059,0.009466339400302972,-0.10008233209334963,-0.15554068818937225,-2.0232933810241427,0.37398505697861734,-0.9420481764564944,-0.4468226135270989,-1.026222639374658,0.15550883942894542,-1.8212034343230294,1.2693451681486805,-0.9186115855311847,-0.6351101547768875,-1.8920966582498382,-0.4255375851415643,-0.19321380293553198,-0.7299121102833397,0.19943012179333658,1.9807459291264542,-1.5601565496452263,1.4923555348916755,-0.39313641539170957,0.2688919114477976,0.3653047501786831,1.178923580929651,-0.025971799240878002,0.8770610718055801,-0.8034300073656994,-0.1474191836388446,-1.0394844941882464,0.8042578495742914,-1.0523216948961431,0.7116133049353417,1.1794023247594603,1.1078378001200009,0.1984028775526742,-0.03989319037384781,0.4919911216169744,-1.3749710785877565,-1.4573348782990385,-0.6611769192861331,1.2359678634123539,-0.6895310219736721,-1.4442250615872945,-0.11826993017594635,1.286010752496637,-0.5882510983492152,0.21039026296356225,-0.9529507698336408,-0.46354839630024763,0
-1.247389907956808,-0.6850413407662336,0.17800863635631625,0.8966834879731993,1.8854934806558323,-1.1760675792188202,0.059498781650602066,1.5284839585646106,-0.7417875092436558,-0.9753750966919874,1.7365924433539015,-0.42122310026093535,-1.1640774874715174,-1.7137364830352957,-0.13518215146213913,0.7084907486664669,0.42453825173338416,-0.1988323586495851,0.20345899906251236,0.06854654024435419,-0.9232231967070896,0.5380343229900476,-0.5864975301997836,0.7079350598537163,-0.017998480204240205,0.4993040119946655,-0.47321529762148384,2.2896905225494253,-2.0438913308839197,-0.9151197976556606,-1.1063391614440345,-0.6886692791595007,0.6990847503645928,-1.060642835521927,1.3336768517928062,-0.09236637587574208,-1.2156872453905563,-0.09526497619446006,0.9970776889111939,1.6569031289017377,0.059245779021992365,0.46261070855765096,1.259171028254867,-0.5180318412029418,0.05604798112696069,-1.3427425761352545,-0.20401022679186218,-0.998906303131285,-1.103939827398338,0.39412110739062883,-0.9051149294903814,1.983841397673019,-1.3068343755656366,-0.4720593626581319,-0.009650632208801014,1.232374502026904,0.3268632985735981,1
1.271750419456807,-0.22137889412578457,0.966241576543012,1.1602017408808516,-1.3867856271958092,1.0297560110322632,1.4673322813218992,1.4393002446487508,-0.6236829271062438,1.062775366674908,1.4160782152466918,0.2953797721505965,1.996935639338134,-0.1739863772105112,0.5998082720075283,-1.363643082066596,0.7080914180624543,0.04785755103819461,-0.7723634051286515,-1.1282894720794683,1.7227540497537361,-1.0297076756739287,-0.14628768696297445,1.552221186728765,0.8056947486251471,0.08628173773846289,1.2897528177132285,-2.033637137853938,0.6738331039534641,-0.6886245524144103,-0.9273788312446432,-0.24821622995705098,-0.973458596222511,1.0573207837040604,0.7981248000801234,-0.5894239658858298,2.5347313353468914,-1.3173569295915608,1.2141922878485387,0.5532669725951956,-0.07975185560074138,-0.6307853203717572,1.4523477581539104,0.005610535738638725,-0.41916438724550714,-1.761661426972116,1.5052152853575165,-0.388210042700006,-1.019625935988417,-0.6396842841142676,1.0331342006999449,-0.8793293438816557,-1.162256218134018,1.5342984141240326,-0.08031473060471755,-2.393127890104724,-0.9017350217828128,0
-0.056145782286489664,0.7038186420727609,-0.2204996756027313,0.10748327836591857,-1.2685332400513192,0.1403845900117866,-0.6197720535225139,-0.96978116392015,0.8854009331453054,0.6092754886115618,1.4204263329761861,-0.2699296519039826,0.002771957303668715,-0.3397970086233074,-1.5121560771898488,-0.32144148546604007,-0.2841682252538644,1.1587322801571365,0.1923169657775153,0.902353081418847,1.0678055237077655,-0.6763354882893803,-1.1354676593676831,-1.0677168190552806,1.7695183755916726,-0.06440895663036017,-0.18318428843982604,-1.8955509830935933,0.39946296535189313,1.5788986309502866,-1.6242751482470021,-1.7931873643867782,-1.0681601780172643,-0.026408708443436128,-0.05491486276773626,0.7195538727996066,1.0058248684844973,0.380228307935392,0.2144287855718499,1.3017962686637456,0.1151970522003589,-0.4513642426524886,-1.7645425683673286,0.5100900559206352,-0.8058263432130139,0.30210958379139075,-0.2149180742032269,-0.3972706842462345,-1.7289455998467578,0.780348651536701,-0.9081275453609959,0.450814672113434,0.28687282884915755,0.1410726786615318,0.12352097046035486,0.7870224361532129,0.554270577554897,0
-1.6036282477777997,-0.8171730997313239,1.01298583001687,0.34343548581140726,1.1552908924926706,-0.7901504543339938,2.622113890100819,0.4839016986764482,-0.394581956020506,-1.590320036516641,-0.07827259613049616,-0.5518508614780833,0.1370762255646068,-0.25100664856057947,-1.5387706900862166,-1.4892125358055182,0.19529078934929125,-0.36630083437685645,0.9851179167776508,0.2700770824035904,-0.5830941135102586,0.6956732229015993,-1.0656326279501835,1.2133301796011278,-0.35778913639785,0.030751665709361345,0.7938296604237968,2.7168667570778076,0.04129826544298828,-2.347423203263505,0.7475831115411555,1.0659789234101011,-1.2097807923573503,0.8277993609419289,1.4859725421906604,-0.021086619331789916,-0.48174581031950514,-0.08660924296660745,-1.2675959201639018,1.8113469912328308,-1.2227367660775712,-0.15367449687724705,1.9664877531918399,0.01278205439957905,1.668297742140546,1.5602105887574376,-1.2547411956241243,0.01464504253842818,1.0912139170266273,0.45087606971985816,-1.7392984499499378,-0.43407553997744397,2.1096756143490074,-0.15893945897158088,1.880702006749272,1.8386977156283852,1.1705467074445939,1
0.721124262194573,0.018198855128249557,-0.567257389667932,0.9085188956873238,1.5736713817789048,-0.5107081369153903,-0.6959019473915236,-0.335274034734607,0.27921987467179826,1.205609226218054,-0.40911331472200063,0.3662690417496397,-0.2722839801881004,0.996198575581317,0.19284276616288548,-0.659617436377772,-1.5386209175525765,-0.2775519283491492,0.8434038601803417,0.34238302209284666,-0.026900843155883137,0.6144363159771364,0.3590967886763055,-0.08765054292870504,-0.27281806928424635,-1.3571817521383585,0.11195798990683069,-0.2427429500591118,0.9833944223003007,-1.091596056454747,0.6628439602351773,0.7830118879135627,1.6095611274188422,-1.7160784728174312,-0.21640171512243675,0.572079427349123,0.43178178239689746,-1.4904846584521256,-0.3087781558197254,1.9484077397918262,-0.16082646966383185,-0.7930880101300151,-0.2291373321365286,0.31543449729862766,-0.1882695185436548,1.0417480075207262,-1.0933593514453421,-2.541548516637637,-0.21439059731925597,0.627588111667577,-0.2742025625961654,0.3585801854930881,-1.5453375413554682,-0.21304306168781065,1.224361629275086,-0.7323094187044991,-0.743255285968825,0
0.2740963192823474,1.0056022434733272,0.18389174742037362,-0.7482962083343652,0.02420205728656268,1.2378218432963752,-0.18665424042735584,-1.220403406987875,-0.4124340766903302,-0.41918183311154056,-1.5653165913992124,-0.11578071092585192,-1.1340126854740755,1.4609357299863155,0.04785274150906063,0.5736101086187002,-0.18531545506250302,-0.44706552903685454,1.5200442781482015,-0.2969515218957582,0.42483743251398554,-0.05501898161499637,-0.4845497904649966,-1.1418286143031942,0.2724924388156344,-0.42497922009009664,-0.8331187328066186,-0.719000549499051,1.093817234190865,0.3732782620821533,1.1923575496403482,-0.7102077532283604,-1.6043659773893129,-2.1306155293877036,0.9346426409582617,1.1662501465733568,0.16712767887182362,-0.6064329847432935,-0.9714681468099635,-1.1251951277558256,0.368471416256608,-0.5880867363241384,-1.2181492746719929,0.41883403325418794,1.5870046187922733,-0.4499379733311079,-0.3308994492315193,0.963829488641016,0.21254820640197236,-1.3613619965633494,0.2838805886388102,-0.09927920144090574,0.4719234843053564,0.4575031476960364,-0.30581462292591655,0.3785081099234093,-0.3307035126454897,1
-0.12008278726953218,0.7199150157293317,-0.375996921071649,-1.8878073493552379,-0.6404223901337927,2.268926310635941,-1.683620719572075,-0.11853159409461442,0.33857276183772794,1.5296618573604355,0.2650258916629671,-1.102356656883437,-0.09409345386333742,0.4824188942776715,0.2959387599967516,-0.8609792262632294,1.580839343169052,1.335856975986737,0.5935337444616753,1.0626101678899151,0.7110249313596074,1.2152536210072444,0.9979840273426825,-0.926122568213217,-0.9776151496981657,-0.7722210652902461,-1.057919565148339,-1.4953175510851906,0.2744138154152817,0.4469026115697794,-0.5927398183189038,-1.5989774690599952,-0.048518947573676655,0.013696541078139522,-0.6633840146063602,0.726791299459869,1.6671853200291467,1.6876453092638912,1.487283003670915,-1.1711396512216312,0.25237842695975454,0.381474465974235,-1.2083148983407723,0.46050378818088167,-0.10579206397555416,-1.7643973835246733,0.7985567628628152,0.20884024561570888,-1.7022936717532045,0.4684210020936262,0.686918775723125,0.15535210114519635,-0.7744882972740822,0.4540017536743731,0.20296398570542917,-0.27571316037597265,-1.58940710294483,0
0.4051637401038161,0.3108436512400299,-0.42450598468624745,-0.274383853680743,0.10059674722711212,-0.13204950940457225,-0.37593940042348684,-0.9112256851996705,-0.8441250196575619,-0.2578472512179147,0.39628969316032503,0.4170873500334451,-0.2666280301380445,-0.20601635969898724,-1.5949556501400375,1.606884521542294,1.9558661262477746,0.750405776991141,0.5981390867358,0.4803221306073068,0.7826348647177924,-0.013380200791203471,0.47519107264213933,0.491589835390016,0.5938483470647874,-0.6522271761248005,1.1457256722536149,0.16831105243394764,-0.8579991420536439,-0.5012223479944019,1.1253411658686305,-0.27969675959793117,-0.7848893055445404,0.6466267800716371,-0.0009122847488928378,-1.4556937847840834,-0.04864557438017739,-0.7649466127918205,0.5109873015174665,0.9688074105919742,1.498141517415747,0.616916696758262,0.5546377048260392,-1.1519460594695623,0.03329816958465307,0.9752355363077398,-1.1052196717331797,0.8661625924429629,0.1249921742362023,-1.1322282409088704,-0.0396413745935065,0.6624867483360877,0.11202115494982764,-0.2701018419760417,-1.3417234012702395,1.445293172907297,-0.66044201152907,1
-0.2749514329688006,0.9220709792719577,-1.8209377969403278,-0.6265772254606223,0.7065585149108723,-0.08970093804286246,0.8017820840836616,0.36234318447007985,1.5770413893257924,0.5973130542157216,-0.011722076246880984,-0.6857744258037648,-1.0208304077311008,0.20067700828889062,1.3879561041415016,-0.5083272692902397,-0.5842352591692898,-1.1922805755892487,0.8854631579373686,-0.27567710508199217,-0.2141482372011148,-0.23975581179162114,0.9691399601237561,-0.24047300667657687,-2.0525884104224894,-0.2860003710708308,-0.853753409052821,0.08147644565202267,-0.5914785223292627,0.11980247774492248,-0.02943219623735333,-1.7617084013071658,-0.039947342868172996,-0.4803820527993099,0.7163732314569297,1.2996720187770634,-0.43445937775141924,1.4311613760294999,0.8476658566263905,0.30946227705597634,2.0379917841505963,1.2216604017392165,0.9903254175820396,0.8084873301948968,0.24182042386511804,0.5267795622663093,0.23561277230061894,1.0326733861264135,0.2381149557233565,-0.24957416198364543,1.3016176858327013,1.1498355970285383,0.7948487874275183,-0.899741553786329,-0.3832692769351488,-0.4265259606269965,0.7410495272214264,0
-0.14064764497767693,-0.6107301220929303,-0.4351747947357757,-1.652653171404929,-0.3243383771419618,-0.3509090135636391,-0.5412586360349749,-0.7096398130715359,1.9014587703709427,-0.5105429443839514,-0.2631148745452573,-0.6075074593625991,-1.2733613955658731,1.2689272724062934,-2.011493948589216,1.0531223723406529,0.6960506063951198,0.3089034476659855,2.0440878013608232,1.177683244859633,-1.7017722379997187,2.165723263040392,0.21560302250621785,1.170683323847629,0.8918699815429367,-0.06113639725321464,-1.0251722430311974,0.897388912953716,-0.8727426687412628,1.4324837116798304,-0.2867487765827677,0.33946510223361187,2.5288850853815137,-0.35680975733582504,-1.1081591836078568,-0.5731579464745474,-0.5425619084185628,-0.018134975942702157,-0.19544820888977485,-2.423347741329467,-0.4664512526264705,-0.4269231843192711,-0.586029696492065,-0.9164685255926086,-1.2683392912686924,-0.3870014613992448,-0.04548254776632776,0.3628485031400336,-1.329926800609399,-1.1449279554562521,-0.43872453824432683,0.9300529388992932,0.4949270881051613,0.3609683295397915,-0.3379524560731392,1.8866275034776503,-0.750614763893455,1
-0.28524829386437217,0.3761385376408718,0.9075915029029084,-0.11791443740035672,1.1907263549636549,-0.9816115559041904,1.126539237865172,0.19516892553088605,-0.1357016992805308,0.8649550548702611,-0.14688675019516387,0.6978442380791456,-0.13485836850632044,1.0071591029112485,1.5888482834705844,-0.12482049965204244,-0.27837409591870726,0.24004749072443024,0.19200288089102516,0.17343722354725022,-0.15963533609686242,-0.8511888473138687,0.8089338459972241,-0.607119486477677,0.9984908861150575,0.2826349142486485,-1.3593859503209955,-0.33814277373467483,-0.2507098427212448,0.3102064545681424,-1.166031129825952,1.6070341190927304,1.7724504604862514,-1.349086540948926,0.37799922174348827,-0.49028083191974076,-1.4131529174130995,0.5817611020028813,-1.3997258383877877,-0.10503495820222979,-2.4633356515914007,-0.853185189130976,0.025744395913342412,0.5285188311402262,0.7594614555643135,-0.8170111859154581,0.3199360687467416,0.4116002202264282,-0.9818184965305867,-1.907586653719324,1.0420998663707843,-0.7610384235184479,0.8600189474812824,0.44752734207712275,-0.12234178426554779,1.52342718690742,-0.45637108432386864,1
-0.16033002463222182,0.06341201742492986,1.4094268384701614,-0.10923943544879876,0.8911651988647646,-0.4086510079351579,-1.099297729156743,1.9925316645875093,1.493542959956809,1.7644912413771565,-0.3593340008362293,0.4388934410318747,-0.3839319888857035,0.45960445341086476,1.1164269477803472,0.538082982900018,-0.6628357651070724,-0.13132058782961908,-1.168499758596533,0.016875147074557933,0.32851708764332094,0.5728832232922683,1.2396031961886536,0.023702987802314782,-0.49008206395101417,0.9049584745251725,-0.6856748854910176,0.5964028138024159,-1.0758379128014937,-0.4186726881285075,-0.13502962754253856,-0.7595563744244823,-1.7991134006591087,-2.1212906296709355,1.6531361262484021,-1.2177873103374925,-0.5186907778788271,-1.807047863603327,-0.892353680881128,-0.8724858027723421,-0.7759288359221079,-1.6349195177810694,-0.2489461999569875,0.719849190276342,0.6695353236278561,1.2876158225109864,0.1493088011331541,-0.4621095915185664,-0.8102344245075904,-1.0826680454989415,0.2761497285197044,-1.6842206283953556,0.664895665670457,-0.07024525529459509,-0.44737800156680063,-0.24596683582970455,1.491870276119622,1
-1.3433146050619675,0.5588651611759818,-0.5595460036037857,-0.6992428516052664,-1.4539344564737549,-1.9262446564676396,1.726641370580782,0.2791093045714836,-1.0249726200337044,-0.10323697282118449,-0.43516353825910137,0.3065296078998472,-0.008985277058641194,-0.35263077745852434,-0.6909686097488691,-0.4414657786736812,1.2859984733610883,1.7865090679781523,0.2311365124315465,-0.5969949267503536,-0.9344568728518432,0.30344429974909876,-0.06669138058270623,0.4738603749749226,-0.8982267801516218,-0.9728052754209124,0.46359220021059466,1.678207284073715,-1.2344393347534155,-0.7992344691068953,-0.9926882555707419,0.09374872502703889,-1.0625068825074828,1.4134332286885363,-0.01829418843250062,-1.9742157729252547,-0.6035159703523895,-0.18546004711378705,0.017432417962423914,0.8571203550669679,-0.7058965223683195,1.294177939813279,1.093295941457956,-0.7849319664062168,0.27673789984625974,0.3999844805369451,-0.3623655556509578,0.8799472010450586,-0.4703165227340583,-0.5454366803788167,0.26562009930992775,1.3312380947065408,1.076366795746443,-1.0772724681743517,0.030914794149154354,1.6629309656880409,-0.6521895573759677,1
0.36245135322993255,0.11594117163081528,0.5067252570631676,-0.11260480073581942,0.9810293926990192,-0.028551220669030774,-2.44592651142425,-0.894498731758103,0.44588124674262475,0.37961957213509967,-1.0938581535687888,-1.0087138103626865,-0.37265730942310976,0.3357938555158513,-0.5154180644834825,-0.20560381660169108,-0.45287168099433034,0.44279389259895385,-0.6314862362784347,-0.024152603383818274,-1.0403400509395717,1.0851586474051995,-0.183321459122335,-0.9895528149377193,-1.5250309777421762,0.7761503985352562,-1.4946632849156225,0.9588096170084413,1.0147484203907893,-1.1424693054822586,-0.5691951371544322,0.7499770179586697,-0.41799705439582213,0.5301892173361077,-0.698274261742083,-1.396536508503029,-0.07052404672611433,-0.4540558958428578,-0.70396166478214,-0.1179068424485538,0.7390582714024391,-0.26583411006860197,0.7694413615042948,-0.08853419993764262,1.3082105520039395,-1.3512470626572861,-0.8228405835377346,-0.21785395269866573,2.236865784942176,-0.9918924447584279,0.43401745939888053,-0.04169231949110672,-1.4204329289004134,-1.713148041382793,0.0767470359238506,-0.7619544634678225,-0.8328272184478271,0
-0.3540992090988455,0.6915271726939699,0.0645304987961278,3.1122680996477605,-1.5139989378806007,1.303353711935353,2.240005509417261,-0.24974171154746613,-1.1638850449458458,0.3438121328825501,-0.07767361273026373,2.0026748095214657,0.07410942934233318,-1.7493261261405268,1.0174392403319177,0.13394105939918663,-0.40831353296391565,0.6877006010784246,-1.164921419731416,-0.04166838987977433,-0.569248019086314,-1.6186345650734364,-0.24510208518127674,-0.6590454737616531,-0.41623940561394585,0.41325463954665875,0.3868196258836186,-1.6912230819016865,1.599633764769883,-0.7151039908119602,-0.3202851444248428,0.2368486767206793,0.46053666150134626,-1.893184477697354,0.16482168434004416,0.13596897029603916,1.3848806037255694,-1.025657792119504,-0.5657270274125669,1.088556663790573,1.2584567566827536,0.543942249515671,1.0143756308694638,0.27677277245177145,1.5244102084579658,0.007819800976736319,0.5742889897626003,-0.2565248875966668,-0.6325770684643995,-0.08157122201399984,1.0948379260823955,-1.6503846256688846,-0.9338722373794779,0.19541776502446193,1.8170744718880492,0.3333332167960116,-0.24992211781802756,0
0.8529940629251572,0.6865138023647382,-0.5367431538087386,-1.7442073794326303,2.1026977949216104,0.3263823002727181,1.1546961882266145,-0.8002089737592833,0.910270229478574,1.3213078540764789,-0.041628236685841556,-0.8532827408522952,-0.5777838558895626,-0.5480613458975356,0.36068963893522826,-0.9087157618914563,0.5732654546552032,-1.0448748364653746,-0.779341056908952,-0.6422871471461536,0.92607853365199,0.8090210455712541,1.2309319918619535,0.9454463423503172,-0.6434872087870527,-0.21908846258207554,-0.12118710937699895,2.366442886450773,-1.5807637126276488,1.0988479794411448,0.07938639957950189,0.15023163278171658,-1.0419333644732303,0.7221838547020661,0.2560477295353928,0.4894163666123529,-0.5154597412687699,0.530252557690869,1.0934093279876822,-0.16419094372141604,-0.7602530977311853,1.7825183841728782,-1.264744268987761,-0.9846374465241083,-0.5041226301329823,-0.043040506538010115,-0.5442258598794877,-1.5177332018782324,0.2993609260354079,-2.355636982475142,-0.47906348580397934,1.2620370538708976,0.0361920756550045,0.29989493406574014,-0.48273191267237076,1.1092946130368033,0.7655490998988884,1
-0.10002246086555266,1.8126943608913542,0.49381032949234893,-1.3527486503460755,1.1380751106567286,0.4973380108898219,-0.07219469203444719,0.3337987663917645,0.6746212758343376,-0.3537076871412897,0.5724472233620214,-0.15513865227111887,0.6522132504459565,-0.9377999080435523,0.6845348954469059,0.14115210667124195,2.166625380224963,0.6915736268384195,-0.45145593821976643,1.9615217110840393,0.4089346187724304,2.752666197449926,1.2882616353121354,-1.0795498235473289,-0.7479877935243342,-0.40031971435435215,-2.9116572019675,0.572961876324417,-1.957483830868716,1.3718895635785813,-0.5827672273935707,-0.5513816419719832,1.1141753547295694,-1.3226593621464204,-0.8974628499253965,-0.37452169214411024,1.2205464710097673,0.6231233627804976,-1.0943272637830286,-1.6134811916736702,1.7983708032254009,0.2849191703826459,0.8276900870967784,-1.2620189108010031,-1.6180474955349762,-0.4818176110113736,0.23468488104012464,0.8804269308894808,1.015859487073677,0.3686880093095599,-0.9595563074977739,1.0271827030292924,-0.3318270140521251,0.26780228387002186,-0.032537720750807506,1.2647152067315608,-1.2920273405609703,1
1.1260820702522978,0.40074912655602507,-0.42110679766564635,1.4797694043524374,-1.1975516919044182,0.5937927649026564,-1.2118742131545273,1.6741180882714481,-0.6240551172048397,-0.09732329010238548,-1.057414049030293,-0.8781586029373036,-0.41868361357551986,0.2818203853428089,0.6728976555244901,0.6350340767635863,-0.5367316157050414,0.2933046523488091,2.60700285402522,-2.1809125357174075,-0.2587039277437039,-0.039524793300135724,-0.003604421775439522,-0.3669529212588056,0.17389905110756207,-0.4973551022897667,0.44877189974789444,-0.684023743033907,2.020854671422951,-0.018439264022247197,0.9894717679940681,-1.6008120497245732,1.5134455595721337,0.5164137218204112,-0.136332646630958,2.4052433202738057,0.24306879628399153,-1.8275855971091923,-0.04789401027442596,-0.7987634416443852,1.0542901144604764,-1.0567567203623045,1.230408483258765,-1.0575756127842713,1.3302110944933656,-2.454652012030166,2.08844277686561,1.429556512382923,-0.7774783369834772,-0.31730965964012103,0.7919532362739496,-0.07690132068678318,-0.15443900132549515,-0.6784207664424982,-0.5181877260672891,0.2537207618709041,0.03286805677455084,1
-0.24964558857598318,-1.0835679831013183,1.5164263290323432,0.06473171114085291,0.9170857758246027,0.1642228012045448,-0.17200375215990923,1.1744810584674106,-1.9569042798028815,0.5476140627318005,0.10516594455711732,1.307673575006376,0.43200814883083005,-0.255598195964335,-0.5858908939862641,0.7717787174883826,0.319503123144299,1.085768427257067,0.4692075287133143,-2.2472434775352705,-0.45384220106282164,-1.5252624874716967,-0.24257331166919918,-0.16592528734642015,1.022908966806522,-1.3227085178755782,0.7590036763627312,-0.2582777582086166,-0.8314116223071464,0.2861144914626773,-0.7342254635601139,1.1802514085134814,2.0672167925167533,-1.1851678912849146,0.07008168353552138,-0.08435897431363937,-1.3947581163565237,0.2777045713582188,0.16886022862568065,0.9028571036257375,-1.9136050676165273,-1.8692011448835741,1.6169397698022037,0.2936839767505749,-0.3563349256737332,-0.7949036039096905,-0.47768751974397616,-0.4591966218043758,-0.6623328287681838,0.32008331700378595,-0.8256719591169025,1.904277831929926,1.3207718273534308,-0.5717746895798819,-1.2658613497337647,-1.3353589041812701,0.9185602461061917,1
-0.07321556004752174,-1.085610131242998,-0.5405974500620846,1.2642162354004096,0.7834726982517717,-0.4501352152089014,0.019673261981961135,0.3030497009488215,-0.5736537855308145,-1.4680334352515048,0.9431497522674688,-0.016040867229486555,-0.11574433510990362,-1.3605926577388603,-0.13207533093391455,-0.012896831795113656,-0.5010783682295745,0.4881250475738885,-0.04734666419508148,0.48276920792156514,-0.40860009204526565,-0.01819166885982585,1.1018669193844426,0.23567004256355745,-0.44501251526394847,0.7840669055304792,0.11998324347556336,1.2552005376436495,0.8055206970784549,-0.9958441243359702,0.31865545668356665,0.20411049519138857,-0.8351069447944441,0.2803686127360318,-1.004689723062612,-0.35557108749156496,0.11649175910792163,0.04241478180063782,-0.19951071122460837,0.8424296319257716,-0.8047905236629989,0.0016105744066613717,0.4407745291962003,0.11759090695693794,-0.6053997925502029,-1.2014217495536883,0.5033656527830175,-0.29384840426076947,1.4075018761353149,-0.8711601011898745,-0.41731503888365545,-0.23360228541228467,-1.0241771001601592,0.6865707583049058,1.3846809454435336,-0.6450999495063148,-0.4385455815636402,0
-0.7298926582618386,1.2232940107790922,1.1767179688371214,-1.4509677068366151,-0.7728276003790555,-1.8186361102638346,1.2064166638703893,-1.6390715443999566,0.6412358157396675,0.3814403900853681,-0.2518522146061267,-0.040254648642981,-1.1961466633471158,1.0709916163330462,0.4655887317340824,-1.0861318895802143,-0.4423190715937888,0.7745075364032327,-0.8093530034542854,-0.864734510240931,-1.8307563930006843,0.612869041785761,1.6030441941099511,-0.9927075689627993,-2.780042580398431,1.0074569700385978,1.1543828199903388,0.36577727949259836,1.5136945198395166,1.413006591303114,-0.3464690156014358,0.32605935727558527,-0.2862821440111317,-0.252860171966848,-0.5228809484950562,0.181454265441267,0.9796634066795795,-1.057076690396044,0.6050313865036556,-0.5513044198332757,-0.2594566870162967,1.608368255950268,-0.759394689607344,1.1940626651684683,1.7512223874107011,-1.0844077794638984,1.0638087037348622,-0.4075896406695941,0.8459166131358637,0.27816821726429447,1.3839251549609026,-0.11321675481539677,0.6310426073149121,0.8863192458096862,-2.1945834194072034,-0.328784201362552,0.6746918817343868,1
0.1731787570567094,1.384072380668622,0.5467761391395242,-0.2633493862634056,1.5544079409523726,2.617992828794953,1.508489935286024,-1.3124762714098777,0.1522348271245565,0.31516316087170226,-0.30260272312997355,-1.0243477668190346,1.6685041341356746,1.0227995593239263,1.4270265317474016,1.0819263434771353,-0.8861393023656222,-0.4879631351988637,-1.4703617693871773,-0.6044220899470606,0.458140248237174,-0.2354347854710943,-0.4703982656554345,1.1559766013278312,-0.7596298660179246,-0.33201254277590636,-0.06124013075958996,-0.13899502015150422,-1.1461984388271789,0.20374137862923739,-0.7979883593208446,-0.7688517404373449,-0.5658593246536011,-1.3213548433332254,0.253836195120124,0.48521662369178503,1.2580446267260057,0.5614685530667944,-0.6689753201442742,0.7390124296208198,-0.21490667767211158,-0.9841716997018374,1.478389006159684,-1.020992437910548,1.5333337025425067,0.15879498031792946,0.6971609027223231,0.971673048674852,-0.3303567616095076,1.0781263609462257,1.8269933065384338,-1.2419032806916015,0.7261838725281101,-1.2715200235413677,-1.3378322318230007,0.5350846809635422,0.46012856559393517,0
-1.423282005084858,-0.5193459478293936,-0.1959487077024393,0.7237098924750215,0.18028115301694386,0.9000983802126796,-0.06600057088978521,-0.647639088801335,-0.15475845893488363,0.43044997593091194,1.258159026009432,-0.47450922371657006,0.007968272753290762,-0.6375076810004849,-0.3206610928290706,0.9844596476317805,0.13941198967235066,-1.0640423191177184,0.4043176076266501,0.6235800981484176,-0.1886230035304329,-1.096777076980559,0.7395040896497505,0.5033846090883431,-0.2555035572138617,-1.1968357554106042,-0.09210364727768945,-2.3760451594200136,1.9263507735621626,-1.8380379617476335,-0.20992317536729738,-1.1921654656988192,-0.06789954326853051,-1.5436511627807183,-1.302068884433934,0.5569327821811644,0.4364667970332345,-0.7553891607982337,1.0255384107545928,0.4055563061024601,-0.00427520676334189,0.10549723755904587,0.11809565660228404,0.7069789905550763,1.07693523954963,0.4608077742759405,-0.8474216982278928,0.2322350625486076,-0.7113124919421646,2.633676639914219,0.09050635774854815,0.03606020393701351,-0.9021069164860945,0.8498225667105845,0.09173165164631361,1.095867725363087,-1.588876682150869,1
0.2921932217244121,-1.034993199097678,-0.08862077174539693,-0.40153161772142953,1.1677072472860528,0.2236016783981947,1.416745359452621,0.08360506748571674,0.12793360998803113,-1.2761792898977822,0.15233529263305806,-0.013093844381338019,1.2662210590404706,0.1449262158682712,1.144855827532903,-0.16027785511768491,0.5917040788665379,-1.2720022346876576,0.6422677531476854,0.5816314616348748,0.9777325257447956,-0.16661555537291703,-0.40995399737208554,0.6367840436380403,0.9832833035378977,-0.05115485053754085,2.061256808824056,-0.7559899323303122,0.8703125528763651,-0.06330917636366805,0.9156357177946226,-0.5899656744553855,1.1659943771031755,-0.2638697868569842,-1.4683358010081282,-1.4719139673474504,0.2111203479817328,1.643858328009306,-0.2424922888718148,-0.9652018371970261,1.976266515088053,0.09936261465784893,0.19799292225890028,0.55086161713406,-2.5215080327772146,-0.019011800247646676,-0.35488250452754105,1.6294999154012526,-0.5882221190354352,-0.6948190594916621,-0.229682843569611,-0.01737119819716053,0.26182303619105163,0.30835130094521357,0.22374680110930217,-1.1164847048976745,-0.7610426140134874,0
0.8600415713068986,-0.4261239387519057,1.882468949944294,1.4632949100800408,-0.7237823705936403,0.626662396414183,-1.404168833495453,-0.38031724299738423,-0.926384524366873,0.15381323539914746,0.7671985238097695,-1.1528149633791716,-1.9125414748634393,-0.13636767123514468,-0.2920343593141837,0.7228879688365364,-0.749161813616011,0.7185910368279826,0.10531048416627055,-1.3004422970886653,-0.8195965405281213,-0.8132333443585877,-0.00013904946549093557,-0.5714004163366168,-0.404436669194221,0.422900996802505,-0.9061986107498677,-0.39046001309620154,-1.5872816651491561,0.04272183334738192,-0.2588462019942475,0.6449316569428105,0.45173544452045655,0.30934407021773785,-0.6277149599549601,0.8199856563545195,0.7417834099725841,-0.9481160636912194,-0.14011253709931726,-0.523859595274098,-0.1962937365926093,-1.459962927431271,-1.422893495038759,1.7150026313553792,0.5971120556937615,-1.9882738389318289,0.5482105907337212,-0.3006110948023671,-0.5735005031821125,-0.9485094066452595,-0.6843224001226831,-0.3563843265491066,-0.9567929907113055,0.6329632220244891,0.7288597712034307,-0.7711039840575209,0.8035922512836944,1
-0.2790726287480248,0.35507263013549145,-0.25600174584712687,-1.619117760361822,-1.161037865582611,1.4935656960530035,-0.34675360599511135,-0.5203884336869259,0.384957082689676,0.6474173018321672,1.8907645032471994,0.8961490162474715,0.9386831758178226,0.18611822202676145,-0.8969680357171647,-1.3175089460939482,-0.6071790678923279,-0.08910972728186485,-0.7976282157832296,0.16593510379084098,-2.3442298544932574,0.21120284113499507,0.17892978160217404,0.7015821757923921,-1.5255287326937443,-0.884113944178495,1.8816735809432248,-1.2922801210743453,0.10528653234647099,2.0060969653978935,-0.8227745677261562,-0.5667675153866507,0.7201453193102575,0.070393886520518,-0.9884782174758104,1.2920948558189072,0.489330760379319,-0.5334403728772309,0.9040456863892145,-1.7681070862524453,-0.33399896722384886,0.47694917756216637,0.4196643142613652,0.5412061652171033,-0.5737936654221545,0.8478255101575142,1.3158524410445505,-0.08561115578221147,0.07012279537944764,1.0744361818023316,0.6654161843482674,1.4441816876329854,0.42383047128799345,1.0479456379345113,-1.0825089298586001,-0.06637662700803355,-0.46471136650219075,1
1.0376960446175743,-0.5742291709318385,0.9556445209951007,-0.018107656397103055,0.15308705534733,-0.16194879250595284,1.1890469674598625,-0.5740640451791263,1.902073251108407,-1.2220793845281692,1.3353844307598184,-0.5112287750589924,-0.45970703485032977,0.2801981359504444,-0.3244423856927503,1.3976663776570442,-0.8757628011514553,-0.36541891206010824,0.05656592154473146,-0.367386235781113,0.6687407558081656,-0.823040595184495,-0.932834159558481,0.4956745139028673,1.0129747387078938,0.5798255199201204,1.7072805982039698,-0.6151511053403179,-0.46796153813325697,0.6473766836289443,0.364164195297494,-0.03719528296968364,0.8370850661197726,-0.3219394836885954,-0.6387600457189665,0.2600664306542587,1.205220153868444,0.566342723454671,1.1981635542895295,0.12224928446923633,0.3804969940912828,1.5616281052980918,-0.16012015372411295,-1.2571942603117192,-1.52366172712348,0.8564419789244101,-0.7978641755076136,0.06723419897712632,-1.7270619128805724,-0.3749162109475947,0.7563933063311015,0.09798412855737836,-0.07775436482264914,-1.814615982161902,0.11825912428494954,-0.2879225779914685,-1.430991336099042,0
-0.6228792260560506,0.3994912805078565,-1.3156179484057293,-0.5271210589620361,-0.8569629070299069,0.7427137157817828,-0.43357977116620766,0.6552958993441098,0.5628935131620866,0.20722579503312538,-1.4737455793722942,1.3576723688166712,0.3334101694364669,-0.5287863716856087,0.29737116306839084,-2.0576605980219926,1.2872390503807756,0.8415792543556094,-0.6141326387544513,0.1830249496268618,-0.7266205566362438,0.16023817417810426,0.17670513861115994,-0.6244595764271244,0.9393653510775508,2.0523855707194643,0.329134190259121,-0.3473743135719147,1.3116678259781076,1.1031916562965154,1.1197969826781695,0.2815940769273419,0.5953552777234508,-0.41919641852316974,1.0635244546287002,0.450736881531765,0.12654399687551254,0.5152418494427614,-0.5137195974327083,0.5009303804982436,1.7039944703892511,1.3873323919841831,-0.7704658103133049,1.3721349437786663,0.3214150773787468,-0.29086094565970666,-0.3146875618637592,-0.2624462315039945,-0.3976768637140075,1.170419488936311,-0.8081901238877848,-1.1880145864153293,0.1395482407806959,1.195993560921133,0.041324533745833884,0.7228270909894529,-0.47450990054838527,0
-0.6883020576207426,-0.08365000366618214,-1.5570968275605854,-0.6393960238020066,2.01432624041722,-0.6691220291397818,-1.5190897424220753,-0.5617724505435461,0.12112661499561421,-0.19062218473300205,-0.09728800542233601,1.1185774448790542,0.09878382771356886,1.184848829803002,-2.0125418245172044,-2.081992130673387,-0.4524495505515936,0.4444553237517601,0.1353744115964953,-0.08056821693137356,-1.4026898085006168,0.06326379043730335,0.4162257584210409,-0.2530533525681473,-0.20405916643866753,0.10206051363781057,-0.3944559668500008,0.8509234918257566,-0.500261064625885,0.2932481409645286,0.365092508809087,0.6109268346829693,-1.0097693911722057,0.8274185500608748,0.22771310170626838,-1.1292790058074331,-0.5558410693234156,-0.954145185827292,-0.2458516021101819,-0.09372879109738122,1.9295929304826556,-0.398871266828029,0.7846668902213176,0.13745412365399562,-0.18610174164648738,-1.3026954865594982,-0.6792606915723277,-0.0949030486983185,1.1578999307648994,-0.7179035849809178,1.4012483768425987,1.0156037932623339,-1.1133566748235038,-0.1803465325821807,0.1482508384940814,-1.802291025594064,-1.4445397719790365,0
1.882223431358034,0.7576211173246009,2.2228753854502235,-0.44974814798546503,-0.5011780326365318,0.40411327698193455,1.5709634249143576,0.8491847024490786,1.495646056332707,0.3122499528441104,-0.10655745334304956,-1.1427412694293282,-0.27330591159032463,-0.2097394674956684,0.3897119613120115,-0.3331195023880267,-0.2022524556558491,-0.22996689659572664,-0.6561220479798944,0.5574694723473981,1.252454055118873,0.17601715614152286,-1.5585484260114348,0.119731480764388,-0.28234519699380806,0.08504543986590726,-0.8701610906514973,-0.6929465012767966,-0.6875037215960662,0.6441916389010798,0.01152437265368485,-1.9702056149494733,0.002681441460672197,1.4395718856579043,0.7072864895453503,0.4673807026660714,0.4611051937793341,-0.3261821740447245,0.13969961740533646,-1.5464396099289337,-0.908487940904845,-0.3798361244348132,-0.27726282440729716,0.36958160502433235,-0.22046084119797735,-0.2561337639943684,0.4026183860052155,-0.85705120885971,-0.3149418395063427,-0.1718383204061502,-0.08396469216756702,-0.8198826110595565,-1.1631855342085182,-1.5198617243615353,0.6064407340792074,0.09159099684830316,-1.4783282987961759,1
-0.6846318095776059,-0.7767700715736565,-0.692373369082801,-0.009526549768077226,-0.8498915681017641,-0.5227314230138851,-0.27613729321226277,1.9917659144139879,1.0275825760178707,1.0184709801739305,-0.42229988895831566,-0.47490432226755136,0.6446351256673221,1.3151283365376314,1.0681507530617578,-0.24472395406101569,-0.9740336541042083,0.9915275840739105,-0.4121068896241436,-0.39476803274690486,0.7848575772240469,-1.6823657211817649,-0.24113478905014132,-0.31478119567130036,1.4027818280280415,0.32498520521446744,0.21721287343906195,0.298364098902636,0.09019028174247608,0.21080794001015332,-0.11622214282676206,0.0409093592468113,-0.6455872278797273,-0.10128244534788036,0.4751560067122642,-0.810593955380065,0.3362843471079736,0.7964025791703058,-0.29780265942115164,1.2169662082622321,1.9165334214245222,-0.4004016594697984,-1.1378502539785542,-0.8589018052418935,-1.24311481024557,0.13260970559299684,-0.21755655426646944,-0.9202901041762803,-0.1646711673058897,0.046383453345817394,0.30821062080110756,-0.18911017085079457,1.2105498524672154,-0.7418931243757426,0.2245004278989682,-0.7074828564486144,1.2453681834135275,0
-0.8009225789158163,-0.013809005308277653,0.18833248603660363,0.4067759362257628,-1.2439331561966285,0.09279458841133698,1.4097219705845834,-0.7241808919672361,0.9605496798126105,-0.6491952804503566,1.766394145688874,1.1522704652847366,-0.09438262640358833,-0.6366068239010373,-1.4585144292312793,0.5106933185479523,-0.20421639462233904,0.33049402857799,0.1230338436837596,-1.983969480304008,-0.31996183545783063,1.040156282250704,0.35508859170550144,-0.3648623116596404,0.04930337259751488,-0.49017305705943387,0.3228006191474231,-0.7485268564345321,-0.29795677004382826,0.4480018896290263,0.08585534511760996,0.7211285666951583,1.3872329012066549,-1.2726358403275437,-1.092049516849881,1.5220360702034679,0.14064618157553846,-1.0884412564925032,0.2020966040515989,-1.2351506904307177,-0.15762896773927518,-0.0034513436026337996,-0.3579727796487667,-0.7692263300930244,-0.2994406431973033,-0.004999640195496684,0.9619262500489472,0.7743822415315007,0.12587386306531864,0.45306470297054346,-0.5133468130537295,0.7614555387625759,-0.32771075147327217,0.5159204886820151,0.12026350184700922,1.4711708052834052,-1.344657030181392,1
-0.0923434323692688,0.9623871616992928,0.4345018432309444,-0.27168769608299376,0.4206235066079547,-0.6962272308662812,0.297414319886275,1.1740716363488126,-1.0525108454237702,-0.9243198543866453,-1.2718156009150128,1.7439867523264212,-0.7712262136853743,0.08938376617131008,0.5271319330459663,1.2525501672288188,-0.6397405846856997,-0.6663493177864016,-0.8531937218977156,0.4578040502654206,-0.3293925599306529,0.5060907608060393,-1.058613421560633,0.12533141797406588,0.451257206670612,0.40163773262758906,-1.2403628415647225,0.039884816733561826,-0.15446349534861323,-0.6108968705842162,-0.876985992389389,0.8913585758961486,-0.37415517446335006,0.006134456559614335,-0.373230549464227,-0.3111507903864786,-1.925437011945878,-1.0348335313354886,-2.048735462477358,-0.6904794576228073,1.0465166373034838,1.1629637612595043,-0.047498627062830416,-0.02274438898874236,1.2983584475183254,-0.7378103497497502,-1.2377807166907977,-0.856010174774019,1.9254073797382032,0.4639553829315951,-0.221198942777901,-0.31658049441291314,-0.0030315698386526313,0.018805997651817598,0.6024025772878371,1.5419448400298583,-1.8650031492423884,0
2.1292055190687,-0.4871622522325241,-0.739228975388794,-0.25969191923402174,1.1833666889453918,1.0295523990691149,1.2231009103274537,1.7648327999880684,1.7344442242892633,-0.4067987559180855,-0.31305189444244647,-0.9128048487971591,1.1094151295479653,0.9103949119437506,-0.002381943016270489,-1.397334866691795,0.2514124252444111,-1.4179867355791884,1.7430499903272783,1.8792729991510833,0.8152671788193251,0.22968576676151214,-0.5183965939191361,0.3892278036037707,-0.011426936373308792,0.2299201729018957,0.8634416872271898,-0.37203520362824805,-0.0430642645274047,-1.979273894393451,0.5746190410295339,-1.7353685764387188,1.7473578239214402,0.5084264054932246,0.4332647911177165,0.6291885602827634,-0.17402994885493955,0.7237107211932474,1.044578530221851,-0.229105201816041,1.818515729041673,-0.03692468396990418,1.8496663735374879,0.960495330355389,-0.10912453504966528,-1.3981315467691477,-0.023255369617673972,-0.42533242923213666,-0.6620346933252474,0.044660814945959665,-0.8746126615173049,-0.5049405308838537,-0.06935150328686591,-1.5536134930134067,0.23535763993305073,0.36903631572965834,-1.3366446819390183,0
0.20658055166891587,-1.3323087392279676,0.6902303524556871,-0.15238189782906097,-0.9481188361773518,1.1246337219649445,-1.209681631814536,-0.4857127342432819,0.4538509794733828,-0.9662664991643029,1.544652036713065,-1.8805313839530742,-0.7622938284312774,-1.0108044104265677,-0.14403887915529193,-1.4794027117093524,-0.821510302703448,0.05785888860765694,-0.24168770655629795,1.0840579905312937,-1.8357490444779707,1.1534432510198978,1.1040756761761061,0.3153314828687879,0.8711242411679279,0.19162627636334456,0.31451153628281536,0.6587947816307144,-0.8094079944865893,0.33513437029881193,-0.12358344261198709,0.9840000382687706,0.09259645073800271,0.06990924802214697,-0.13775862865311322,0.030520490312179873,-0.5315279928209211,-0.39996336250774694,-0.6413079606717185,-0.9114312530484506,-0.9122157378227513,-1.2442894671936076,-1.1361103197839428,0.5863859429795395,-0.06044283025617794,-1.4150590035563,0.052621904073581686,1.1624562476176534,-0.49930307763067605,0.39282320649782754,-0.9054706508929788,0.6866737758182991,-1.5107929023954965,0.7142367659424071,0.7725765937109377,0.5327390975300123,-0.890877342372406,1
-1.652141402621972,-0.15486214813194346,-1.318046684880038,0.6713019482298834,-1.9079639044494368,0.29702730314999676,0.6212951911602822,-2.0456517773044167,0.8148699181634189,-0.1495567958462095,0.7228547829920815,1.3069418835107613,1.1554205266075648,0.020102937932129812,-0.3158684390520254,0.754612570410219,0.4681494864091878,0.67705454240203,-1.145457956331862,-0.33144071899240446,-1.8973084670432956,1.1450219806314357,-1.649904620035961,0.5429616325356448,-0.9662901781220212,0.10963975070264931,1.3761016116563014,0.825042053973032,-0.6768365979072415,-0.8873028082018113,-0.5326863555009187,0.11288421199380097,0.030471832343326802,0.9183039445133998,0.44659160388947505,-0.15587779400290439,1.810666644245143,-2.3312404000032316,0.8672113453011724,-0.9931276492836064,-0.7995620358675035,1.5534760747245426,-1.6778318271331412,-0.5038537089936559,-0.4469044943914,0.20523341087172745,1.2975342444879847,0.16567694195815985,-1.7091431321030959,-0.15811525707949567,-0.7140107561210833,-0.3009652350744369,-0.34640000598054277,-0.4466118923276019,0.01000520415774094,-0.7720307413604817,-0.9513781662740978,1
2.1755489914719623,-0.959244666679878,-0.6141573682154922,0.9656044841351585,-1.6451081925985087,-0.2537107756449086,-2.5508303254813214,2.0466826953803565,-0.3878107124773447,-1.0860988570654069,-0.4878585979384549,-2.924796679214077,-0.9539192299466615,-1.8623066554713885,0.29965982418963716,0.37017665112134457,1.4651299173855947,-0.6488132956211796,-0.06517759564597186,-0.2622302798664834,-1.1995328947640895,-0.5780725416621169,-1.3297524667946143,-0.6092380997202117,0.2521060814956645,-0.5735757673021585,-0.8355670007524176,0.8818792369935764,-1.051925060028542,2.5080704825490474,-0.3931600897263786,-0.451853037926019,1.2079996343898707,0.17535206763816388,0.7878877284628706,-0.047741491732000665,0.8298978872231103,-0.8662668882377823,0.6080312592748551,-0.9762296115597722,-0.3852360205051215,-1.4811192924322387,0.7690960161492311,-0.7617500761571664,-0.7695815476730731,-1.6504923023856781,0.44972518590821714,-0.7740432155290871,0.12883759539546044,1.6871267520586553,-0.11323494682481366,-0.8443395994286979,-1.824121433006053,-1.6773117915442117,-1.144435665223041,-0.4452538563220565,-0.9918866499270943,0
0.12524677409511192,1.1030740682074267,0.784794435744797,1.6934207573545221,0.8231223939619108,0.33986772075032506,0.8506765601739248,-0.9686406393771735,-0.39246892197059624,-1.1839733421042846,1.166708707947069,2.2544554740599234,0.1817694923759519,-1.3471370345556317,-0.6854346707276533,-0.26734077653668137,-1.7036194366048956,-1.2806584522953863,-0.7801652189374374,-0.32898805418836324,-0.37443314177874265,-0.04466527041312855,-0.5973385894082808,-0.8145262576144837,-0.057151347871837815,-0.8589131571270361,0.2597773793986301,-1.5058402277283642,-1.1446712769997216,-1.8089303202967875,-2.129084779439006,-1.8976341162366215,-0.3739949770831924,-0.2828163663193178,-1.475619167269368,-0.2309482419503665,-1.807174138083236,-0.4275340765037734,-0.04752571486732507,0.8648029434011872,-0.43508063443366846,0.4536787619464235,0.6509637096343607,-1.6620920041559997,1.6014045520115285,0.5756290443306291,-0.462275447851421,0.19196623531860094,-0.2829049695085055,1.4267020392233323,1.0474294130636028,-0.744654065880212,0.09740881429760916,-1.0443467912102606,0.30456750571237373,0.6021522257941532,-0.4537650905252591,1
0.22598662321765392,0.9547347593643294,-0.2747020252016377,-1.1631133469593267,0.46774828102185456,-0.605015294049169,-0.11605556433993741,0.03573106667458647,0.7006570243433747,0.301633890297464,-0.8880728050254688,-0.1751205235636651,-2.0278764699262624,0.8081724297635406,0.7811812891166756,-0.20640018225611015,-0.7228451390693172,0.030839937601030615,0.8374813267980064,2.030637666683127,0.5074683811188966,1.008636403228175,0.5730144352764265,-0.6998950140191058,-0.8902252495408969,-0.3264882274738954,-1.0756193648756536,0.3330754816020553,0.34819531764489875,0.5313601432445385,0.8182061152205671,0.18591979675261358,-0.08452378688541379,1.0063028824106608,-0.2333252124893989,0.4066246657601936,-0.2617426726826282,-1.8711881169058766,0.05062549150775301,-1.1192673127007475,0.30552584221374646,0.2789098490679016,-1.3214290950444751,-1.1108943201656585,0.33335118184235824,-0.16034144569934614,-0.5261909700407927,0.08173044607676418,0.2755209886556624,0.09947897685806037,-0.2505575261155607,1.2786838271259762,-0.05637212016726273,0.8833217792854481,-0.7008550765567811,0.5975149288331073,-0.918219568527821,1
0.20247749712293361,-2.531714395832182,-2.90160755213524,0.012006918058910165,-0.13990207666523208,0.33746669269156465,1.537814855342538,1.349491458189517,-0.23196894458866538,1.0112338695989282,0.7396036820739267,-0.04519976458432569,0.6959618674143135,2.967632258696513,1.0731236280853824,-0.8293311560853789,-1.0991154474651774,-0.9651399685460756,0.8588354327501748,0.9327226910585161,0.9247306402321654,-0.25658205720302507,-0.3468171201592375,-0.3075830896477,0.8366398450776182,3.025317524871098,0.6793736385693137,-0.17039897003924653,-1.4131600777258047,-0.9333389309718599,-0.7946329911192165,1.2204583024741482,1.2554801583968318,1.0325414251168177,0.5170450245351529,1.3368998720478804,-2.6876852623011334,0.09541708462683006,1.2637399904753703,-0.2807990502304934,-0.9752298595267883,-1.3906728118730551,0.26026198860053623,1.1453673400319746,0.7274072444540729,-0.8385025003154558,0.7191315101233543,-1.1769573531304283,-0.9069583424162326,-1.8514360515794748,2.475240780187869,-0.19521104957279756,0.8674978579133248,-1.4070966642663183,-1.1622182558045715,-1.4172934615356765,0.7748088518431921,1
1.8584341473232846,0.7184524714958307,-0.5033540573229267,-0.3229146243491041,0.40483207115471675,0.59121406051644,-0.22836905173992808,-0.2949422370815268,0.6413640239487128,-1.3956639310641283,-0.5261375627263853,0.3964759456440185,-0.7352789999571318,-0.5003860807743946,1.2276262209391182,-0.9941601199189486,-0.024386004983687558,-0.40376727937988943,0.4583658775361789,0.7405460723840154,0.9226419083887265,0.8262736614710864,-0.4601930197563551,0.20812475412630918,0.8829245008822966,0.46005224893903707,0.7292660859505846,-0.09935910545716764,-0.18598363438993612,0.3351906480841334,-0.571591459854456,0.006692076746037617,0.18053864868958502,0.216377463401339,1.4047712460906085,1.1415495657481356,0.7592114281443445,-0.5885052473663508,-1.165410123034758,0.848270941406237,-0.5248212969924215,-0.10645235972272257,-0.5198993543916304,-0.2541552762180449,-0.03981713693337555,0.9369684522083431,-0.19970403714643062,0.6311504094289505,1.3172154803740692,0.46497856742980853,-0.8320244624703971,-0.5301991076566102,1.3352132848101568,0.37185809550405624,-1.2256336986003213,-0.5945546954285758,-0.516417618900835,0
-0.3625007667925596,-0.060892504989113624,0.37145568875186585,0.2898014923143665,0.20633263477952654,-0.3000687293950998,0.20413962427241827,1.9382474366243398,-0.5837829232117018,0.6779299226906186,-1.1299503878781212,1.1644068549591158,1.566386409151699,0.14180475304096818,0.8276496101658908,1.8864261903121897,-0.12379684685394889,-0.6701473081651264,-0.9910017874170328,0.8212648001475455,1.2249255544878646,-0.5903251440331052,0.875868372540684,-0.6048948805545868,0.9929726690737742,0.9766353402038295,0.3189086191139692,0.1709584590278964,0.008477361799512917,-0.16272656970941476,-0.6051065853377584,0.44509109781277917,-0.13188435785164615,-0.7878299970370035,0.3920402430440539,0.677335098241593,-2.22126470331392,1.0606485577688642,-0.9403052510936377,0.5800891187075073,-1.2286280736058708,-0.40376943804506166,-0.9437146260319117,-0.05177144548618955,0.7091616306499561,-0.15387598129601143,0.4049498460742112,-0.8821808832568224,0.30606595697666333,-1.0957632319909778,1.338042378537242,-1.2940400286267137,0.06291247562027029,-0.820060290778466,0.4782697897567421,1.0257094890782914,0.23461193241368908,1
-1.0741957930103676,-0.7187578196130233,0.6742757539963358,0.6354406468378595,-0.317413435962461,-0.21778347151891153,-2.220705454419252,-0.8529871995354625,-0.7595806185995674,-1.3336063719271738,1.1559123572188057,0.9931006301199269,-1.6130952781112275,0.1079387252785096,-0.590711094002069,-0.1395457209493904,0.7485015719116282,-0.41692023059207584,0.47802394942008475,-0.8363767791694944,-1.281731694763669,0.06742323623483008,-1.053843165769802,-0.3999470881901902,-0.6947745063768604,0.48602835441985814,1.9949625180187684,0.04256806608180125,0.3108029720940482,-0.3299062934977858,0.3342243504872186,0.37481533169836595,0.3304266102081852,-2.111495835784939,0.36007287848627867,-0.32109250853767823,0.7467925679942414,1.6736317998984716,0.4378598825776816,1.738483744804258,0.4471141828573004,0.47496679090473537,-1.1241655065902647,0.2964449385900218,-0.1586238964295604,1.1521447522511616,-1.0599943442132516,1.665668664710726,-0.903271113473175,0.44464589645395364,-1.128048912093503,0.8713823737654852,0.15457745402690506,-0.8503396555908634,0.49209664609847487,1.1705482958623692,-0.8466372393258766,1
0.8046480165423785,0.1144027427745521,0.5528243961495516,0.3653648746298131,0.3834857158136332,1.0395083607692923,-0.10901344474443546,0.9636889454037312,-0.904194284989082,0.4811480565006173,0.095547303063446,1.0148425019759415,-0.35924490777989093,0.9308208056767409,-1.7294284352691627,0.7920588443740729,2.8198209075694742,-1.8862395558896323,-0.08815262408144395,0.8546190779752155,0.8867799213374655,-0.0030333549917095836,0.21289967896122447,1.1401906985068528,-0.2641158103709477,1.075883465656406,1.9576562747112516,-0.6586393589612669,-1.69217773536,-1.8033739893913387,-1.16281161988712,0.6214486052655313,-0.3643043604873845,1.6438854009470243,-0.09171806185514948,-1.6165872008226159,-1.0916908093882312,-0.7752837613786674,0.3308897943179888,0.9421159979164583,1.268772723385015,0.551998839692972,1.6628286115843254,-1.2579514641221803,1.0770400034152772,3.0173399704147372,-3.2919539740544637,0.8375792073552168,0.19137605151976364,0.39136260584170107,-1.4139548876271406,0.059604342201055954,0.40722336082906724,-1.0592281071540381,1.3168363248619945,1.6403553857728164,-0.11296739414478045,1
-0.46918215314022027,-0.3514904628123731,0.0617925150968677,1.0265797806274302,-0.7377979471486349,0.4150769158543238,-0.18723095495960965,0.8271791279338713,-0.8900674852723959,1.9263450416196521,1.084141408987697,-0.06317906475749478,-1.8299494510731942,-0.030095368589142923,-1.7147974435702307,0.6349588755607071,-0.5478003161093316,-0.6988195393501353,0.17445295281557285,1.1175623234775758,-1.216056166030203,0.01473219023655325,-0.16305001646522152,-0.4131285298043159,-0.8607261046341793,-0.5974295729053115,0.7691137804987339,-0.46971329637915077,-0.11931622591828807,1.4716452124042976,1.4420335698763027,0.9566811467032676,0.5909002677738723,1.3915856731955831,0.7011103333683495,1.0855059301979708,0.30603057321057264,-0.8146734013103737,1.7199923107351551,0.22117218783310147,-0.9006733512993836,-1.2929908082305643,0.6854838689121159,-0.542194492675003,1.6824377663362553,-1.253268326429434,2.1800980161773604,1.5950655823505984,0.5787085417905345,0.2669685370495364,-0.33159821747365975,-0.4402678600581685,-0.7096444982623684,2.720676302138976,-1.503998992645518,-0.7489964267775533,1.423429569881129,1
0.07167933595412862,-0.3884950615677959,-0.6412410909493212,0.8258874011419655,-0.13706191284043753,0.33461596841402336,0.4407580546111242,-0.2294842693158012,-1.5711300790036578,-0.38615004730149444,1.4313904901994308,1.2694269446161806,2.0103709240282135,-1.6508950389905583,-0.36166406307360566,0.7754230817687982,-0.33527805698946633,-0.5715101193443716,-1.1070078089467739,-0.29012973828011507,1.4552872479415397,0.48694120334570373,-1.3966676353829475,1.746861283665831,0.13951761702592363,-1.302353654698174,-0.12741697496578008,-0.7092090934722604,-0.08177342704885344,-0.7731859340210401,1.140072457702882,0.043367777041168065,0.8355906067464315,-0.8710710751130766,-0.7689376605926876,0.8063400280492934,-0.8093581130514327,2.7639443327706936,1.4380419417146488,-0.5478366844684636,-0.7204815004296008,0.8042538071054985,-0.9385666559033944,-1.3912294403544445,-2.308063093660153,1.170625500388101,1.791520973295929,1.6496137857641269,-0.8346991282932944,1.1380355713001715,-0.8709703551169318,-0.05278326852021369,-0.7142883973338723,-0.5609772786346869,-0.05419458165425249,-0.5752358755715707,-0.40037130767201895,0
-0.3258524087399342,0.4451126908812127,-0.795971665438763,0.09683902051176274,-0.5339456715766179,-1.055422399945103,0.4415055286192819,-2.05758123598293,0.727046361823938,-1.612171661338236,-0.0006638675850335346,-0.6481709773366475,-0.3140449013233568,0.5234024496190939,1.8013179083738482,0.2507509078099566,-0.1473644013846546,-1.1914581192448266,0.5279675685294704,-1.618743617548873,-0.2151540635706141,2.3948107611685234,0.6551762170308004,2.4915186333894312,2.500947094608652,-0.6629180748884085,1.202160227007317,1.212467238540155,1.4018370208775734,0.2830672949529186,0.2914602609036259,1.7973772573717253,0.37717527555908736,-1.5330591710074304,0.7179420726609895,0.28403530728370757,-1.2727435566630907,-0.02338270086608206,-2.4269986452521803,0.3266416311264625,0.32812882858348685,0.8686619344223153,-0.7096202446109089,-1.5704103448414426,-0.8294907059021864,0.7642214551151161,-0.39833699697297736,1.3633739254605506,0.3001105228866333,-1.0932941245030081,-0.8624044083778706,0.427391159373714,-1.2084364209133969,1.0129207267188622,1.5562723155497178,0.5201363792566472,-0.2396612744342088,0
1.6364814685358349,0.49067951772743895,-0.24332766194897087,-0.2394132402397226,-1.2399785617182544,-0.4762386854336259,0.5698404599802982,1.9696741622909242,0.282516690244119,2.3007161837418084,-1.080319913571271,0.2488352129690016,0.4130911187469671,-0.8906716281331903,-0.3785815652377112,-1.7606689464100045,0.7786307871762389,0.25610010719067255,-1.2428836334623616,-0.5455027823118318,-0.33574966682982377,0.03802019100737348,-0.5422604406116082,-1.917258334436742,1.5772612733195805,-0.8874392152812653,-2.158032991564749,-0.27306568934139225,-2.112574208279175,0.7221351425060957,-0.8663387855816502,2.2963715134396687,-1.132668573526325,0.44479466696361897,-0.11933318976969663,-0.8978540260690416,0.24513470521724723,0.5648789894735048,-0.4543531192556911,-0.9842246547531773,0.1492875731362182,-0.22075808950981313,-0.2315488557721439,-0.10031693743320855,-0.05278345765304231,-0.5862766503895421,0.25630441608479354,-0.8522407465721281,1.0739361246312178,-0.537052316275024,-0.1416784723447638,-1.976674487710255,-0.003722889271771554,1.8485165997292745,-0.1662598930336215,-0.26489128186812244,1.0320710317440667,0
0.6321633166539832,-0.23557308749991573,-1.4973075188499327,1.1839523507194454,-0.1125072869492455,0.7314273130430572,-1.486724594112873,0.5714323378834106,-1.462970436050374,-0.7881037562744568,-0.25708928780367,-0.05925492133347597,-1.2036392397438918,-0.8089488669890389,-0.8661527116854725,-0.1184914686860511,-2.535498942254253,1.7831946899338322,-0.5621610776090749,0.4910882048963957,-1.0790454540864667,0.33902570545030897,0.4406430555177859,0.22623564016858178,0.0543957258109339,-0.3479523223724898,-1.1814702960137935,1.9314989534055247,0.8580186114187744,1.5377930023352941,-0.47005460789403136,1.1271577848083512,0.37539745624097176,0.7547505278949659,1.1622557611085353,-0.5585046308768615,0.9891608091529924,-2.5307005156833173,-1.4623982831183848,1.35181809471517,-0.6898860644808832,1.5226799148646604,-0.21758378153773575,-0.4435677090172677,-0.4299267446792227,-0.7215027375435659,0.5796565880695894,-1.1230675687591003,1.0869869512656063,-1.475004752690813,-1.5028001894299623,1.04292886483423,-1.1797413572248754,-1.4901780882708608,-0.3000162369898631,-0.5026965230607773,1.267492284634793,0
-0.35887095564408256,0.06025317599651683,-0.3800534186428182,0.014165100723773486,0.42016607622580293,-1.6556973370553447,-0.5823930340422577,0.3893504168794885,-0.66908617581588,-1.4716192260650105,-0.6544139072280638,0.3206143965787796,-0.43734183364231816,-0.7404070005945093,0.9854555623031428,-0.1583277734181325,-1.0330072070078886,1.1676588292472247,-0.22414276896082744,1.7217972843798615,0.12116541702928921,0.6190216761136981,1.8432589707794518,0.38484203017676066,-0.5930225378315754,-0.3799270488142375,-0.9457551054601908,2.4201996092625495,0.7496842224958641,0.373904553342411,1.9733763295705904,-0.009859684221885804,-1.7945537034228811,0.18784780306543347,1.375393341646963,-0.24303407605819907,0.5249087277903431,0.3997411103639737,-0.9410629011712754,-0.15177326817824532,-0.6617396827232087,0.35256501411402696,0.48144922233547094,0.3101043874852767,-1.2802508576193845,0.5789553731115259,0.15849340304061812,-0.6729495608735115,0.11351555183561551,0.11741840196077648,-1.3875277101497938,0.6188896722122545,-0.03230673159356313,-1.006254881377527,1.6616759832204866,0.33211417377061425,-0.38874657128152906,0
-0.32846166376968333,0.9596346498677298,0.4018642969578887,0.7051032165700937,-0.10494741074127693,0.23599854977407844,-1.249386723403604,0.028876080269654724,0.8375037317595614,0.7580597949643499,0.49900925854979655,1.0404896714083827,0.5202873534540033,-0.5949102093641231,0.9926356919617418,0.608196510366641,0.09973697833268935,0.4944226182047813,-2.154933204405645,0.13608884219578551,0.5444369516414902,0.16455175084020024,0.36934463285891467,-0.44136659235210696,-0.31973618810144216,0.9858636745826538,-1.033734786317891,-0.686482877795049,0.14039387174876974,-1.0673814055156092,-0.6324665487516664,0.5109712954202599,-1.4352717324706095,0.2518914491148449,-0.07871943325575084,-0.9589395615752797,-1.1119895033994416,0.42653048693674955,-0.1832102066643546,0.7385434542159174,0.9356641425374838,1.119940084218419,1.019782119802065,0.6101654295052951,0.9954379699272237,-0.4203983249681063,-0.7957610545266377,-0.22265878417738158,-0.45942481607369173,0.8838092105504592,-0.1842196809400286,-0.7479915398760555,-1.542924121907246,-0.05811177445934905,1.7862302922463353,0.05258732905276937,0.4442936088135154,0
-0.6834469632393972,0.6936127634502615,0.8814274528870562,0.08079745450630277,1.140943529637498,1.367492483040759,1.0649442669858085,-1.3109821854101043,0.06262067239930302,0.134366360856264,-1.2526966330613463,0.6317604165632791,-1.3965372994033143,0.36614440363158635,-1.2274824810509206,-1.0385811487166534,-0.41710970499208494,-0.10572205507897983,0.8974019131673466,-1.2374618184206765,0.9277259793542225,0.4867721174098988,1.2026376336964364,0.4918645484712695,-0.16572833117794863,-1.03868284804235,0.9576992240999471,-0.1991133595007086,-1.9503745313443996,-1.111092876378773,-0.961453646089626,-0.7488760076833315,1.0529357500305208,-0.1382613616338753,0.9813506328216508,1.6512382674257804,0.05224114077201942,0.18879857255054777,0.38664769625157824,-0.014259898620122943,1.0216548048157226,-0.9491423797893883,0.2680138431414888,-1.125921394989906,1.8987446020654897,0.535482504547192,0.3213838585512624,0.1807429264460687,-0.11845684057860667,-0.16713485040249684,1.2388230889417822,-0.2068311136545008,1.2016739400202148,-1.1903711043044494,-1.0997866557965807,-0.5026724348372016,0.7166356989742401,0
-0.6231222626985004,-0.018702142515032806,0.7354018865805083,0.15509391261900468,1.0539631716883289,-2.2290797804974893,-0.9683997946021382,1.0660143201467305,-0.3372625389703881,-0.2238558830654788,0.08101571418282633,-0.41651550385638386,-0.34698843008269886,1.1874435959160297,1.5531495953539338,-1.5217316504007983,-0.9577906085672556,-0.9434710552113555,1.321306858280291,-0.59205315236636,0.48483481892598873,0.9158824483712075,1.0591547687414398,-1.0152886914681754,-0.3024839657906074,-0.5426916427678286,0.36274165994007695,-0.5630794109587616,0.6889211594059437,-1.559256021859716,-1.570531706328932,-0.5018695280916913,-0.33989124468529547,-0.8499726143478048,-0.45293473157565034,-1.1245231561738263,-0.5133209638788567,-0.21220104480024765,-0.764312989179138,-1.2168459813460673,-0.45108327776691076,-2.565052760820457,0.6734152113956636,-0.5006659301096736,0.7097107506366859,0.4963942291445211,1.2254055101548311,0.6206171557649931,-0.641927162449621,-1.185086086386568,2.329973177828088,-1.6262666082822566,0.4671068468438636,0.9646999298704888,-1.0344628106631422,0.4707320395984701,-0.11687784182088443,1
1.3321164049110479,1.4513592379446458,0.6092018531298524,0.45351570800685614,0.7164641028858838,-0.3170752989888569,-0.6958759515068405,-0.4071558588058,0.23102949597246022,0.5161654388712013,0.0834222912634542,0.09472750033069778,0.8714710193962102,1.1471716369672984,1.1990203627963247,1.291452666759756,-0.9391432313674053,-1.295478195446798,-0.37379971287095837,1.3013406477316312,-0.0902918643566122,-0.32859068564135085,0.5739592709295851,1.0596569866603534,-0.8732608783621921,-0.6171578997359923,1.1927281005513386,0.3457175517745385,0.9786530413131046,-0.42072080046650073,-0.479336425644183,-0.7595691129282068,1.1063824319967053,0.39423471810025074,0.9978356746516294,1.0959086001733749,0.19742630578635237,-0.7198596819250336,0.15613548752074102,0.23304894479046945,0.8856000940872074,-0.19509680546646146,-0.391608010332996,-1.338874706119349,0.22055768984554602,-0.4917769999287308,0.8212258653377348,-1.9601742566588558,0.27074155351216445,-0.17320298379296234,-0.8576346528448918,-0.06961127711981557,-0.07475185546660497,-0.3675477160082431,0.19525724039536532,0.817331335222983,-0.47309535217239856,0
1.4830413832735763,-0.2204184611513966,0.4675917308501374,0.41856274206139615,-1.5769459927611265,0.44266328985305,0.21429550874528117,1.0465424618021175,0.6072511534817572,0.6032319263461376,-1.9635690190557578,1.191755719275894,0.06792634244614085,-0.5112546341882706,0.8238357485673671,-1.9452980806571336,1.3572207617091752,0.22832624802384574,0.06901071628471882,-0.46968052225867696,-0.33455751189357097,-1.9109548546123292,-0.0660986699392622,-1.0198441829196676,1.463865465584185,-0.5292276490748306,0.0475122842477552,-0.9664576416343433,1.112496396827668,0.0740065369332844,0.24792935204436348,0.16638439085401457,-0.02877850529720964,-0.14589955488241596,0.32271243540192296,-0.2808646267020518,0.40604418951198235,0.5283041864358373,-0.04315277929504593,-0.37433288114120633,-0.004838868366097738,-0.059784323727831525,-1.1276454189666785,0.21542647410969065,-0.19049838453662954,0.048547733705842776,-0.38481607144243746,-0.6285741906730469,0.3312183796181314,0.6426306123104006,0.1947489998409989,-0.13684871455577333,-0.9026461178123094,0.44293279124330676,0.7003286233673298,0.5000678827409885,0.7027169651159649,0
1.7569622623301775,0.6230138361566683,0.6797983843293083,0.31018499812148537,-0.9555127221087262,-1.8511134527514366,-1.0754414982256493,0.756718844156933,0.5019353873296902,0.2277575913985353,0.3323140839862241,0.6716026604340052,0.21748627882871877,-0.7937777544294807,-2.1248116461325175,-0.3083129362413557,1.1925713306563086,-0.6096251159220908,0.6179718062784966,-0.2888023832934953,0.24435723647979873,-1.9260535161539682,-0.7630978768814624,-0.01385808066819672,-0.03851384421010725,0.819775217922634,-2.178122918768801,-0.9421401516884604,-0.8890422789848647,1.1788643710707747,0.2552760509128798,-0.9130182426988583,-0.5558357972017973,0.5565448868423419,-0.14698820818548838,-0.5829480375079343,-0.0493338078641316,-0.23850708767730625,1.1534112983572822,-0.7950575065152305,-0.4733517826573308,1.045173730057951,-1.5151941621275535,1.2018190335822079,-0.7303426044791962,-0.2601380294918528,-0.01891279863333522,0.3532854203359397,-1.4332102628554162,0.0755523476898253,0.7983234716783192,-0.16648105996798296,0.2504648104501018,1.1403014099903845,0.9263872959262412,1.2073430998542747,0.5600582101842831,0
0.627247056697968,0.45620596929828056,-0.6524654102332687,0.0815768056221557,-0.30908069715917924,-0.35757299703211,0.1220046609923349,-0.7082578723669322,-1.4494657151659864,-1.3331908970997115,0.9971841484825369,-0.5249214254578886,-0.6040224393531056,-0.6765519237561819,-1.790137126027768,1.1505553580164458,1.9423428719641296,-0.31821498495353945,0.1082706469321996,-1.6164719259164237,-0.22624522907198466,0.18195987839091848,-0.6321513443939483,0.2766846551685587,-0.7642156174363153,-1.0160107897509854,1.1254945254340627,1.11398745761636,-2.5501738380733507,-0.0421071439442207,-0.9518239617808752,0.718277693189656,-1.5084279606125077,0.45760298732167226,-0.3603371136569429,-1.0897131564387337,0.24514988568294205,-0.10262532214098419,1.1122595201961796,2.347984768960431,-0.2165115627655836,1.6123163468015587,1.6930618142809124,-1.861413446347227,0.5129160808213333,1.0632526114268823,-1.677563416415188,0.3063001302910926,0.41895166080078083,0.6396727295244267,0.09948867124458874,0.6303754091909819,0.4065175805616278,-0.5109386120286009,-0.4237077589751076,0.21537703648139656,0.3835334105143794,1
-0.7298234747831028,1.4977874828194766,1.9072229014849345,0.16073070983495674,1.2984261469806722,-0.5790733796305879,0.8418725165453351,-1.1992582523443773,-0.8607337870964186,-3.140117097728486,-1.1402955675541366,0.7511711808648105,-0.19726232079590142,-0.8569444109595514,-0.816580287411532,-1.4574396457175485,-0.32258070795407984,0.4624170097845671,-0.38842885889148476,-0.13254619923695982,0.27879361022052557,-0.07021717197722827,0.6274193392238083,1.4337623049851593,-0.7200547779299455,0.029884643998796985,-0.2922980184450178,1.0624804710303541,0.21954633996864806,0.37531501955392993,0.5837323482877346,1.2984453533988278,0.34097058396743457,-0.4588446937744192,-0.2801239772863042,0.14507874800393677,-1.1519949345232063,-0.4104937275128903,-1.66992525592626,0.4501207049803962,0.23904269118828028,1.411510172780056,0.5682011291795209,0.14184452273761572,0.6698684860271863,-0.570999064812417,-0.684119292507326,1.0858238670032891,-0.5522559239116781,-0.2632271601659383,-0.4961322182152211,0.140403534630837,-0.052829166028542575,-0.46000072172228396,-0.09120285516276676,1.578816751608298,-0.3573630126018459,1
1.2607119202117512,0.7549288523321329,-0.7669000633031661,0.5270059779982317,-0.537400594783992,0.4365109136260474,-0.9950624453019816,-0.88888491358299,-0.6120353115954947,0.7915609944583915,-0.36272126066863514,0.4973019523401789,0.6331253889309382,-0.391072297217162,-1.6424071505014983,0.9347570631376131,-1.6791710724672262,-0.04641138954039268,-0.2074112936847402,0.315078291979227,2.2412208328655385,0.21199468920472517,-0.18906496540319243,0.9441245774804459,-1.1457485464545463,0.6577991317486682,-0.20102030012296218,-0.5224605238866572,-1.6928710101937994,-1.0807493931038405,0.9906028366451972,0.7469806262676646,2.521006027902418,1.3008557095992757,0.714521397596419,2.339486942978417,-1.161484537529785,0.5233692709519906,1.0272137076759387,-0.24653392710882127,-0.546088308913908,0.3149936538006777,-0.30074476802777095,0.9870676950625992,0.7815416218794341,1.2260262854095738,1.8623169331843974,1.0655145915631912,0.5381063775403528,0.14091460937066885,-0.3764238779231417,0.4612808958477403,-0.5373338705077587,-1.0435172507649335,0.02694430993743068,1.7073818873837103,-0.09773104628220686,0
0.009756747577277566,-0.18047466037978654,0.024342725458033662,-2.8280123125862846,0.5642123672464845,1.760384873620023,0.4259318974336461,-1.4144439093449943,-0.08216899742237642,0.00038386255056069697,0.5327808612874115,-1.7651269401122673,-0.5503112368641492,0.18773622753736952,-1.4939454455056207,-0.6391147279232462,-0.18999005371074681,0.807591245329838,0.4345464897458254,0.38942833572446817,-0.25648068384305256,0.4107574293036401,0.336527859914274,0.4561610327756955,-0.7046195560257853,-0.52104691064588,2.3705329940673425,-1.0712311039886444,0.9754441419286017,0.8900924322135226,-0.20390645035754035,-0.051222987337856456,0.6579088792072603,0.2040913769530281,-0.3890103815112858,0.18915502172480447,0.07595757679057058,-0.7807554588476445,0.580964123997097,-2.599920387566398,-1.2722268427841934,0.6854270918148276,1.2077314039568647,1.133466941303735,1.5033033028956504,1.7377684277093894,0.567944653809095,0.4035472832153151,0.828236033836534,1.146921374045795,1.99144424897035,-0.25404444114496816,-0.29965900288361047,1.69582148505351,-0.815181675573374,0.46368732352331377,0.17758472034209363,1
1.5939896495820252,0.2058916277026658,-0.2157590849486012,-1.133298783577548,-0.6692726924142192,0.741621155976658,-0.910406393827016,0.13866463476157928,0.33430809213124685,0.30165693634742025,-0.922867715328844,0.931578436693727,0.7862389272845445,0.031201108953000895,0.7981713851709724,-0.5746940080974486,1.0168493307744784,2.174008379904535,-0.6921026409641983,-2.4230682206783367,-0.47602849618763965,-0.050136456580402125,-1.8496858698084833,-1.7522464913242985,1.453893698285744,-0.2742657005172245,0.04990228037088934,0.019906140769331802,-0.12024401470909334,0.791444998378173,-0.7972995201440597,1.8143725083159443,0.5258496812606615,0.08985277695917478,0.7624719604819596,-0.41692182767466185,1.149428743019239,0.6015482078085992,-0.4868306794488154,-1.2413620042376576,-0.6342271181206554,0.05960247980186474,-2.127985674462785,-0.14040232914001372,-0.8144573082794664,-0.0018307719743244435,0.6419218957458895,-1.7587298867792127,-0.08643867370171787,0.5990578019473972,0.23624160993366386,-1.0307965685624305,-0.6096048009982319,1.363213450506621,0.4208633696859893,0.07517925119622845,0.5574448183960127,0
-0.2631501092567331,3.1040783772377476,1.7487369521909228,0.23113379497455816,-0.29329593737722964,-0.16167607612256124,0.3087200557376619,0.6208232352673845,0.030431298910842928,1.4369413548004928,-0.9281480385478957,0.8089720035674207,2.45696495055701,-1.1660028203338126,0.536589321388173,-0.5360725670786924,0.8602814404593372,0.9264232506299271,-2.9471638921021346,-1.2396133986379432,0.06495252781596618,0.11737920330206207,-0.1966202084071346,-0.9537514177276113,0.13035360729697734,-0.4420089946378788,-1.3572784945258214,-0.4486571640436287,-0.9169961670403755,0.5835119704961156,-0.021804129544577867,1.231116253602735,-1.2976257858944036,0.9055413297451378,-1.8848972901317742,0.09068418575702923,-0.4431149719833505,-0.8931291735658005,-2.5483981204380197,0.7057858031473286,1.0634744285124789,1.3911619844302165,-0.5791079013234042,0.4865974622239237,1.1558064437219202,-1.5511179295848847,-0.1534933330321731,0.20170247277080472,0.035996489041284725,-0.27120271220759995,-0.8228899161027508,-2.7072705561288473,0.01084968509110603,0.9835855147120979,0.3560899326506819,2.1168380356684118,-0.6555918340279467,0
-0.08042589823346025,0.37481773703641047,0.8941885003957704,-1.0316839108199694,-1.6013261412583961,1.6274528442584657,0.14866641650958767,-1.9869791387997646,0.03856224483578482,0.8079118639727982,1.0892591939393728,-1.119609875388047,-0.4515984434997986,0.5641914909581626,-0.26517496700220855,-0.12616462013777782,0.3727871687370866,0.22699962374368854,-1.2796876116325524,1.26298259559849,-1.1797562721251114,0.3666543123860686,0.6671809850538777,0.4031453445106702,-1.5723725031267917,-0.19916311686078106,0.13692523304401472,-0.9981226162424331,0.1525025642691522,0.7354320931526761,0.48164977610132514,1.686589620010986,-0.7744676101017403,-0.9233321360165133,0.42964898744873864,0.23901530762272272,0.43457348707506194,-0.7437568348854858,-0.23098372965658198,-1.1383262320361665,-0.1171872323404799,-1.059551240530462,-0.5774953608210394,1.3803793217556788,1.7457675407127946,0.25351690390857623,0.22021864742711872,1.348181774988517,0.8374220192011188,0.9176465303519316,0.15702432360201116,-0.8050778067922567,-0.11080758447434072,1.5440041062382115,-0.8232855014697741,0.08460958306370639,-0.38919524067373756,1
-0.8510386718810059,1.1965035442988647,-1.2201206944758682,-1.5409293651780962,0.506753596283963,0.49841849554826284,-0.4454940326416795,1.0841427928360396,0.8297161903251637,0.019628400498876614,-1.3700314115941248,-1.3921707465589326,-0.36964789919450564,1.6995426848998985,1.3774033457275345,-0.22941427603785583,1.036008149978429,-1.2337589756429854,0.04518143864113646,-1.0701823499898622,0.14016886628340675,0.2769788498551097,-0.8287833188206023,-0.4479673027237726,-0.44411158745425844,0.785381878674929,0.674648142403312,0.32136455181702084,-1.2805278615838473,1.2326353701400254,-1.16095302356557,-1.7806176122228123,-0.8599133072089159,-0.21350139591948117,0.6871373075197336,0.12348563643594479,-0.7599723780739772,1.063097905748061,-0.7983788946435675,0.870164029009717,0.5414281983624861,0.06209425061334258,0.6123172575222697,0.1513618698003168,0.3358281069994368,0.9034363158056178,-0.9655581344577113,0.38175229721763065,1.0459972223417642,1.3189659367537192,-0.2250169921725529,-0.2726000456924726,0.15976768457165763,0.4731368916920351,0.766085103968832,-0.7684274225672744,0.6074856803356105,0
-1.2407284680736295,-0.1711123423202211,-2.840538788701599,-0.9777645759073846,1.2592307005943189,0.5120781662043243,1.1339809420784979,-1.748977851500094,1.7571950083240493,-0.26983090538367904,-0.4711441506981404,-1.2072442260285683,-1.1267343012263322,1.610013970316613,1.8573402911886951,-1.6005687403774314,-0.8182514717199109,2.042705109707399,-0.3939806813657422,-0.5050325650843364,-0.35067715314226805,0.6577680672719993,-0.9858979074587478,0.7535109153305277,-0.8001251699453202,-2.2516079701058875,0.49088498716086126,2.0051969161527756,0.8677143243947513,-1.4250694148522547,0.617295733565519,1.3920436612981633,-2.3702465003931064,1.172299650689298,-0.4883538625098956,0.33809116560850044,-0.3843173896957878,-0.10555159466163136,-1.0615934481018396,-1.2457881889729112,-0.10961894967055702,-0.21209103183822237,-1.4183396838147453,0.5107494308978209,0.008536350579038683,-1.5200801391114906,0.6196292177942082,1.439205737963435,0.5656337761586074,-0.486912204816475,-1.1021645296787415,0.0037850265774498023,-2.0059949110838327,-1.2071585719449978,0.7035119190240842,0.7219000114314233,-1.3303094298298002,1
-1.0832014421395746,-2.102389910391714,-0.33756987765288615,-0.31750528657692856,-0.2230062620745309,-0.13583181219686147,-0.24739031293871935,0.1621215535746832,0.23113363488703018,0.04574082058374146,0.449956036558959,0.25044826826798083,1.2426216201109,0.6304339384859895,0.5273732301671695,0.1694101744817905,-1.8562641021945654,0.28321895782871814,0.6966516963403632,-0.2897795138111695,0.015974832935900993,0.913237275676013,1.575089217193616,-0.4086959244181881,1.1636462949962623,-0.8432746112341208,0.10821076199561755,0.47786241409948316,0.810885106567714,-0.171259715119189,1.2766996205146421,0.2532793984255339,-0.09380755301386962,1.601063822569447,0.10438955339841433,0.19544456461921794,0.5782792192046755,1.0469494546544045,-0.6620754215489086,0.7580310882711188,-0.4207744634263447,-0.14198346021186597,-2.1673535737177647,0.8395455420963512,-1.1983370738480266,0.4727673110621366,0.12644184036916561,-0.36803681667336036,-0.6038432317951788,0.32699173865328474,2.4240790803522105,0.772993931946853,0.5932371643048031,-1.570766418560692,0.9416961002905405,-1.4496611381722257,0.4504371981781662,1
0.65125627884708,1.5727037641762762,0.393413623709353,-0.04130989667141375,0.27345696511520734,0.1613088183631992,-0.27715790253167993,-0.27998765994329156,0.0032865063909452846,0.7692112627751153,0.24896423572259896,1.1945538310896031,0.24385637320403492,-0.9847054498435114,-0.5413500504846914,0.3855131823469027,0.07781048592284195,0.4257708587241171,0.38506482623317784,-1.8566816388106806,-1.0063909297194154,-1.089809853093548,0.520974586228193,-0.8450405993737944,-0.7687672193419485,-1.0044884099140639,-0.1572330032211811,-1.6191356922878024,0.5184328701671687,-0.4647869529455879,1.0594042417271112,-0.862842843054463,0.3101407914438588,1.0558579605246436,-1.0635178585194105,0.22830004196407042,0.14833299650776471,-0.6731626631877283,1.0491813386517914,-0.34318947609239947,0.5243855334573297,0.9294396776539816,0.7868165082113227,-0.7237266485874527,1.0248079302946267,-0.02560260687687291,0.32694136449968886,0.45032288952680033,-0.7620387197046379,0.7558505066893868,0.33649702700673456,-0.954058715812358,1.2638760574272867,2.1550937097611147,-0.8725422283385141,0.5609501310282724,-0.6135565535086284,1
0.42529918581985293,-0.9590831658145709,0.4243043434981125,-0.1630524466765785,-0.23506083666536476,-0.502620879191161,-1.6808813252556316,-0.47220382489246265,-0.8624725914580372,0.7536404225843142,2.1549870711949275,-1.6210413184225239,1.1456909141748215,-1.3148630775634191,0.32138930869099963,0.4105668505214852,-0.24976649867287234,-1.4171667350267598,-0.8697901787270784,0.8831540976546277,-0.29095314395571614,-0.537846815864685,0.2914526195148164,1.400909182989369,-0.36401411059936045,-0.8447127428093951,1.5457467708514596,1.274023067634905,-0.5408353047741096,0.21875067462318143,0.3296102468317324,1.2280789268018093,0.27165305509061716,0.37989575833729317,-0.009103278041579415,1.4916969767570336,0.31949497722702414,0.621822329984641,1.0248113333443831,-0.7328585494260607,0.23272638118755676,-0.9208076633608925,-0.505403658905902,-1.5104605639650996,-1.7496109657906371,1.836420572952481,0.14337348110831546,-1.0978938878717728,0.8212303512022657,-0.49481654523562413,-1.684657834537848,1.3036153066051908,1.9481077088387249,-0.025913221998293233,-0.6886668395201888,0.63897132276597,-0.027775331725281384,0
0.26908071862506955,1.0968223998666495,1.7514254233045734,-0.7515208031510587,1.3748306075711483,-0.48988932369171784,-0.488861712024574,-1.1694092916825003,-1.3461176592392559,-1.2035159155651818,-0.018849546203632418,-0.6575019239469304,0.21462985112945998,-1.3023186337233057,-0.7121716585076877,0.050938413505904986,0.4073289283177462,-0.976169882566887,0.6845328808640352,0.7753200392507761,0.930971070910771,-0.3730703725088027,0.44124041802248687,0.7219023263027424,-1.1057770356859875,-0.6836987793596363,0.6668327676752058,0.22210710893622343,-0.3739226113355116,-1.3505472914339427,-0.466347351835202,-0.7788090141475768,-0.6005308956930716,-0.86154292917155,-1.5498441110271006,-0.23589431428077573,-0.7915498850479882,-0.4392444318433015,0.7918811735079441,-0.17920191002216554,-0.45077326446428895,1.742574726596956,0.8555331010584988,-1.1907316973939448,1.1558175964950628,0.541868536868139,-1.6727078381030231,-0.12373612983373063,-1.1026893090403176,0.0033808794339831878,0.549540688870838,0.5508159455637313,1.8883872356858453,0.02878085655576291,0.07197862292391857,1.6872419721005116,-0.8142432301923038,1
-2.8191450071750306,0.3809060194879325,0.13840525183766528,-0.3338486243814422,-0.7669899673506154,-0.7088107385345616,-1.4327400914914292,-1.2866969812404618,0.4007088322748425,1.294427757888557,0.22741611737360776,-1.1018488278180398,-0.4029765002398431,0.9162633728433119,-0.8535368306007922,-0.5452716915761328,-2.408422880256928,-0.5109325887634723,-0.293149811846069,1.1026314798934078,-0.8834284953510136,-0.34565946185986185,1.0849910176152822,0.23070732941470917,-0.3743417113897264,-1.0956481950801782,1.1992145690748994,-1.3203424976478655,1.8081880504393661,-0.48444718803707676,-0.31067052555708446,-0.6544492430534594,0.5644586001608513,-1.2729435129364197,0.23752524724683566,0.5262226742597989,-1.0284864743862894,-0.06763241852073586,0.8182033197890386,-0.24784973317923054,-0.2224495992503497,0.3973862657572926,1.0880626462739524,-0.43363190070139307,2.556779923714204,-0.5319303453323853,0.7895111343746255,0.778900820421326,-0.07118559738857429,1.975586086787796,0.779412137657892,-1.0008576226390333,0.6061815582074891,0.16687252647931072,-0.1486806800650244,-0.7931730132661143,-0.9528585207367907,1
0.9326677318396086,1.1543788878670218,-1.5067246683571185,-1.5625216318155564,0.5751830018007577,-0.3347215976532101,-1.4446578314567728,-0.5955212275866257,0.9170247890699603,-0.265750443601267,-0.09224807694190962,-0.6592943017077232,0.4477826505312492,0.4633133903780545,0.6817482878126119,1.4855926743310581,-0.8314889898615525,2.220879791953619,0.025325181380862115,-1.8092581378410364,-0.46806616529448847,0.7954750252109271,0.6843732982880792,2.061041240818993,-0.22652859983825663,-1.4702899678796322,-1.2323970085578975,1.3884212406046805,0.46687407799975905,0.5925703182054096,1.1356960812411463,0.4309001253999966,-1.1244325271591684,-0.6242311306347106,-0.7963416955674886,0.23646373071893312,-0.3111425733836852,-0.32243166684206587,-0.7593169176252687,-1.2968429799669872,0.3839563290032545,1.5897407047653818,-0.03715679278668126,-0.20554984960514588,-2.3276262378332935,-0.9119167657226358,0.2602350113585299,0.8976147332653627,-0.7748020096426164,-0.98406445374973,-1.4986326707861157,1.8403293876067124,-0.752534551420319,-0.8020762370036867,0.6302861092472558,-0.48004269030056734,-1.082681603616049,1
1.006848244898,0.5544807440496922,-0.9694831431247464,0.2160841045284069,0.34134793126106155,0.5163218490803045,-0.8808275447505254,-0.4855123772820471,-0.5959283527329603,0.42989390828711005,-0.4986518831314032,-0.8168871173198041,-0.39342851249125377,0.13405760046042928,0.7931225801904611,-0.46430022614226096,-0.24744893366682696,0.6412448668257027,1.0991747359021222,-1.7746772780625033,1.1452845294561012,1.9456971929692268,0.8138403003353467,-0.7496888085310117,-0.6298987769660883,-1.0366195441640347,-1.0654006742457778,0.3897980639497415,0.03759309495886243,-1.8159551998910204,0.5702329934568724,-0.435258438746552,-0.17984187469619495,1.2181793642629026,0.26113619047066183,0.3093150283772195,0.11259644416953338,-0.5520008026529833,-0.10452756690374634,-0.4356801112454046,-0.4445458515089996,-1.0431704994208317,0.27422594900129843,-0.0812354880472731,1.428604537267199,-1.4827303464720674,1.419883296296528,1.2068471349094636,0.5222615412363224,-0.46195466370372795,-0.07850349752519555,-0.046843072513243704,-1.1619900746245462,-0.31232851799969547,-0.39264403036652423,1.127901224574969,-0.5834954850589366,1
1.2642986190480037,-0.12821282309007706,-0.35547091757822585,0.6866960801853055,0.5246530950940189,1.220713332547347,-0.03652193847368997,-0.6310661597332777,-0.3379496252236296,-0.03574908788696795,0.989295494064863,-0.3944246938725418,1.6482089007307712,-2.0063290179212974,1.2830759013947857,0.005965362483262693,-0.14858575981711253,0.2725548711884557,0.08557547308154548,1.823101004562145,-0.5119514314073981,1.2963430508025982,0.33989836637136434,0.3691340571425833,1.9421968470505888,-0.5661810960521592,-0.6277253521412043,0.06341816744194727,0.9281340034101873,0.6129033869290564,0.7178439081196979,-0.14542742188517718,-0.1937430196705465,-0.5308490123549033,-1.2203811275741225,1.1277053273377082,0.7537204908930515,0.14067715054395835,-0.9921661439660925,0.6087683053476171,-0.6289357383846362,-0.06322913920864494,-1.6524873528051212,-1.9757338237616506,-1.7306917139987308,0.46014132482051456,0.1881932256154569,1.3234624354673001,-0.9377008200767915,0.6974197853756575,0.470857760923695,0.27420220775189535,-0.10124678426953478,0.2358410303522204,0.3333188802430513,-1.1017419017197356,0.5209584824790701,0
1.9999135754833697,-0.9788270743868631,-0.4268827187350947,0.5190910528473414,0.3241171196526228,1.7405032320408897,0.35353500227650564,0.42515174669759115,0.49233514464991535,-0.74617814024094,0.1254478783521414,1.0882625991845867,0.7051342510251977,-0.3146609998237376,0.221384138682711,-0.5666382877186542,0.0656700002502027,-0.06413059097596349,0.37890564953967426,-0.26546916110145957,-0.6599956423076259,-2.3712094754459234,-0.6112512172867619,0.17200125986643675,0.9577506305885016,0.21814835613808783,-0.24395533542925166,-1.6492628514584828,0.9517055625259011,-1.0823347353643944,-1.3763723515239752,-0.6168926469822604,-0.06087766351990345,0.47081196062581804,-0.23576843695528898,-2.3125235826360235,1.3326994882666257,-1.4465723539249755,-0.1533168940504791,-0.23508618417536523,0.7369392842810474,-0.08272722494827944,-0.10131257716675077,1.3578317703236418,-1.1397270352802888,0.7152530200096908,-1.1696341975133775,-0.9489099730626396,-0.4066159730690574,0.1891868559141005,0.4298255776382773,0.9997173917898277,-1.220552254386844,1.0854262634474343,0.3140309119650238,0.30039245058218245,0.45565109487070354,0
-0.27058153837112925,-0.643061890831314,-0.37862099152416406,0.6866701787871139,1.8039801870439012,-0.14793710783543687,-0.06418977501184517,0.711454979383084,-1.1029549968057875,-1.2404471947290274,-1.2873976799344402,-1.22120975482006,0.94126919655721,-1.5122358361508847,-1.3857991281284998,-0.9685094546279299,-1.979364212514056,-0.1919503073389628,0.19103492003444553,1.5584784846624558,-1.7353188124721148,-0.6490683997118335,1.8845186354500785,0.7892328284521217,1.0728605614348423,1.134300265635384,-1.5501297653135178,1.9192034191969045,-0.14597646873128256,-0.06970576717264035,0.522997572874871,0.38353998974243175,0.06566438101649431,-0.061677656767809286,-1.6642468270712367,0.9019366648750822,1.102271244644564,-0.6212956608006276,-0.9250475719502745,1.2964574021323652,-0.9162795109370188,1.6876556701274459,-0.1643988894592435,-0.35548986763190815,-0.5842935881887334,0.050725062306860406,-1.186883348035868,-1.5441456751093263,-0.9740713061240508,0.4535464025263631,-1.5866162202883092,-0.6459075378793839,1.8686566575335433,-0.3404347458247843,-0.03671723315217971,0.849672313580077,0.2396063242881182,0
-2.0485418164770395,1.3188302162674104,-0.565908024966354,-1.0611824695441732,1.1495008602308703,1.1713031361862594,-0.1372723082437925,-1.020900608910113,0.5065034014897778,-0.24888059114630992,-1.4412285581830502,-0.5679920902007284,-0.8038587985736945,1.1354011415759395,1.0160139858271429,-0.5925607178765492,0.8642443511988953,0.39738616483943884,0.3484876532283833,-1.8120609669575898,1.8814502163209168,1.1166460935384417,-0.8882296473376252,0.6393534328306192,-0.12497694733280512,-1.620596600535486,0.4721218516522038,0.25765135182497306,-1.4499984883844164,-0.969117613246051,-0.39485352511515526,-1.1821832122951752,-0.081842398031662,-0.15805024565948472,1.1147279091601925,1.5401043890277804,-0.8866382857391218,0.08562617614375931,-0.5232452253972208,0.19731758244111638,-1.76432304409589,0.5436821892552853,1.3335476320899846,0.09643962719937584,1.2751129178540321,0.8546338888030556,0.2950621883175054,0.7947577673509023,0.7666654747979617,0.5480450361116478,-1.8941687495769364,-0.6355164882918748,0.4592279310507153,-0.058281637630401624,-0.6428216099364006,-1.523636797810485,1.0542855248300287,0
-0.9536766827774922,-0.03019372031530705,0.23555957848157455,0.8056993341792508,0.5678404195233211,-0.7738882806317674,-0.03014248757144449,1.006229027964436,-1.6249402995077649,-0.3572543548262242,-0.44458657055648265,1.0245471192481526,1.7485172265828657,-1.0435376657636168,1.3525745766069128,0.981349998054536,-0.9477722914656912,-0.15986262128314827,-1.1288943161345801,0.929127370271822,-0.6623203558155634,-0.4680153296341026,-0.21735451446919557,-0.12536165591267245,3.063895490008792,0.5427229246387641,-0.7062962645603832,0.03909476395258233,0.9172431541000728,1.4902910607985682,1.1830138638430403,-0.4240985766386375,1.5220245210477115,-0.5542962635908316,0.16931288452308818,0.836470327483371,-1.26229958761831,0.9806152585535651,-2.434215471332241,1.0630895689109232,-0.7181173685558911,2.2046097646886373,-1.308016975785078,-0.2328398675276177,-1.5349236676590028,2.069365144161693,-0.08683450822099745,-0.9773720390875175,0.3643097851830944,0.13267717645840207,0.2993490058141374,-0.903933087658317,-0.29334621094707714,-0.8993030559160081,1.0266969007869913,-0.4671928182698983,0.8339579520535131,1
-0.6437518715259627,-1.5314458268590818,-0.23758485756135084,0.030051516443898165,1.1562799092012432,-1.2574679657861298,-0.9508711353323117,0.728274657965047,-0.7740703419045961,-0.03210822463690656,0.7282362806471225,-0.13292943047316594,-1.2581550152234446,-1.6217987840302772,1.1443547369927343,-1.048375286214064,1.1455090780913697,-1.755747425515726,-0.12508994283854766,0.6120366006474562,-0.8198522010037305,1.0011039152106322,-0.6356351475520317,-0.3463677748080422,-0.10252247397927733,-0.11682263477838885,-0.6759859544194863,2.7612409506222395,-1.2763708587893925,-0.18811619842723679,0.20552465764638886,1.3705500003045334,-0.8022238059269672,-0.8883602513017567,1.1404246326113114,-1.0458377968271944,-1.2085136836276698,1.0650264793996764,0.4938825990331857,0.21772934912623115,-0.42178896670418775,0.2813080877984298,-0.9109238499896573,-1.1332149373794644,-1.0854507092820473,0.4786109606423205,-1.658323149623083,0.3292677870097603,0.33534453185246377,-0.6311782179452332,-0.5896017171856215,2.536678569770904,-0.49190425820068884,-0.5571654213810368,1.0460473340708636,-0.020480713105102008,0.1994376037539549,1
-1.0962216940267944,-1.1938076668376763,-1.3537923795733373,-1.5276931772430535,-0.6724656177648173,-0.5074710061185884,-0.12072751563813369,0.9578840628843066,0.0321769405722088,-0.22472369720456997,-0.7362308948994322,-0.71960907340418,1.4013594398355884,0.9344934851690344,1.1477405775837473,0.007172210880253083,-0.298010155503634,0.0023964849914797992,-0.1195351210525151,0.4978545169922965,0.5192050908291425,1.489881258290808,0.1095788234540254,0.05360044067975975,0.655297465951557,0.3172162747862924,0.6050697709370783,1.495307411428774,0.2520492933504989,1.3677243704644164,-0.9524276892938857,0.8413261821035005,0.13373822920512396,0.38370724027381453,0.6244919156305315,-1.283682967067534,0.733532546610418,0.5765552938479114,-1.021171990290136,0.4284230606106882,-0.570575604731545,-0.13322745131004823,-2.1490600424329998,0.6633838575570308,-1.652911425548077,0.058377505736428144,0.21644939491326223,-1.2279127355813024,-1.0571734092852918,-0.8067889770708301,1.0067859028155353,0.02818137796121505,0.9039988980048328,-0.21245271103054936,-0.6122297190599348,0.1276205652956385,0.05319684115766546,1
0.3364159117032048,3.536796092228317,-0.15284856295326463,-1.2217035811391508,0.8924594850549658,-1.1999318979451523,-2.6125993200469404,-1.0059560288935048,0.8199626532864515,-0.1340393855620349,-1.1095778133089422,0.6756408962032595,-0.2114996330903909,1.5481644233842509,0.1682803875767958,-0.07749060897617033,-1.89603025637474,1.1048002470771012,0.33518535445284336,0.3581327017433001,1.4409567073236251,0.456938495143828,0.529017192249495,0.6580130727060987,-1.2283247243049835,-1.5908590614339617,0.3068504950473308,-0.09576205755013772,0.2021312711452721,1.3693657887247046,1.1426546470426757,-0.743815642701949,0.20420020272544906,0.6482472076332957,-0.41621311999357374,0.8536230711912771,-0.6347953423289994,-1.6241693024160657,-0.6419184900442462,0.7501127729751926,0.22789698933416397,1.6842976103029244,-0.41648859716147174,-1.0406787982830252,0.3266321045020254,-1.3169186658029062,0.9651885529993621,1.418232483164764,-0.3495273318144035,-0.26969609984230763,0.18852771516325592,0.6071188779364344,0.02830730104680936,0.43796724556994715,-0.6550405951402166,0.12274221970528564,-1.4701415323524873,1
-0.791395031232077,-1.4915038668401372,-1.9321160358442142,0.2578083780049897,-0.0935031660166534,-0.38164050938584704,-1.1486616582431215,-0.13779470220992088,-0.30203863567489614,0.09397881543889192,-1.154165059347323,-0.21261359933267523,0.07508219930364866,1.199777324470239,-0.19727053758045193,0.4281542099347048,-0.4650386530899533,1.251889260205809,1.2707858603389075,0.975755752116969,0.8350973382337797,-0.11018716630172244,-0.34824863792906174,-0.3016519538332665,1.2501646015337728,0.9556904203369917,0.1621921177823266,1.2265178957041563,-1.4131232649980605,-1.463794589752166,0.24578409062007542,0.48999169740900633,0.20439628631985582,0.7890649376454967,0.45644722144529465,0.12153981750777999,-0.4115590181200025,-0.2075942542781778,-0.5434433477507136,0.5637863392394689,-2.139753685255225,-1.1753179952391366,-1.1978711786078096,0.5327976218770785,0.6143653335916693,0.4209753520793164,0.9309864481713387,-1.149538991458855,-0.023206531461110926,-2.436220827904525,1.5179340413903557,-2.0107027688902415,1.4235235569662212,-0.043647436618050206,-0.20899757761314994,0.07723272960527139,0.5238723072020504,1
-0.39216519605313965,-0.5984167381517754,1.0684380983908175,-2.397236169879143,0.14624570589597008,-0.29593903129332794,-1.9579557257688025,-0.35803172776448017,1.022520040540298,0.07089738153964137,0.04327506481130014,-0.8063514915155446,-0.9416437284809754,0.11104736066176683,0.3088994402191674,0.40688099302854935,-1.2994296989278056,0.6583606338226575,0.40979232050826075,0.7867362787524035,-2.4604490199922204,1.3418587771533896,0.37988683952983604,-0.38348634182361946,-0.5568969029351869,0.1533180902373839,1.1076710146004678,0.9711284401360388,1.8900366748174942,3.426808674104228,-1.4691401373056105,0.3870368252565093,2.1834764208875406,-2.073157764970198,-0.04784292754211133,0.054889177395435924,1.2171250411085963,-0.9825216048240764,-1.530384240092856,-2.4685251322436272,-1.1445483025221659,-1.2517852247578554,-1.1788146367116676,0.24566572938722303,-0.840277548189278,0.11526303364023256,0.7373903586032062,0.8565689091483853,1.1325783383081585,0.7491008357986386,0.0494906934509497,2.061117429959627,2.3631327089423166,-0.09492874070864733,-1.5480117536407414,0.4736546813877828,0.13464079971600504,1
0.004635109877465313,0.0687207348304029,2.4244171697481414,-0.9883056664378134,3.09591532902408,0.73021634292171,0.3359475274111485,-0.7109437637818553,-1.341859539864919,-2.0614679752154603,0.3882283677972404,-0.6423000056614329,0.7565504812172896,-2.350074878716253,-1.3818683919870491,-0.14808677172054852,-0.7928281365968037,-1.1783622205404778,-0.07470877640711837,-0.27022974195039656,0.08507273997147051,1.5509901198609917,-1.4564164972675617,-0.42250483183005777,-0.24122325075579537,-0.6287663677842263,-0.8632336358512884,1.1937282222635204,2.277011224872781,-0.7111806505941662,0.9036469804971183,2.655486083102968,-0.38189183607041005,-0.1951486431555082,0.3045696224149058,-0.09097674692670159,-2.430977539449857,0.07043435620764864,-1.8137797146452792,-0.8938986492543816,1.5562473088303728,0.33624156545434064,-0.8886512783177943,-0.2738815590304922,0.9310860488013027,-0.46187070300922245,-2.2135290575338233,0.5488877092787838,0.37158681284013373,-0.37585492716813323,-0.8360074899244437,0.5052286086522305,0.3197232866054302,0.5738442769232833,0.9800990848361039,0.7880468923042094,-0.32474702105642894,1
0.8643726121677552,-0.1831968527084659,-0.028436556686682078,-0.5025268791437675,0.4155766343458522,-0.04204330329930033,1.0950880071872797,-1.410129812545675,0.3401768789479198,0.15944352718282548,0.10478781671594231,-0.6863438440480818,0.45126502038091004,-1.382262649407436,0.024345394290258185,1.1998323465326137,-1.1828981627963053,-0.4688165383149614,1.3798385767491317,-0.2832115172217753,0.9255013753737121,-0.3327937036692631,-0.17710605287547612,-1.0603331845150823,0.932841507860546,-0.636016143018001,0.6250823718302189,-0.6078194592286836,0.33572971330962387,-0.8638771480040628,0.9404440951553097,-0.9498308319980807,0.7500660436059954,-0.12731525886211842,0.06448860469205052,1.2643127703767851,1.2158354363053256,0.8896608373959329,1.1839892688292202,-0.4179244856493066,1.0991978360844534,-0.44545270554951566,-1.04462602569263,0.26953261248215415,-0.7647357815206749,-0.12750708425876653,0.3227742804391453,-0.16048503443774892,-0.35955136970181495,-0.4694930034657335,-0.26907594075630664,1.5177472308588893,0.8869533757620988,0.8787226803500818,-0.8365169650406368,0.4723432741745316,-1.1714929190734265,0
2.7746693314399242,0.477584311722937,0.48873671073442315,0.01459431107868675,0.718767707879352,-0.4318556886089554,0.9359122619680783,-0.27022951107658505,-1.167721778711006,-2.3615081861138703,1.0378955077631329,-1.3376311980926894,0.856673648752076,-0.2844375458140026,0.4739224353081676,-0.9015406418883147,-0.98572955621394,-1.6805414209754985,2.2154027389281037,1.7647787519934113,0.5526623037355038,-0.10274540791667897,-2.0073319985018774,-0.5637197627011157,-0.2755260622263553,-2.004170637049789,0.9115950643471323,-0.10519087144342286,0.4632546354638275,-0.9532692970801664,0.73705248198471,-0.08847770492473639,-0.10944351444096184,1.1150874932256845,-0.16961135123852475,0.7083725412893478,3.099400015143144,1.8613069813767074,1.2193355614076957,0.1695484873511224,-0.8490163767942365,0.28574675386450415,-1.205649178243969,-1.5385545276084651,-1.4245722342093423,-0.32044411550239366,0.6204339226181377,0.9599857980316304,-2.729878648968314,0.4454157105978379,-1.3528598346434555,-0.9288104057713888,2.1486130650959168,0.9394199982757171,0.18043529939805442,1.1832070262198626,-2.187812860501432,0
-1.1709966287401161,-0.5607016532789348,-0.5922498201087214,-0.5797442638064635,0.8257376487876538,-1.9498168443252422,-0.4632951748222551,-0.10430495366629589,-0.12609617006640828,-0.6094290665843486,-0.41168949577704067,-0.39600090172257,0.5971056758702455,0.8192472346465628,0.27285865275694193,0.15113389539575509,-0.9500238027639447,0.7993178263867984,1.6690070311608864,-1.62818310615749,-0.1176015978964062,1.0696924059265065,1.1914800760389603,0.7180745554092519,0.306155544069778,-0.6302574112761463,0.2836102219136791,1.1073446229756707,2.0044547685603433,0.41200503782826203,-0.5396074375195103,-0.1861785971001476,0.751739897045833,1.8528866808670676,0.8650009673532153,-1.8651597489186729,0.9144321083188223,-0.8260780864090554,-1.3119142297224513,-0.1241832286506277,-0.4025029928214993,-0.1826198549361927,-1.510829211709818,0.6138290069512091,-1.1572438469969484,0.20687189181875443,0.8800659721357644,-0.11200273843502205,-1.8934384477404993,-0.737624917114609,2.0355891834446465,-0.23253681512114668,0.7724159341108302,0.6296281759443475,0.6031790781808113,-0.5725415706879148,0.8674592158059805,1
0.6204400952623255,0.20595151821605215,0.6968753453668061,-0.2657834381289908,0.12781684377774713,0.7142506859034758,-0.9819326143120451,-1.709747902511343,-0.9064511596207102,-0.18222253962392673,0.1152287861240463,0.6905534540735797,0.28760940333102986,1.4592141163545473,0.7511025185165047,-0.6564123057931197,-0.9092497338337734,-0.29952270339021503,-0.38081716261498455,-0.9925859648933318,-1.3794618800814649,-0.13206568992661322,1.4190109137830504,-0.45530948382761244,-0.9291370444176654,-1.4441344251106618,0.361876354983624,0.6045502701935855,-1.1869129634899254,0.6328251422420635,1.1550654345643416,-1.2802081480071121,-0.5406550592604205,0.6942988711150898,-0.6859893233131011,-0.09797829414764038,1.3038255180459037,0.39622881308232194,0.6986220337516024,-0.395049742424509,-1.5367155487420738,-0.913761350450358,-1.5556294076951334,-0.9053022065948412,-1.0486083601382983,-0.8944471652890686,0.0483248075418613,0.027080832032354157,-1.2185706012719413,0.8871461819078553,-1.9313912298590226,1.1210421523548344,1.1345723035089064,-1.4771438361079452,-0.5233355032539903,-0.5110515094377126,-1.1220062648064648,1
-0.9010087474306883,-1.528906235368057,0.35769827884690136,0.6556531945421147,-0.43158695588064105,0.4860165428725292,-0.28362028782817644,-0.3888665296932753,0.8191194803486892,1.3427383922041851,0.42663541996963766,0.34478547950145205,1.149576878301885,0.6626877270261344,1.7611468920719722,-0.2095036275557552,-0.03833603211160776,0.11115757510041978,-1.8062710365801298,0.6281507445784886,-0.11522286645194466,-2.0508126442606978,-0.0338404597504701,-0.47753593902518365,-0.07296649762355298,1.6436271359487558,-0.6589863988127731,0.5585475615704392,-0.39760693774483746,1.0449317374242237,1.4974150283966896,0.08864056043860788,1.402884688015285,0.6100615292888372,0.39277153229368106,-0.45976729370566627,-1.6982645880541598,1.3460180093616732,-0.44592558645121333,1.7176656478525287,-1.348655312709057,0.3193886039317973,-0.2618285891037706,2.367945466394506,-0.1643913658964014,0.40724822781629616,-0.808830068826578,-2.350019303579096,0.967842277860664,-0.8250378362541726,1.1576599730760095,0.0029054619416727825,-0.07678916244608437,-2.0085380398326786,1.7790588147149362,-0.8050961248692486,1.9817706656313914,1
-0.16296374920260723,0.5349902546347319,-0.5317095083716082,0.18591034794022515,0.5702268768684563,0.5207614682537073,0.7967315552869965,-0.9122714243755033,1.3685526000170962,-1.0168865549095643,-0.8553493186425889,0.7317854083733453,0.07727861934801067,1.78986087789375,0.4250037694017192,0.5205751971384268,0.617756066135026,-0.6004887084434972,-0.2962904672064903,0.10134578635865703,-0.5741583384557637,0.5551016209406109,-0.311889997951373,2.855345493653556,-1.5008842208838438,-0.8980816301440971,0.25786231682912786,0.6374646356043593,-1.2900999202288495,0.5702863595113411,0.02396041969178925,-1.1091294371662654,-0.4267376018073125,-0.1803982034594572,-0.9045128353529132,-0.405437314712399,-0.6949131175065966,0.9165331070214731,0.002284957129014238,0.009187532519515344,-0.08141711626422499,-1.4587620857174004,0.6056074951931903,-0.8358130439340191,-1.3749506476967845,1.4373464568474794,0.2580882109789398,-0.08322156629923501,-1.6152436444483877,0.0999870786280582,0.7090577300345792,-0.6658296671924355,-0.7886557757127934,-0.7799096146335055,-0.5105641251071439,-0.8621462900138297,1.4299367791535234,0
0.15755803650029246,0.4717504632477058,0.13660621362540865,-0.6310507648128633,-2.715925234282435,0.5959532266555904,0.35132353109448883,1.0185927413186107,0.8298801731126094,0.015425011273115167,-1.691915314112827,0.8527169685831996,-0.5600447088714358,0.0949731391155387,1.1032382020434142,0.49503314567720275,0.25917904199863223,0.26028529074905976,0.21865022465900155,-1.3184380659251593,0.7128575965021231,0.3276405580134431,-0.7041235900145086,-1.3535783828784937,-0.3925370960882612,-0.2222290808534786,0.7862979333559134,-0.3557500720068476,1.793249426775845,1.2111746331805164,1.3041043878635288,-0.1616650664986451,0.039432466618878,-0.29971101272070316,1.5237875386346762,1.0372048633880586,-1.3139396058547719,0.5718102842045734,0.5472429519251779,-1.2506026243957817,-0.8582119901035266,0.34414596758366944,-1.0117197429584792,-0.6668310924075157,0.08886610470665465,1.3582637536424254,0.5009794009905669,0.7068819272948973,-0.9028177003114793,0.6331484985001915,-0.4387756813486648,1.1606562931644102,-1.01954835795716,-0.3566562659860043,0.5862818411546585,0.6192102617355473,1.1999470061170734,0
-1.0431477549445909,-0.5994606954938426,0.09596011885649319,-0.1261174309874791,0.4069957601486332,-0.9379880056624801,0.7521658921449063,0.2766081209165022,0.3405003442780186,-1.6293873546952218,-0.36601247560469247,-0.09530944283494909,-1.2042192424401157,-0.5129464064731739,-1.038210328623534,-0.4763323021523903,0.5241283291465445,0.014060336338801953,1.5611115229225123,-0.97430614157303,0.41050351679419006,0.4928642794773868,-0.009120771428173342,0.3054951376490037,-1.4093743446879545,-1.4418767068554326,0.9840954128446339,1.0692096878155484,-0.7823258167041182,0.27449596274172017,-0.057876377557817237,-0.8219844361437108,0.7782838687260744,0.8390017948385077,-0.31107359976192794,0.05476943455493531,1.6229884591629542,-0.9203868730051834,0.4809656581586257,0.4337945936570867,0.7619573389477411,-0.9913440024440777,-0.43946299919682014,-0.022042751203837974,-1.295930728969705,1.6740811964329059,-0.28913510256222413,-0.8203834303497881,-0.2498588076437301,1.1472572476887994,-0.02405461719147227,1.7764547128093067,0.3796547780543157,-0.03181281786620091,-1.1178996814302578,0.9887179745643064,0.587107462566895,0
-0.7768604379317321,-0.22406603370247805,1.9520060773240295,-0.2982213611601716,-1.011135068128455,-0.889413712440284,-0.10784440622290403,-0.19640033976734567,0.007717368633202648,-0.17212155485825606,1.3271494163478337,0.32510415889671224,-0.1691517925783909,0.13440926405871795,0.024393825462630407,-0.6023150214083022,-0.04458622921403528,2.0762196538699254,-0.07023973339803824,0.45496690877278884,0.021075902824838816,-0.1330285693747115,0.5103047743269159,-1.2251647550919402,-1.1315120048012002,-0.6275210499055084,-0.9111475378895209,-0.414473854151241,1.0100649247283588,-0.41054451690332827,-1.5006913467412597,0.24715082343760883,0.1890278562569097,-0.16589034042592476,-0.8520271773410342,0.22958759602734083,0.2593430505529175,-0.03769001629305439,-0.5380030385122687,0.3418897548143091,-0.9927517862842811,-1.3296749181075886,-1.4133311819549847,0.930507593733484,-0.45995215224277175,-1.0412471813832966,-0.05473470225829076,-0.49537732804534185,0.9092460762519541,0.6831250739319811,-1.823486173801765,1.3423566235537638,1.7675268625606109,-0.9971749223218517,-0.6692251714387019,-0.23820237333911518,-0.2892300357003248,1
0.17414211570525986,-0.7482543928283172,0.020481569206870966,-1.3575000326833155,-1.0095309558359915,1.1873176100826701,1.8502957558591184,-0.5346733428426594,0.9332515006735462,1.5336316124468405,1.3910937250087116,-0.6825944140350557,-0.9122486598682082,0.3981306817850895,-2.0264050412665098,0.6938571305442086,0.5539981744857655,1.2044587209554583,0.03172834808723199,3.4747711240101995,-1.1650579515859454,0.9834692737641239,1.0470894326373115,-0.2914678397135173,-0.5064034439084315,-0.3918152085198041,0.5681853918799457,-0.2692484403830546,-1.43835015210099,0.7603526333920446,0.10374578127679596,0.8199582466389121,1.1633832731614626,-0.37777012662883985,-0.290273690935557,0.6072169303439686,0.8071208949474767,-0.6941939643231849,1.6406513712853896,-0.8044764490274577,-0.7082358851311189,0.9005660075601397,-1.2991608194836408,0.5223014638557133,0.2194491296453906,0.319941439755266,0.7163252070889657,-0.9516681617055791,-0.47023424771606487,-0.9777857037810943,0.6231297738100581,-0.13217536925688045,-0.25388437330132846,0.5060004845886693,-1.8277274166377957,-0.30043202973697863,0.5071393252621702,1
0.8720192738776761,1.5034517934531373,-2.1453134954496007,-0.047506963382858,0.6407643523787819,-0.5464502064465431,-0.039090926945309655,-1.681684120468275,-1.4820676991254758,-0.5279250286111731,-1.884729673740727,0.0820022121950389,-0.6210455610871236,1.0032033513718683,0.3914115805224949,-0.9749923248948632,-1.1920150424001172,1.1625690184384416,1.777471875043489,0.004445692331208561,0.34246964878157693,0.3690211140521103,0.8972592972261747,-0.8569209409502321,-1.0783091499865256,-0.10981392781094478,0.09129146575486577,-0.14260926033672203,1.8135078270556095,0.21755682590607395,1.515445951459352,-0.6179017696633813,0.023580377336182633,-0.8300713320828857,-1.3450894735125998,0.95940291212995,0.056755620310805124,-1.3326873875063283,-0.280442615982135,-0.747924450199434,0.4709359260592441,-0.21633140714028345,-0.9161743002005766,-0.07036685212985226,-0.4880254144852307,0.3862987843826867,0.6822594424357388,0.16720379558983903,-0.9948685889187562,-1.6241908963778389,-0.9876263987197313,-0.16917161974389536,0.5012252633861812,0.9617179278684336,-1.2319190812724554,-0.6884166844996692,0.10033384235098905,1
0.14008863178598896,-0.130748478518264,1.2594827026727609,-1.5515635217402064,0.7279929556699324,-0.8245262646969898,-0.6107769240131855,-1.02124064560041,-0.3575640756885294,-0.18436408644383484,0.19176471710684714,-0.8467078953616112,-2.0542556778686203,0.3286988748289137,-1.4744268130901097,1.4319121610532397,-0.4333753417917342,1.1459193840546655,1.2119574817412768,-0.17502774258326873,1.0036813276979195,-0.7660678871523413,0.34886527059749917,-1.2639998114313262,1.13061710216266,-0.5731091761053556,1.7709170959296774,-0.4930664851149072,0.8304114288141033,0.17240459261361332,-0.3890375985360827,0.8962249582965965,0.45026035133854153,0.30790831615566444,-0.13137774943085218,1.0797671478993975,-1.2810664907163845,1.5119269473323702,1.9925319150635918,0.22980379988876395,-0.8055613787497461,0.14047685995900502,-0.41922501111982347,-1.0366073124556432,1.230917580344695,-1.2158218288959681,-0.03090939517506219,-0.4242422104718622,0.04403289742858266,0.19750976161475042,-0.30033703451646715,0.8074594918263293,0.7980055680462903,1.1127454546285003,-2.436686836629539,-0.24928392971480645,1.0508949066643587,1
0.6093892140054847,-0.9047766183696666,1.1218230826681699,-0.3108210601282793,0.42497985629566887,0.5652802478792194,-1.5871873866215633,1.1955723885290495,-1.40141915947119,-1.194929173200338,-1.0246773827570936,-1.3173122520089129,-0.41838255388359535,-0.8400813541494455,-1.730562855046881,0.8048321895194499,-2.2332137693270924,1.13243495634705,0.5676311905129194,-0.5586345770652926,-0.8014598517460673,-0.8483908296531788,0.4796171387845345,-0.3750737993941932,0.3753306792315493,-0.34775860947783455,0.23136737248855346,0.8884037849851874,0.1599627068623202,-0.3956438749884892,0.8914401527756955,1.0837855661724416,-1.618507194069006,-1.7796289735645932,-1.298094424689184,0.23457955816911744,0.554807906040852,-0.5446983888529344,-0.8792371180483121,-0.7200903691087553,-0.03323595367881019,0.4210664731592195,0.07596265969523233,0.49335197316487717,-0.03683152705728264,-0.285588086708042,-0.6423015645525872,0.2441266879475267,0.34968837196615954,-0.7881879081619774,-0.37056105847606685,0.5487307806027082,0.19688858515817537,-0.37391827091559154,0.747046510655594,-0.3185285548926813,0.2704449720693833,0
0.08632184597891433,0.7089958309898599,-1.0247738633292074,0.0045313817363603895,0.22440345289794697,1.2618298165072097,-0.10450955314666494,-0.15153413092799234,0.7468899061623052,0.6872829169648815,-0.18783265500469287,-1.1128732751892212,0.3541948807828533,1.339727094978034,0.9858700129078355,-0.7978023289388654,-1.6518539467033002,-1.5071386348880957,0.07673369339239121,-1.284009194118747,1.2283089175060777,-0.7940245281545492,0.7570744109072038,0.751352255188983,-0.8562166275171129,-1.067673301983641,-0.924789133191379,-1.4837001224646131,-0.831646456380566,-1.0093744048452071,-1.1816175351117928,-0.16586843736048143,-0.07728797581422323,-1.8101174449238577,0.09851620198479978,0.973123390367517,1.4737062680430864,0.3640340588957838,0.5633348508047328,0.9372968877344761,0.7280209513647304,0.312018521955846,1.7157913041005681,0.18114444460707452,1.0971116978053352,0.6915545198480673,0.5758226098652734,1.0256102876543143,0.3520731805993941,0.5420360544006507,1.5616782834903904,0.14829911729689868,0.39995433321627,-0.6689965284813436,-2.0921649887291833,0.10279139121603757,0.33637668853945174,0
-0.4834844281228258,-1.3908155932539812,-1.3035891558611534,0.19478370956498628,-0.3070342317412638,1.0100357801856614,1.9180555612178927,0.08234997077202992,-0.16755361693231016,-0.8938374514037734,0.09394090473250721,-0.7215549261449714,-0.9237088470938104,-0.780662176006874,0.3157501050374258,-0.7175099773935384,-0.661875222655225,0.7287631833342864,-0.022868079957365263,-1.3518666643465673,0.4446501833367243,-0.2530189544777437,1.288008172200488,0.7691403936514406,-1.232085038160798,-0.4242523765836694,1.0182541044650315,1.649338760197673,1.3091157533174154,0.7565811750426027,1.7631975935013016,0.49897776588040377,-0.3812428409382664,-1.2851497569318509,0.5281436086875712,-1.0871692759439426,1.2128053846560918,-1.1862845118551022,-0.22559216085741546,0.9107084728750132,-0.7976369808622419,0.6933562445102244,0.20586297326860106,1.3258206988315648,-0.7834089987857931,-0.35207055761509987,-0.323494927464934,-0.8515371876277397,0.7684657234984378,-0.810270762282247,-1.2596578886226533,0.7111522036233282,-0.5619923400534204,0.3998140561745685,1.6995981985956186,-0.4090262716410849,-0.22928769126888068,0
1.1960708751039628,-0.6922126000627149,-0.23026741285315372,0.6393439761434396,-0.6178159293689769,-0.9376532211205791,0.13548608507478627,-0.2014615111918189,-0.12457846951649994,1.3057301078559271,-0.6740646037750776,0.40749404665228456,0.23437693914192498,-1.13735385126473,1.22067093111489,0.5514298084415107,0.349086745098107,0.174630247093534,-1.5644828705439708,0.7459676454949303,-1.7523619580561123,0.7175063510127108,-1.5859471105892382,0.2583795336520561,0.38062866999553935,2.071336576674321,-1.7010224899473305,0.8388821315636419,1.4007450326233573,-0.2550272384576683,0.8802605117538083,0.259787441082407,-1.4476333866224123,0.558231508535363,-2.4498846971764823,-0.8329805969327839,-0.6299040429531503,1.8882708578018992,0.17477229695233065,0.7743808941432989,-0.0842549383254409,0.355902802939301,0.04339353215617096,-0.004775982242697291,-0.41044247524479965,-1.4782777850026563,-1.0488775953851235,-1.2688977808841524,1.3027744041058185,1.0492915591859775,-0.21724962756940688,0.3398492108810775,-1.24494627805378,-0.3503182256300765,1.263385993177576,-0.00110030074037796,-0.1653968364111996,0
-0.33661542684524,0.6489877217973382,-0.34727794753565727,-0.2503654880884869,0.5230406344177786,0.5823244794853266,-0.043527462273258176,0.4138050930266554,1.04765463524013,-0.1938607213520871,0.13697928743605178,-1.0444493752411306,0.9996829356798758,1.0271131077605273,-0.04654774958184382,-0.13155255304630417,0.18983972179496192,2.1272729817231317,-0.8929896487891381,-0.1665704985585654,0.7557491181355492,-1.7478063435172473,-0.2692308255123006,-0.26583721904507013,0.7689175698879517,1.4199257438397717,-0.8034643735554985,-0.6510435444349536,-0.3517523926814745,0.22390146320692927,-2.3385392695294542,-0.10362021003579167,-0.7488629054218972,-0.5367955717076295,0.14037533580467518,-1.0067974515931781,0.7677170480338599,1.227727053236986,-0.5414218563228307,1.723695942487496,0.3177814237711206,-0.3492110217413616,0.15370282623865109,-0.1561526651613194,-0.6803040077052387,0.5562119441642334,-0.327546989739157,-0.27368529852979384,-0.9457524753457393,0.6526759494287746,0.054918492825272024,-1.2109403338698688,-0.08848849716411873,-0.04694255143764928,0.029550245806562667,-0.37307970648001754,1.1834616524130148,0
0.32641318283747545,0.17208027551490887,-0.23493569354444793,0.5502387471885041,0.6858571345801894,1.7166442318837754,0.668429352316118,-0.5255662744462843,-0.5547609960547549,0.6458502137593793,0.537199594550352,-0.387436975225261,0.6471150354248073,0.9626058736960519,1.9210838736141784,-0.7609147834086218,0.7024459879331607,-0.5894844207051368,-1.289553805775357,0.31996599709984147,-0.24642809726259027,-0.5818219830142647,1.3633461770750015,1.7237479792071402,0.7604365502885534,1.1780536264745967,0.9846381922685532,-1.196721479851244,2.022471878285653,0.11107684230041552,-0.7298976718802829,-0.20031281657798788,-0.30900075843817887,0.3141697581785149,-1.6745586770581018,-1.2937541330250382,-1.0912581798272643,0.8096031587326515,-1.1653633433542678,0.6281817732608138,0.751237577011352,0.0031072013797654374,-0.2958468395096433,-0.4949675121297997,-0.26535774372978554,-0.09572001844612732,-0.9934919459931789,1.5808884358773398,-0.7462918100197874,0.011229754064423673,-1.2128152592801364,-1.525805792286006,-0.04348296380630234,0.1764658247780133,0.5066357841990248,-0.28293656743046697,0.6097436882825608,0
0.4629969330299047,-1.4371686387457736,-0.1525462885061951,2.3890019201964585,-0.565452038855917,-2.782466663141994,-0.9541858244499013,1.840968527892827,-2.313657097660463,0.18191381837094267,2.482352799485708,1.853270653894979,-0.7167294283096699,0.32975801659179704,-1.30310031743935,0.5754961433087373,-1.0877032691012822,-0.22784730032744502,1.9307633753336444,0.9342760219777512,-1.0184524993250135,-0.027237389581546007,-0.35401887879682165,0.26151541535349937,0.0564671614464522,1.4638476811178374,-1.995831494979129,-0.6748571140934965,1.2301790307126435,-0.17875648075827302,0.13143170753170894,-1.0499924695240348,0.08167175789891859,0.04460571407912424,0.40847067081545707,0.4524088395030173,-0.8636205831005757,-0.5321178328655962,0.19245087075836415,-0.17943742666421222,-0.12735010000760325,-1.075077639474336,1.7323143554481584,1.492102320921544,-0.9393000824958508,-1.1745025537446192,1.8102209291609563,0.1820918882679587,1.454396461041353,-2.135309075291518,1.1691419420151976,1.8349185328958049,-0.5801215602477622,-0.30872336882492407,1.2599493314506565,-2.723578958571594,1.0001122466240577,0
-0.031702448599321725,0.08212194231400259,2.461604854820007,-0.4353049187026725,-0.537676956437391,-0.8651027026485385,0.9368699095614609,0.8965809796147362,-1.0979435338185002,-0.7757251999064411,-0.1933675363736849,-0.10651889821160586,-1.6514302329078117,1.6093594657384411,0.04722080298622233,-0.06684947833152721,0.1368302877229977,0.4888682529008053,2.338483811122322,-0.4358532553670807,0.6796597400443475,-0.48336018072592857,-0.17146234119911902,-1.3360564662538368,-0.9932109022963311,-1.2963092352812706,-0.2565816552719922,-1.2800509816472305,2.073200318279093,1.0590420113255306,-1.381080548530057,-0.08036300748290708,0.09805727326638845,0.6400908949843122,-2.2272669733776245,0.0969315738081045,0.10628381779679366,-1.3744551011800845,-0.7540022849289685,-0.3275429052785039,-1.312290098486984,-2.0259228318409215,0.20842592499799667,0.12190390247384089,0.46617756137780353,-1.3832549150202136,-1.0110410611404743,-0.3160463792772454,0.14310483020238104,0.6371008360070846,0.07826903388832454,1.8947796625290216,1.557379102478067,0.4815466141971545,-0.021475214339720116,0.14930352340697528,0.40876447929124604,1
0.9744949472263807,0.6298216805524918,-0.007093370826775896,0.16249736314143415,0.9188114121748688,-0.17843988802240413,-0.3602164440566985,-2.236047601218302,0.8724277370589424,1.2620394218460922,0.42054546933595044,0.29529975478759185,-0.585342087124526,-1.2954145093564964,0.391514403498236,0.11220846196895884,-0.622794456519599,-1.3200908674813125,-1.2350397405290416,2.3361790172547883,2.6895317313592186,1.5345605742628683,-0.549066537068417,-0.5401071982123503,-1.237905655043246,1.3627582189314957,-0.26179575786493225,0.2150746063679736,-0.39532890106780993,-1.2426319713514746,1.105742020294447,-0.8614923738097553,-0.8295406474712282,-0.7966098821197121,1.1634391721422475,0.7748933643303706,-0.8935252351146077,-0.7989687942608098,1.7752910525831616,0.6155491272658048,-0.9682909379409457,0.9792543920211817,-0.1403191288810634,0.503305945642609,1.388156139208472,0.8159486388969523,-0.4078378320972808,-0.5955561790757906,0.5055780678229362,-1.312212906002876,-1.1364541628587979,0.32627939063080297,-0.10346445166656816,-1.3810127413638973,-1.8889791740965896,0.049548163996787915,-0.13059173901497378,1
-0.23030367417484357,-0.4877253995691393,-1.0368262504323638,-0.43206801280993845,1.9623614090968933,-1.5387095982898804,0.2780762099879177,-0.3291044123183343,-1.407024024413548,-1.1872779438472318,-0.4104502319209224,1.6658337876633378,1.3490095299832328,-1.0124539778096613,-1.039901659800931,-0.37261786424039045,-1.59409419899847,0.5100502520202975,-0.26284091547318267,0.6671434453087014,-1.0440709208683243,0.49363347968002874,-0.03351907377428977,-0.5759462508002546,0.347732776249595,1.1233522108564005,-0.4149024231670265,1.2183475739946432,-0.5627783537730991,-1.6391381856903882,0.5952079095699448,1.0841550664973043,-0.9155919318247464,0.1376179059002391,-0.1360788452412835,-0.8638963628377003,-1.2335985376221659,1.1189988707375926,-0.06013897500172778,-0.35103550571309644,0.8014799367759249,1.150833935960308,0.9099199874645146,0.9209962889566561,0.7678293338838597,-1.4805818312690457,-0.3760840036900986,-0.5790726123284294,-0.19526842864198216,0.9335328053452796,2.646150349101051,-0.3693636381566111,0.2090202703065106,-0.4837175091670922,1.728450989889262,-0.3022564518974927,-2.079660594309453,0
0.7105718150160679,1.053394566107585,0.7345061506629937,-0.5492429119927057,0.09859022825692895,1.736859157132013,1.7181101506817853,0.14436595347934786,0.22923856200961681,0.3021770373627643,0.11167389308802303,-1.1073179610528245,0.5752578891420602,0.5151218804460636,0.3066881005977641,1.3133760925833697,-0.14182259628453936,-0.11719269263026469,0.5282776271882671,0.21533845919157013,-0.4055815228332321,-0.04287427935486156,0.8243591230871271,0.5002697287528435,0.8496074497999362,-0.17192574904939398,-1.0302081540397048,0.9516407697621789,-1.068179947350453,0.4868153604398189,0.7512910185906286,-0.9272899992646018,-0.9858758005160304,-0.42046360629884355,0.5768079982958265,0.7247368844542725,-0.5125512277285494,-1.8485242365251693,-0.7333798400108533,1.0670351234555788,-0.8569143171725286,1.5015254327005647,0.5701340391705515,-1.206481986342735,0.6165056281136044,-0.6960016968346584,-1.0361506835839636,-0.3272095328845243,-0.401865801062178,-2.3392205248985793,-0.4290117134584237,1.7833704830352064,0.0632003438993618,-0.186035687204437,0.47861237659421485,0.3765577980015005,0.5146936560748535,1
1.058807349778726,-1.0055802467212078,-1.4526986948676195,0.6734581174959604,0.48415920486510056,-1.072026272642417,-1.6991747274520488,0.17481748990569881,-2.119399589584535,-0.6689239377142819,0.3781686279728981,0.9162724102405962,0.47438921798313666,-2.889375129076783,-1.6897317970414316,-1.5510465254412589,0.03277671201989743,0.9318612992629065,1.3259984328292898,-0.003315518983536832,0.9008303196197516,0.7502682135503168,0.4096151497643223,-0.8272423767453387,0.6412911743309794,1.5359205204444542,-0.07199922137932935,-0.3004998979119833,0.2643918519042478,-1.2862193590317106,1.3138918445239138,0.19589020846470692,0.8099424444573866,0.9196590132649214,-1.0631316364077115,0.20588410726615095,0.5533217577346329,0.26072616365096385,1.2126891434899822,-0.48611164816229807,0.07849028263760224,2.61709116922457,1.350054264510823,2.6183434793434435,0.18088068529309032,-0.4977672399925772,0.8488882618368326,-0.8285973432873598,-0.6560639216722666,-0.5787322928121639,1.5408635004552393,-0.8646800700604652,-0.09817269771134988,1.2119096197311023,0.9977331964293674,0.3003610426415526,-0.080606665345301,0
0.7904311221506394,1.518811042692351,1.757527751593918,0.638943708019121,-1.834080972535992,-0.18686325693993064,0.1852277001542296,0.02780709653171676,0.9130159661569215,-0.015019679648666117,-0.2006331146255763,0.5797258590149865,1.4539560288489308,-1.1966643495118776,-0.00984313701460421,0.6174222158828397,0.467677517861474,-0.31311470320891105,-2.2925441687547696,-1.0559856763256592,-0.612967920661831,-1.9453126723191554,0.9361033209569882,0.3100172411300272,0.8680304869471086,1.2800346960638784,-2.65824639280701,-1.2156899833718087,-0.19103406368291198,1.7179395773591564,-1.1381742153892402,0.6770469739616471,-0.9699000458709063,0.2587844150864677,0.2534890748102206,-0.9697306961743996,-0.8725121538424595,-0.4645988115406784,-1.093846133587988,-1.1736789881594245,-0.23789860151986195,-0.13609939056404988,1.559443057295057,0.8644733448852161,0.41242639121825164,-1.15997615754198,-0.21975386273625286,0.042660977858617104,-0.4167782365504929,-0.2336418080755008,0.23814153441186467,-0.2186465449854926,-1.497478306276782,0.8904022245472115,0.9073588710642152,2.0088954344944123,-0.39279427855228427,0
-1.0144924771733794,-1.3977822590266988,-1.2982095049096074,-0.0821705364456661,-1.373291841246542,-0.700426912149317,0.7000219515954965,1.7600419839125165,0.1754756760846249,1.6682597492086193,0.2234244977011257,-1.1442764323474097,1.0451651526667676,-0.4900511054015636,-0.8395422217100756,1.5673582977177625,-0.5781931593402198,-0.4585975690308947,-1.2017782827599222,1.3678117817843067,-1.4723069845046963,-0.8411840666455808,1.074639316460542,-0.5009311602793963,0.9730538795742324,0.18555750321088002,-1.5867829688379453,0.8658628721899078,0.7874071081374135,1.3447881936385602,-1.2575667266611201,1.25313255624759,-1.0237127879804393,-0.44717934113494373,-0.3470978251243966,-0.6277932031414197,-0.5051985087140893,1.0385499689639799,0.11032423550384589,-0.14888935384902421,0.33045154514574937,0.5124499917189227,-1.4076529664032682,-0.062086581354748434,-0.6027207867987335,-2.478921869356387,-0.34395861984876797,-1.602079364834172,0.49156050184529815,0.9798601839948768,-0.7400020639418219,-0.9016567122024072,1.4648771948501795,0.40536439156632686,1.6631762711930798,-1.6265278416561524,0.8661767823737727,0
-1.6534619896103415,-0.6338635833235708,-0.4937040370101849,2.3321600650767453,0.5353120556065551,-1.5129552076678867,1.7223736575603539,0.8223402053248188,-1.871887234898575,0.14842595764109512,-0.2468915740987128,1.7665765186392448,0.2443956249650888,-1.1304697604178675,-0.15029942904625304,-0.5548521890350301,-0.33801500654125205,0.7645952076708682,0.22601602039832874,0.17329596730453614,-0.8834023497419972,0.12233670713682757,-0.09374468972159494,-0.8411920113848953,0.258813960012427,1.1990434959068714,-1.2682441668222026,0.5479393896211929,1.1093752306301412,0.29676960202844915,1.5858095958579579,-1.9446361065741529,-0.09549660889521042,-0.851060132536288,-1.3141354294902865,0.13751833922367257,1.1392854966443229,-1.1926122146143663,-0.45665608482835024,1.3870335515009964,-0.8964479595737813,0.3206368492595656,0.0893753516338864,0.23117572921509336,-1.4514385628158366,0.14926792539132164,0.500318952670486,-1.0998924928037968,0.34937973285302926,-0.572934602989745,-0.21103883939750848,0.7644757685267892,-1.3277192697756284,-0.20427847457904358,1.0762734188843317,-1.303979034603248,0.10769889284639159,0
0.39152203450329004,0.5160947123513047,0.7033839171663725,-0.4388499291432271,1.0434660903305644,-0.6799121960070716,2.2792610636094586,0.42344313196250283,-0.08665073915715062,-1.7233070108241242,-1.6022001964272279,0.003832905529305876,-0.5902845925545857,0.2831733648281435,-0.3563080490285346,2.524536338427785,0.029040447275971968,0.6485681882095548,1.676972968984148,1.7437614164087532,0.4716345352389688,-0.8098061867473567,0.8863694632100224,-1.7212321993844086,-2.0794122269649806,-0.5235606001962309,-1.6128998200978653,1.7480685630449249,1.1862132320948369,-0.03312015846215137,3.420102748042867,-1.0699625667516326,-1.8467353688075236,0.6608892015014429,1.059488827151828,0.6388911571954241,1.3008655283523267,-0.015660885066101124,0.9756900552362769,-0.6245519078867802,-1.1780215661562556,0.2535403721417423,0.504237612587676,-1.1336542389490618,0.30446101569994527,-0.8452309913219879,1.1382442519806444,1.9867159701246986,1.8744581860685345,-0.006025730130320225,-0.10386310424396708,1.7161508732770618,-0.06754112811584025,-0.2394840646198103,-0.7848900869069556,-0.32317561812173995,0.6922150724121929,1
-1.0364519857432468,0.03915904634684757,1.6185348594299989,-1.4134690136210042,0.6940255171366362,-1.0386782433225996,-2.2176701609521334,-0.6015012747453855,0.27080209810834827,-1.1805570109086427,0.3256226004642864,-0.9868648495138289,-0.557612694582719,0.6150143565205733,-1.7139076321493554,1.0532011176109601,0.867019095446662,0.9791446660785638,-0.23117091930536673,0.7182986819101106,-0.036937545760197435,0.5039611491507768,0.41905135432198426,0.1391990263184978,-0.741697366488316,0.26803856029220785,0.9591799476048309,2.110121402890555,-0.23701466706636973,-0.7346387421500049,-0.5984763585919455,1.5250429675956714,-1.0386190777939626,2.6112987396432845,0.7607958899100911,-1.0302836994280002,0.04179860999887308,-0.7059894410139258,-0.799097737866791,0.7311896719308442,-0.19644672117673173,1.4788483173126714,1.0487726148163885,0.3530213932927927,2.1148467511348454,-0.5192201102339998,-1.3638476870824905,0.46885342121078727,1.9398597290024515,0.515537471821696,-1.0033995156282496,0.4265368040733598,1.5914459479707899,-1.4727237988920985,-0.09485208753330528,2.4303192929079525,0.07117465972895348,1
1.8686787613261662,-0.2249343230871421,-0.34600534131185384,0.4035330708179895,0.017162609598224125,-0.8623080954605133,0.669670390152923,-0.6299319122951862,1.212594821785106,-0.9796093541070892,1.832953629688504,0.9108996511449744,0.7581226574234184,-1.269395950173482,1.5496125412919894,-0.7057110443148702,-0.42688476532438613,-0.5864285282970109,0.8933891714284335,-0.3647655058482479,0.5648369609415363,-1.598179016506465,-1.1790397053921278,2.071193360014467,0.5547155440905185,-2.8059161343330565,0.9722643517199746,-0.504071661676824,1.5098266734969281,-2.0690712003971816,0.3119231179306094,-0.3090168181333397,-0.7540249559692312,0.034300623427644734,1.7369926197162957,-0.17100668838680363,1.424992958026425,0.5312180092976201,2.1163006200777015,0.7025504255047218,0.9207570042357658,2.4754556046567595,-0.4296754170489241,-1.1076223860821264,-1.3618879822689918,0.2538688631376284,0.564849416318969,-1.3551008052745035,-1.9851168320995538,-0.8405532551685609,2.22860974458993,-0.19698985874344238,0.9034420071674227,0.511630060834765,-0.4421958368751054,-1.6574620264434967,-0.3062771011921804,0
-0.2988934996895144,0.7217510453387366,-0.8462164963034249,-1.3159649914601854,-0.5834228223038518,0.3890736072203092,0.6354782575052987,0.9747089072785771,-0.29758916622813897,0.5033548079647293,-0.7314950931702896,-0.2910126560888927,0.12250487555506709,-0.36001466018646966,0.5635342019439158,0.33764853505258974,0.3467106900393153,-0.2280981251147609,-0.5301472450378809,0.7791661186170328,0.4996591020421389,0.8040010653436132,-1.946805032673187,0.8359506296218968,-0.8743647110310147,0.7873741833573947,-1.0840418731771084,-0.23614724971493295,1.0478279015758345,-0.05921303881760956,-0.21851527722740624,0.842708002122625,1.2145648074444084,-0.16699752783425442,-1.1095556868933028,-1.047998299014652,-2.016344485332236,0.39548784165621576,-0.6317271428033472,-0.40407355849808896,1.7471603543179512,1.961823150584654,1.664865867548502,1.0421827038888518,1.174462566963899,-2.178751091345813,-0.8853968989258099,-0.6881876884800494,1.269994482005614,-0.2754883820053619,-0.15545210048039512,-0.08022312147445863,0.1812464526415449,1.1347226295298147,1.2178849886512162,1.7837700225187192,-2.179189656392744,0
0.9363803736481661,-0.4424330082578231,-0.3249463450019635,0.7216047900318148,-0.40553816737553394,0.46329749910852713,0.07246535603855694,1.3019366540762038,0.4993982817483265,1.8848985649106256,-1.2910124395360827,1.2320693031567054,0.24862162737598156,-0.09586057004742005,1.5165164512989548,1.6089046301939682,0.9690375268108543,-1.6607525990233392,-0.13046049138548257,0.9873854638086264,-0.9228293527829581,-0.9096313876602407,-0.8913249161021894,-1.0564219197264098,0.481652417222853,-0.9843718324373806,-1.231029670712817,-0.6706582344587552,0.665281551360364,-1.0792011507332453,0.14919702980390584,-0.11111162354734676,-0.921927572004257,0.13538590358838795,-0.7177116069857646,-0.20920309507577786,-0.046140320355591624,-0.8928667113424676,0.36928395497819405,-0.4864875830765489,-0.5961469088323978,0.14077692398447458,-0.12150924947894899,0.17510663175719096,0.18151588370718566,0.2942712371732048,-1.6245351419673077,-2.0418613514166344,-0.28159500068444626,0.11348120279243694,-0.9481222305126544,0.10162148795891841,-0.2852142049499206,-0.026566480772333728,0.4206520218359535,0.6293949849229127,0.16127814055225526,0
1.1500564471580148,-0.5768600361216127,0.43015435945506314,0.6945571262218239,1.0298914188610055,-0.2380358332380342,1.176844841739868,-0.2996049759714788,0.42438757907126,-0.06902574630345049,0.6153836792750389,0.3402979204019158,0.33168751174978817,-0.5244912527465462,-0.09664083881282796,-0.7065753198189455,-0.18752897510843644,-0.9687956634183184,0.8815170559549121,-0.9230872981789784,-0.16731888958903657,-0.18503467024420656,0.10899559427243709,1.4655097030100521,0.756942985732635,-1.3069993957010357,-0.020483834072186582,0.264535645376612,1.9227247274970136,-1.448202646492086,0.8919494980663848,0.8798052030140494,0.07579462087924413,1.1983922154068412,0.28740081245542703,0.39062763352136387,0.29128275015770644,0.0952632359242523,0.5102286346891997,-0.10722552466501446,-0.6175864050762794,-0.4377528035735111,-0.04641497900536079,-2.3468258941439295,-0.4826404652355995,1.1629076952670077,-0.0844936185010766,0.36135046659035575,-0.3509499456320677,-0.4782662907007449,-0.06493857189366466,0.4766618348015554,-0.0024621164162326346,-0.1430669197951705,-0.30178540480732424,1.5321304878016007,-0.4817061583420106,0
0.2873659481794581,0.6288163723194494,1.454753737900596,-0.9928760509964685,-1.141163511517613,1.008323773005553,-0.42803752462506944,0.6792064366589801,0.9155236120744465,1.5633325120625259,1.7357283908138297,-0.2699655275398501,0.22750143967163564,0.08017103171984014,-0.3137141157719027,1.5349684717615542,-1.6931065430914207,1.6760913898111247,-0.9040519876828145,0.027203794717462263,0.46398969294927067,0.40401783364997135,1.586620218481136,-1.203142020674607,-1.4650856223999869,-0.5606050766742914,-0.4793689852094576,-1.8372750119993833,0.044493508561467485,0.0397334076869592,-0.1888642533260449,-0.45350742828598034,-0.5316397147933718,-0.0040065279845766695,-0.9953844939021874,1.6587356035434728,0.646891150608869,-1.1544498739900835,-0.025170829566188466,-0.23046326090066463,0.16759443371941923,-0.492050404681884,-0.49907522140223143,1.4918823068109686,1.389427145809132,-0.16139414995144308,1.0229164951456577,-0.3946066468898303,0.5228767459003817,0.7043634640693852,0.8455556773601375,-0.4629249821190078,1.3320669700420065,-0.6822290740337201,-2.157295463838367,0.9588971170939383,-0.4895529167912492,1
0.4295364868438992,-0.42735013347910555,-1.4967178321769632,0.7619543032773152,0.8780419609638291,2.1334027753669185,0.42256202880063726,-0.19661507199433015,0.3766553959470122,0.15337652345764594,1.662475287389596,-0.7390678587462434,0.9710097060155968,-1.1528916881705866,0.2529720458386233,-0.4645731780999267,-0.18888021429995674,0.19820044426887873,-0.27057089226128406,0.3551210957528894,0.5822538388327629,0.3431328809160704,0.49206678589571035,-0.3782663137502647,-0.12727307017036893,-0.22896042917470363,0.5975442718552292,-0.9738785868385686,0.6169788407075653,-0.19347712265091482,-0.2928056201988061,-0.32349201746204914,0.03371182891097923,0.29065248057097226,-1.354640636899052,0.23213598081804465,1.8579902696252502,0.12381848169623742,0.25531388697984164,1.4474745097302633,1.8845626241810365,0.8444859077998926,-1.1445568753445172,-0.17375537130043384,-1.3019096243751929,0.367224235642764,-0.44689587402228487,0.4082902511630002,-1.2457685790130877,0.408981841851848,0.5743627916677762,-0.6976576481131729,-0.5771046318260098,-0.4774879410206154,0.5654756779910639,-1.4274723028016685,-0.3366520358533844,0
0.7075990876277222,-0.1925713979568753,0.23370244751210853,-0.28505083765922623,0.9678162200762519,0.44889898081315976,0.7665518407993664,1.225343586412931,0.8801731639461459,0.20330266716050166,1.1454471780154563,-0.9047411180193368,0.37332460065922035,-1.022962088822107,-1.2490122762474394,0.016343274303911123,1.505246106525702,0.6310553844033896,0.24151738665663464,-1.5299455783854314,1.2341764646895517,-2.3217674076474926,1.350171822523581,0.35382241817508736,0.28300721849786986,0.6288733256590189,0.06708074933969894,-0.14480586554503724,-1.1547528722723863,0.5705979431872548,-0.627353572863168,-1.2123437466994138,-0.64603286207172,-1.6253739784803745,0.4082823910490877,1.7815516799540465,1.7414526375194128,0.9608021252417858,2.2632499401287847,-0.4086033234684793,0.47207103778345133,1.2889062295382745,-2.1286751893932654,0.10992999881215718,-1.2005324246372528,-0.6852906170408817,1.1631991589702637,-0.5793146471846294,-1.2232663873511616,0.2828791621770302,0.9125787469497655,-0.5072487807759666,0.10243252528181657,0.8488665212191046,0.00399752939232148,-0.5573833738393628,1.5147401355794206,0
-1.8911360664573096,0.5421245799111801,1.045148193353234,0.2811150599344163,-0.3328760492576799,-1.418124348137149,-0.13917956771626783,-0.6327175464505563,0.7126987844213062,-0.8899136780080474,1.6530766384170485,0.06823701758833897,-0.6869827849084897,0.825596603330887,0.4996853149384425,-0.11401211733984176,0.25251749446874655,-0.5089426580713536,-0.3234388935852139,-1.8341210511738908,-1.031793868198402,0.1372086528563568,0.24506142679159273,-0.5554596722296848,-1.1805469468677925,-1.5906189056103652,-0.08674033156715936,0.6654337821074207,-1.8143279598335291,-0.7595479087078958,-0.5583044316724565,0.09499695930869793,-0.3744022174117068,-1.485271281890492,-1.0720678847531901,-0.9987665275653916,0.12116100014468588,0.8374321190809354,0.1415448668762656,0.7604460529985647,-0.8765418350644869,0.5528045040480795,1.2589905555535819,-2.5067322397165306,0.6535552364607962,0.17398805537610185,-0.16752061097655668,1.5760413090712964,0.9040765959566239,0.8843978320549517,0.6805948536694431,0.4390516932416488,0.31098447623858755,-0.7650807501014416,0.7829492249076113,1.7089074417347139,-1.4959379013266418,1
-0.2458965254588238,-0.4052301618180364,-0.34378848025457737,1.1475218745616305,-0.4543682071418479,1.1944514658111203,0.2028280149053484,0.8357674805234705,-0.5663581422884212,0.6496911492273935,0.205655729012112,-0.354639066739941,-0.8020792030473191,-1.3550532185275097,0.31210376896970676,-0.362487985973693,-0.7566997559616753,0.86860393054568,-0.18139537791606095,-1.2441005305260202,-0.7916981100157479,1.123920971469497,0.30782728631911865,-1.554352768109093,-0.08287983577120209,0.48498343227977603,-0.07474142162500476,-0.023575113607973493,0.06589725930795635,-0.5224141861713995,0.3436513546174626,-0.16251593868815778,0.3951841924063676,0.18126444656032262,-0.996745657656424,-0.6356751851211699,-0.4042647955403058,-2.236874756397558,-1.1946587526348735,1.4433123326085107,-0.3362072761378632,-0.19475905447159175,0.20143703013633174,0.1733505117135307,0.2180761950115539,0.42436569365939597,-0.5825586185908326,-1.2372252292867734,1.0382243954310033,-2.322333244860344,-0.581775315694861,-0.3239435596879025,-1.7054562456535012,1.0572112568142953,0.7009170747081962,-1.320785916025476,-0.3111806447384647,0
1.1422281586449017,0.14298312921854206,-1.2580790201423127,2.481670336266298,1.830010644271088,2.885126641051568,1.0317585122988708,0.029049384135820776,-1.1077871077173522,1.1068750447201483,-0.7824067390938939,0.4203029352625249,0.6400656656685518,1.1767781109952031,1.0504787767065402,0.48015874707812556,-0.06908192550833689,-0.34775840079396403,0.283505297112899,-1.8387872607092015,1.9634881615319881,-0.910142030951041,0.7873407952980213,1.433034613719229,1.5835504816315993,0.333075382620784,-0.3682124193099488,-1.4241439461928802,-0.6850067655894972,-2.9701247165556595,-3.5444422386493493,-1.0347674061628453,0.7066436012647092,-0.5038293691418981,2.7562112601306783,1.7017072286728723,1.6896589035859515,-2.680228509662519,-0.3736816806363971,1.7295650058846477,-1.8627714169440281,-2.417939452754513,0.3675743580617981,-1.9586473301215186,2.313124252931061,0.9071396508903505,1.311809648692947,0.2601880199135874,0.8301426274679177,1.5725804465938034,0.5508684853111825,-2.1214039092452617,0.6351163738620373,-1.3134724593073648,-2.1853219508517343,-2.455059929464092,1.7865571374984106,0
-0.7768422172305665,-1.7359748816064142,-1.599878601241422,2.653919947934231,-0.7087406712787572,0.06327666187864393,1.427943342474211,1.322280926127406,-3.2273201465734593,-0.6600601296404802,-0.5498294958215757,-1.01895417533376,0.11376937831442231,-1.7901354779786163,0.5331632481538779,-0.025486721566406714,-2.1013593757514974,-0.7267224619256182,2.032736746905517,-1.1238091180081016,-1.9501014426630923,-1.3818921671912094,0.1583504335372417,-0.8433387692251765,-0.05961030110733861,0.41306762539315006,-1.267542626213918,1.338869928762619,-0.032878130420232736,-0.543858824032953,2.053045710184954,-0.5688604360354182,-1.4413637603554916,-0.11289113197074666,-0.07676344745540027,0.30023582622006767,0.9343850298772598,-1.066261925514213,0.4140168156276726,0.5279132355671847,0.30811658239975254,-1.4471651254796847,1.7401033971245214,-0.13087972572678575,-0.9963819604118422,0.7268039191380253,0.36524151413928446,0.4210602700944613,-1.7120528580551375,-1.7025323605922213,0.019643829158443232,2.3868903575452554,0.23444507716870122,1.4991497818178194,0.56457816193431,-1.7654475985746778,2.818751810363981,0
-1.1777305050482345,-0.3390956446520476,-0.9816525554802794,1.0158072396129505,-0.5815204002974028,-0.20956843159914168,0.12096341035126727,0.18447115784716334,-0.011428279321163104,-0.39366016181274655,-0.857480917001317,1.226731601038466,-0.3412057585627657,0.9029842267076009,-2.039965801957225,0.4956831309051875,-0.09225892010274758,1.2826532966054918,0.40249767913724743,-0.23904084284439858,-0.40020689111700825,-0.18457163030590357,-1.3003714589663191,-1.8993545603808748,-0.5099992121039776,0.11239414375887465,-0.7939579499762713,0.8168818356119847,0.0600355721614817,1.1967823927636971,0.34714297233674757,-0.5414372555296764,0.4244976919031391,0.43336332790206494,0.40246704680250617,-3.2154718115210734,0.8357288703347118,-1.5372886621377886,-0.6381109078155762,-0.5609720944304839,1.8995070260333728,-1.175219505554625,1.5716318121909558,-0.23996490578302557,-0.3675786394736192,-2.011484296194934,1.070223856598618,0.974668886798203,2.105405091060941,-2.2114251770898723,1.3142532961504725,2.3127482588520336,-3.5031193919089514,-0.6458197987348248,1.206653740189622,0.5069354197016591,-0.31018062328275425,0
-0.7818939424031547,-0.14396070298695968,0.7522340173891523,1.3244649244965963,-0.12859685372037555,0.02044267363629025,-0.7731800994208169,-1.6635931468269627,0.4998057868447332,-1.5574288409974535,0.9676006623904498,-0.5438476447103102,-0.8382406605883,-0.20311048711325183,0.11653639915868512,-0.04569377800596577,-0.24833478818414895,-0.14827966472674842,-0.4042198703037711,0.18005146216228507,0.9346245645068083,-0.0743676091455747,0.5491382877159536,1.047588063462191,-0.5339282571334316,-0.042113399052517764,0.08909237576710424,0.9815948014427786,-0.3752178147269889,-0.11178496847039802,0.3001122653926481,-1.0507379986779386,1.0376460477461205,-1.1239757543505162,1.3066640452673757,1.2860684006491405,0.2864477138382202,1.644024141199871,1.6746713962236925,-1.7756709398250683,-0.9188987787887845,-0.28547490871415665,1.0673544886631878,-2.025159343535016,0.6690030717782904,0.14500717590191636,3.245479848580206,-0.27160528469413914,-0.0143514101836401,-0.1310953928605156,0.5800569288693452,-1.2917952290141264,-0.9520868255268797,-0.5988830362782629,-0.5523041179679382,1.4093122911275988,2.2424304659438072,0
-0.42642282683874433,-0.10436902014421409,-1.1728416723512631,0.6014723835548003,-0.5921293803856409,2.1528771740359356,0.012729811893368312,-1.015973877764971,0.06650627115492828,0.4430978667275334,-0.07559939093004693,0.46204960102162834,-1.5235123964565371,0.04084467868550584,-0.5885073041859044,-0.8862922954782408,-1.1121941746376185,-0.6285772877119205,1.6453990874581168,1.010462966115238,1.1429481191207294,2.00168476997393,-0.2069237129486903,0.5518358203761938,-0.41300466133935887,-0.5945464864475718,-0.8736919097753029,-0.29281115749464587,0.5432860223885011,-0.2633157431350372,0.6381140502187657,-3.261224951091074,-0.6431319739462399,0.6347292211488113,-0.6925702474442239,0.7007095297712379,-0.8034282959376164,-1.2623514606231736,0.8102300692229317,1.3505814008362171,-0.7453657985447244,-0.30444093577688885,0.103198583435599,-1.2337600727270637,1.5361159013354049,-0.6271702783683115,-0.3662068560045331,-1.088240339696513,-0.7580971310752785,-0.7564523177232413,1.2711231156920069,1.3489121029356554,-0.07338469228019434,-0.714725819721948,0.1280211825732153,0.45151138014609393,0.17362879856392543,1
0.6650992006389201,1.2415521966527578,-0.9679151187561772,-0.1815443904081911,0.6048357938005515,0.4538268851293057,-0.16454344428517853,0.44121002604092724,0.3096245975262141,0.27872168592602103,-0.23498811682418683,-0.2843193432154403,-0.7258725311982706,-0.33168863829402295,0.8369994726660647,-1.3093590617537534,-0.2891979689220165,0.9380331031475683,0.40203234839990504,0.9458443229076734,-0.7761433141916397,0.8126122998746945,-0.7197458576550356,1.1083041551412478,-0.2827344295215941,-1.1967609263655663,-1.7279741112528835,0.8339326607216873,0.24496170338339437,0.9177490344551545,-0.44708933380218474,0.3866798056961978,0.11526084387764936,2.5132117188630083,-1.1063488229153156,0.319800717415666,-0.4231582586152103,-0.30513913887611577,-0.894932705561803,-0.435426376956802,1.392777917707677,0.7705731961164034,-0.38707752393255124,-1.4882005861021683,-1.022727815134055,-1.2222588449496181,0.007073817690936483,0.890876020246016,-1.0664350769285018,-0.9141529367274253,-0.3703153168100628,1.4090145179000286,-0.5219273146938262,-0.23483750339487383,0.44278241034896537,0.8263189703299656,0.03061288899482425,1
-1.6435850752159789,1.172412989070359,1.2627586178349222,0.5985891277134752,-0.3276449463042363,-1.1083448104882865,0.40897987831575033,0.04929942568312205,0.32096016530717686,2.7186108529543955,0.43130792113933997,-0.7553874820323595,-0.8223621356547606,0.21291839550085126,-1.3821564667934623,0.5047064761900316,1.598244386462052,-0.5294026787572428,0.3291277857865906,0.20534681399873944,-0.24057754554481173,-0.6522947080245529,2.876684404498568,0.20502020678357932,-0.18555893577606017,-1.4481212203913834,0.7483764515813536,-1.1863680902519398,0.9024225448466163,0.7546350699018355,-1.344121110506611,0.664854786729238,-0.0023203741264038436,2.359370583253078,-0.05550827120614207,-0.01972770456621862,-1.5848192516183082,-1.6524489069938493,1.1749603840804186,2.6195742955102177,-1.5483198618363403,0.2869229213136588,2.342908123202587,-0.6769677987020353,2.9196443886490666,-2.1765916114753403,-1.08192374029571,0.5027865172066981,-1.2539105413786502,0.7768465256132763,0.34553996524319175,-0.3816115866088601,0.023320931243770354,1.5984925512711041,0.058866519330206826,-1.9285699722505067,1.131856135397084,1
-0.5531253513924519,0.7157959333833825,-0.1303144713708765,0.23678774152546087,-1.3771226030907462,1.60394690359832,0.054361023692866606,0.7352311315487384,-0.17845302958104908,0.5188109091997262,0.3789206062196754,1.3869616924909194,1.8354103773443333,-1.236200432508099,0.19488976628563595,0.25103988767723573,0.14423279935796618,-0.02249399173927574,-1.4942215193615136,-0.7471149760143184,-1.734956879023639,1.12581003631668,-0.5424481322542418,-0.49865599024312574,1.7724949128089649,0.6579336636663697,-0.9298865904066206,-1.0765009673636323,0.8073556335992956,0.17000814223975028,-0.6627530185307394,1.0679668525906065,0.5116510442010859,0.36093071515732844,0.3374101644039935,0.456349652271108,-1.2201431889471979,-0.2633404954816226,-1.5460953773598558,-0.32394922270763915,1.319030773087902,1.8533948151844974,-0.30579844515899496,0.1687302241093372,0.46777787359221873,-0.26672414779238196,-0.5683877772242542,-0.07121962264736849,-0.9941155938886814,0.8347659206435424,-1.1813256551114435,-0.7182103745068796,-0.36179584090057526,0.755908953526122,1.4448463197811332,0.45126979612684665,-0.20521749895948957,0
-1.375461402992968,0.2113855065544714,1.481464226280291,1.7917971359705023,0.16197064227885324,-0.4476468102833975,1.1904533225054277,-0.2559651885948886,-2.655228184845283,-1.0850273958092542,0.7761914522873575,-0.06800097884931904,-1.2820768524853392,-1.6111625173909767,0.20277412592685204,-0.6335315715015666,0.991860597806,-1.9323966390790746,-1.047388997252049,1.0791121818234888,0.927536659484287,1.1283777011210148,-0.25034068039112084,-0.6061457572660092,-0.5948037904968686,0.27463966842708265,-1.6646364301161014,-0.16216585810849835,-2.192887900770428,-0.020537288288738905,-0.7583746034475648,1.247738426680823,-0.5656292630050974,-0.5309118730509004,-0.32238450776358035,0.30924327104152366,-0.9017320515016316,1.6783859609915606,-0.415141929369787,1.0421419568073036,0.5488784506508373,-0.9809819273288232,0.6395402360273158,0.5191489030435433,0.4405233127838878,0.19230066483127783,-1.190935596525766,0.6980615550537793,-0.40666139047435723,0.24773568996347065,-1.1303843596536542,-0.02571335226533337,-1.1342775281436235,-0.1120684579924177,0.4455795149137369,0.14986384625168783,0.07673035542496498,1
-0.8920276452096013,-0.6113490666021607,0.3476503543301854,-0.7842554992881356,-0.6113550954121464,0.947820604952042,-0.4994960671657951,-0.22731392040613196,1.6515996064082952,-0.19901106627482937,-0.5163289080829283,-1.676593405332961,-0.3938748830572673,1.3236095499337974,0.4072075220457347,0.4979355997065075,-0.35420296968412146,2.3000692319540543,-0.12201844543227805,0.65701666472371,-0.3333398579179882,-1.02355557145191,-0.3879422561979103,-0.016385336081897888,0.4250441347236376,-0.5905560292141426,0.28763409855757555,0.16577165420135256,1.5752711735977385,0.6665981974653431,0.6714942170718664,-1.4848386566135208,-0.207897352056745,1.6053511140610028,0.5060958637917288,-0.8440316932673142,1.6455498659195797,-0.7767982145678075,-0.44332546624514785,-1.9422539262962502,0.11427179082652211,-1.1614167246176046,0.1700867053663372,-0.7289775752818334,-0.5739083559640166,-1.0104161904072435,1.702605982843274,1.722851147437594,1.515082661148112,-0.4698997518546396,-0.17876667172014865,0.49615754481643937,-1.2885692029970222,-1.4156545783274392,-1.4884155216998916,-0.4536029897931967,-0.4832392748563577,1
-0.028349315480653427,0.4900695983003655,-0.8205388624838471,0.33915884183668116,-1.657974259173534,0.7991300098112682,-0.9518581547490583,-1.527709879342408,0.5818873050786383,-1.2150625986800037,0.1802693835878909,1.2118206673586247,0.5686204748082232,-0.2502374914321113,0.049880354407348365,1.7102646122828704,0.7199697938607461,0.4835734322873112,0.0660448851931878,-0.9664768086221429,-1.81707279909369,0.5518515197726004,-0.04054824766081668,-1.8939661954493963,0.1801283937929329,0.5195049112898747,-0.7540805552059339,-1.2225603635994253,1.072625902216342,1.0972029870337205,-0.5728433744810653,0.18741328595823484,1.6143837823013234,1.0880961254591044,-0.08523760087389527,-0.5880085004985379,0.8499915274013323,-0.4713064780585281,-0.36672235519001206,-0.1682810900790214,0.34651605782726436,0.54457187148471,0.4216646662010631,1.7541786032512205,0.10728118471151091,-0.9587918190199471,0.5980865778130624,-0.5443774541127446,-0.7795530796542134,0.20907968806683647,-1.0781405349151783,-0.31560447505886874,-0.5228416940522841,1.8405221375454794,-1.3098615919150753,0.655234129722007,0.7925159130461829,0
0.5207420289862964,0.5993033208537897,-0.20450115929207244,0.5778641798440665,0.15730678260884517,0.6553233183755034,-0.43607309646191206,-0.6321855418701677,-0.506128864946194,-1.1577172166477225,-0.3816789432322717,1.0503222596450181,-0.5251315827842687,0.1442472277533834,-1.110065984636719,-0.6440767887095823,0.9187283621751415,0.20772296430446757,1.5037306650967415,0.07735276608007573,1.982301626625678,-0.19417731630692156,-0.30333554326539663,-0.5671119773808397,-0.6570671563894295,-0.3746244664959026,0.3410978518315221,-0.8647277961600714,0.26393648068339803,-1.5931159288901156,-0.9343586770040442,-0.5488712157245469,1.1418238135332337,0.39962941798593166,1.7826255422914088,0.5382721156213472,-0.18431380734650987,-0.3329990156876604,1.1765308896779951,-0.26016208306006966,0.5880012612098512,-2.0622553045508853,-0.13184255901235004,-1.3475130226978473,1.162612814468595,-0.41181746408365477,0.7330678364138599,0.16464045812616332,-0.6670268905795446,0.29955513573795134,-1.1199466100672737,-0.9067836058458667,1.6439527875451325,0.21806731262528073,-1.7211780236606695,0.2840288224667796,-0.3601138393662868,0
-0.517263854069923,-1.4347170992109461,1.271428229753475,1.8591809813185276,-0.1695781483825056,0.14513537146811176,-1.0387892994958463,-0.8890479031826798,-1.4842462608604958,0.993668532539307,1.9121326847272049,-1.3088139525273175,0.6970206350977085,-2.2616553243030864,0.261304076889332,0.07213054369629028,1.1428096834021884,-0.6820124716233248,-0.4895621159963072,0.2576363286098426,0.43118937619248543,0.14635689279286318,1.0741693913375938,1.4797273168472769,1.9854906899304188,-1.2366649371862317,-0.29309435733514033,0.08227773367170652,0.8871932217011004,-0.270645398610021,1.7244462784570336,0.7279986065745401,-0.34074091879579993,-0.8368992835748872,-1.1514127050594793,-0.10683799126971698,-0.0964310581713563,-0.6630796480699025,-0.7361000391671493,0.4587278089428601,-1.5927937304822202,-0.2500125822243533,-1.4562669405394486,-2.0485846613939684,-0.3929593675522701,1.6071638775428165,-0.40302466266632747,1.6211066849754245,1.1106281614340134,1.3563477096073573,0.7864823888379805,-0.3230532852189536,-1.0751683617577206,1.0255292501472357,2.351188884792849,-0.5183290954958352,1.4337100700079068,0
-0.6618279011245543,1.2536785343096213,1.1331529680552443,-0.011328995562517586,-0.8005081699083604,0.7499089253740641,0.9177744724369203,-0.017671237759031524,-0.6300162535467458,-0.9671389778063076,-1.7751210138382065,-1.4761900019855374,-0.6596099793928529,0.8373521590694873,-1.2165268087678245,-0.08425448935682141,2.0320395349874922,0.11144376304278128,0.21105543501394555,-1.0667367188692318,0.03605111730350785,0.09208657104188345,-0.6673950604724036,1.4680651328749001,-0.2039276631860099,-1.4901402484648307,0.8007833367076262,-0.15700296126825553,-0.975682766047699,0.9879345200213298,-1.392445579735869,-0.698098308253021,1.2185142773296154,-0.8326327597795085,0.5959524349620459,-0.4372206115440579,-1.725711969612736,0.24037038357361865,-1.5050659494943603,0.45693690319274183,-0.05996415785015109,-1.69320403264605,1.4890487521095799,-0.7618250370517382,0.41516121105627946,1.540675337131631,-1.0542969562812199,0.3118055377544643,-1.1906327101836462,-0.4922523714536475,-2.3413557484189758,-2.179186176171932,1.0687838257850344,-1.7618318464258131,-1.129540100950262,-0.21702612833919258,0.6709409428410743,0
-1.4623003839432367,0.7262269543654639,0.6710304664679851,0.759403907392377,-0.6271570901719522,-2.1668391352619376,0.3180498611584106,0.6362411060933262,0.43118823609339724,2.1001742477982415,-0.7321063917588377,0.9901356864607107,0.263345126396759,-0.5199902123135713,0.761179773316826,-0.18617107674926833,1.367249559890538,-1.1220465902222334,-0.8485858749319228,-0.2463834765835372,0.18616822851240347,-2.102278894994721,-0.51010451658819,-1.0568145882333044,-2.286968167574918,-1.6714678452662124,1.2829639975624536,0.03049715327452001,-1.0121038378940155,-0.4940618987325164,-0.09278696083241572,0.9688891365565848,0.04242560176248469,1.2623013336383282,-0.9788957146218403,0.8486410608396151,0.20631237862308754,-0.6306070364023229,1.2099037664131551,0.08895969885174089,-0.10163063721368122,-0.39444049482872284,0.274199573474411,0.3413123879733559,1.3460752615233706,-0.2973533901641984,-0.08179638097646276,-0.327017603622718,0.11845310268350306,1.1856286556502749,0.18334466536950347,-0.36969164792328113,1.7000514290896096,-0.0037061865698218848,-0.0699069598328415,1.9991098967890935,-0.7963857851705937,1
-0.11081576416730683,0.653481008736402,1.5817051829189628,-2.1205577455073614,-1.144990610797011,0.3144243957336467,1.612107780298472,0.6663176578606099,0.6126505993987467,-0.2585704935779774,-0.49385506816951813,0.13882649586064089,-0.9352131068310361,1.313996635511722,-0.62257321064663,-2.7563614953640014,-1.0754740750033167,1.8355227260469384,1.110226487303909,0.809465242415096,-0.8760053708627682,0.27856530805166124,1.0983500076574648,-0.4129028240621082,-0.7418479835891995,-1.198665001229664,1.14243206779489,-0.6662539145295578,0.7096006011468213,0.865174375370022,-0.8693099688097053,-0.5496181613139052,0.8233646373614262,0.05163956498211103,-0.5083241174913433,0.9448816116747616,-0.15800870523757965,0.07518463246652284,-0.37818803369860676,-2.6626526925038028,-0.40428739019157633,-0.6285947337668686,-0.40247003088625716,-0.18275950380990694,-0.01773550625328381,0.034085914570624466,1.0699268964480142,0.06819815207718825,-0.2626704525663352,0.22089443632155784,-0.1687816507685134,0.6706899399571183,1.6545657990848077,0.21472533183578899,-0.05243636444859755,0.28306648955725366,-0.18594544099665358,1
-0.9513159175842939,-0.7710250806795118,0.04411135358745944,-0.526140538496127,-0.7701405123602801,1.1065315955737998,-0.49152342473459637,-1.7540371860647304,-1.0566592585344212,-0.7321767673823755,0.7510701965170646,-2.384445966208991,-0.011328928161375904,-0.6075677460388116,0.2852788717835297,-1.1594736113342492,0.12114315404462056,-0.2567609218846405,0.593030425554767,-0.5563671722466381,-1.134186457325937,0.6390419219926294,0.4886228941755229,0.8211873715832989,0.4398059484778349,-0.42139021775407737,0.5997594159566028,1.8651471779735738,-0.6272889358242524,2.00300730153298,1.4272882318599438,-0.428031636507634,0.7309652076074264,-2.4951301836154185,0.6651430718773943,0.6228669813815573,0.14357427658295566,-0.06518375544245773,-0.269936414477643,-1.3045492577469366,-0.08724230651810067,0.28147081217563785,0.2210286393398286,-0.8208405703107959,0.21813430778766238,-0.7006902000135399,0.48584052061253885,1.0300770667259203,-0.3818194829649027,-0.3796985092799123,0.6828637852447729,1.0911720172177461,1.2652056544718777,-0.5506345971922779,0.6333734360142785,0.12221502604151331,0.9142419322432047,0
-1.3104440672663118,1.448954440095657,-0.35972136595148085,-1.3225617055606174,0.7834443727026761,1.4386009462437515,0.06251463220749828,0.024111905977769455,-2.03557161612845,1.4226572642191768,-1.4470236197431372,-0.8298583520486348,-1.3989686662116978,1.7218173895136515,0.8665121867656809,0.4412109707736544,2.229777323184236,0.3180807046482461,0.5843150115491911,-0.5039839337631965,0.6150950431719215,0.25004956679811385,0.5913347490187085,-0.5362113375288503,-1.3927336048671897,-1.4166105645681504,-1.087909637595194,-0.49490903862359403,-1.245642884238495,0.20948327577989911,-2.3484212904559776,-2.6399698293827156,-0.594917591811647,-0.015492148814558564,1.8183076804990164,-0.8019118420938494,-0.5857318621444769,0.4947060890879215,-0.49095219741479823,-0.6351668001500261,0.38545260634108386,-1.498298268652732,0.5186360718110747,0.45773725605271953,1.2495161955363323,0.5191625409539657,-1.0648194902108323,0.08446204116415384,-0.810912353115114,0.517438082750065,-1.1528802132510934,-0.37786200773121154,1.8762050056840442,-1.6156896936384304,-0.36551740871524396,-1.421535869959263,0.5894467036071692,0
0.696813186300507,0.8500196169549306,0.6298331343908128,-0.12091309666178936,0.13908915424585439,-0.4366744699665531,1.3004140888777824,0.9297036323533672,1.4427164320009835,-2.0125527237996015,-1.7426266126516385,-0.5899029596782988,0.01994108746640638,-0.05115734242036014,0.5291712984480136,0.9467819125297505,1.229154978635687,-0.25198614349750553,0.6111064127525062,0.499216530732056,-0.05923159268151429,1.2297304443190615,-0.4790282499725856,-1.059745263218639,-0.2975413012045417,-0.12239151216327958,1.2897174445974715,0.9282344053539965,0.00973927817056425,1.159495208822801,-0.296851484483466,-1.0430580253788986,1.021440081072605,1.8169012555855149,0.7119159773650807,-1.863725390898021,-0.3154483903386654,0.30971862779945547,-1.9833934009736092,0.09505983638699163,-0.45136024516268053,-2.071251267000613,1.393748839127275,-0.819244398844464,-0.5881923237420554,1.7246982350457023,-0.1412633765205427,1.7290845277803504,-0.16535876353420978,0.1786716608498208,-1.624451330468588,-1.6173654883101345,0.5467355848321349,-0.6793841393913957,-0.5055383347510937,1.3851291716042462,0.6326261646398187,0
0.1852839016724763,-3.042134556821525,1.8121690265122194,-1.3561998971668172,-0.28565474642870836,1.8698506853246863,-0.27784324134296184,0.26355242424306247,-0.7051281022482448,-0.9370917045377234,1.0465081779642482,-1.6332488666434828,-0.6621731921951585,1.4944474853687308,-0.6458642953660897,0.24023761324029352,-0.4855252254607809,-0.6926662402753416,2.1868415735139903,0.5731797243396399,-1.2153148046034807,-0.2881462628981509,1.090567064231587,0.4823365771722947,1.9087861097975904,-1.0507563950039152,-0.2387139543662805,-1.174964045324198,-0.015407612590556022,-0.7159299327954046,1.6207660748711612,0.1125413146595293,1.6764504591670595,1.137202361121321,0.024586514980927954,0.6649269378348749,0.05617493184536551,0.611037114737493,-0.1171121093694481,-2.1910741574846937,-1.530961452235464,-2.873382363052819,0.16694231538048013,1.2856938251744126,0.14721984636788776,1.141790071638334,-0.04857892612739181,-1.2156418654686187,1.328652135568867,0.9786292986772626,1.1213372609537886,1.0337950671992027,-0.6806073149111622,1.6091137613639952,-0.39477256858463156,1.0731293758252736,-0.3610451346889081,1
0.21878990784775162,-0.11460746327927186,1.391320026239588,0.25235736347864196,1.2338483354602525,-1.61851075072934,-1.5551316729076765,0.742162519127386,-0.6926839933787631,-0.37880217161044,1.9237542152770768,-0.6987748478738555,-0.3184090213116499,0.0755746056632664,0.1317653287767422,0.39585184164385323,0.6826084915885711,-0.6083488490122136,-0.10521640832270956,-0.12946342000120856,-0.8648560099745595,0.6038095838317425,-0.22562051128118876,1.2754781009002476,-0.07048840649897962,0.4245379993543588,-1.0020593344444049,0.4169605072571138,-1.6524749178175382,-0.1502446329651547,-0.031249551146568796,0.42604038343968326,-0.2845369561781825,-0.1787933080987982,-0.13818750217771747,-0.8736978237497037,0.15079210774621277,-0.9273947600955916,-0.2941695133761603,-0.1460720185471715,0.6164052736517582,-0.19848067029155586,0.4859666819225014,0.4544534863955651,-0.5989083828747264,-0.3027659903253255,-0.7585996495272195,0.1738238348685579,-1.4763754363564492,0.01529540352888072,0.1971253113458095,-0.25383947105904114,-0.26475323879399093,0.06809215056390515,0.051644306656572866,0.1499835776935516,-1.1105523932861918,1
0.6318762921106875,-0.4093022049458158,0.17122494336427693,0.9988567197787248,-2.0133622303133487,0.28847454800531275,-1.5610361467800005,-0.6477084515865896,1.2467077056947804,-0.888363232304628,-0.29144608339944406,-0.050752496262292675,-0.5479045970387076,0.7342258779271404,0.6423067703871197,0.7936350731585309,0.6568933505815687,0.07475954957807376,-0.4377122697438585,-0.18101090972433567,-1.5528170034625366,-1.1564740349863694,0.28167999287136364,0.3935625682301021,-0.38363651515097413,-0.4610115435400012,-0.21388491676892596,-1.0371135555749689,2.411374835497495,0.40500727013658333,0.8207601915284979,0.637717154037252,0.36291749356538605,-1.1539756226545679,0.6994191549466451,-0.9432841500040762,0.792039757964566,0.8431297553062261,0.42665281778647096,0.9218483113121144,-1.1951062693669543,-1.0426570359177043,0.5563825994777153,0.39491305620676503,-0.6294108767806749,-0.1871478736887824,0.012237125323414918,-0.1623708435500309,-0.2923631550166458,0.8622010367756624,-2.031170289162507,-1.3268682338899218,-1.5381682753461092,0.5751010696423596,-0.6146051578615608,-1.3908306655497253,-0.38354316566885804,0
-0.431535255270754,-0.5234970444309298,0.9043481028864527,0.19129149202711593,-0.9493245318394321,1.0782797750838407,0.15101724285691237,-0.4870965003756748,0.9780626049369519,0.16674986824486612,0.8491801493988421,-0.08846323411033392,-0.9929636581808475,-0.029623884544891434,0.256722428054899,1.399879617017352,0.1918876518115447,0.5978006721842701,-0.539473935937961,-0.6885378929266953,-1.3387176988985996,0.3697932881406164,-0.43878116354472746,0.9448607629382201,0.6839502222052574,0.4052146522227983,0.2083352144538132,-0.6270384611183354,0.1671544967353054,0.021339190704033936,-1.8304902835974706,-1.2130979542704525,-0.11626216147285884,-1.0583292542219704,-0.15505174066554753,-0.7928502733838686,0.40342387202409746,0.10823125748464792,-0.546821916019471,-0.07094809633938233,-0.7945347675893609,-0.6614624520000966,0.4943770300698392,0.15397584924214766,-0.12892745823657883,0.842177866640946,0.07494239444918918,-0.25119786965174296,0.7661504848546384,0.4470888766377592,-0.24051140757849637,0.43977585003792447,-1.085270523659723,0.4395600087968613,0.5611892280470835,-0.39882303266761765,1.1933470753024047,1
0.44255979265842194,1.6379621795866715,1.483850825789011,-0.0657672414176819,-0.7100426478485863,-0.7839881876215931,-0.248776412388125,-0.9118993887441165,0.042089576302102555,1.389139867376097,-1.1754616403388314,-0.11287451676756334,-0.005958139713393696,-0.7801918006853872,-1.2776966797963782,1.6103219409804619,-0.7996748967198994,0.18941761291046844,-0.3355204776405519,0.28852986506220585,0.2710602214265662,-0.48205600950250826,1.869196254740143,-0.9135144111724158,-1.0259377497439466,0.19075622233353648,0.2743537673712735,0.0788535621312096,-0.5134823790120611,-0.16918202200067872,0.8224810944773844,2.1651504998542586,-0.043979905835221,0.3214958748301568,0.7590664754826739,2.429266269816497,-0.59694298899987,0.035201186169601134,1.0919743562983548,0.22484788789686017,0.5884742698181707,-0.1901649495564992,-0.8427491808609134,-1.127693763531121,2.0762756030961147,-1.5441416944498372,0.1100749022924508,2.3290373432126086,-0.5632757981957758,0.4043393798416814,0.032266748033078184,0.7153082537895944,1.2011685123585192,-0.8059015220645268,-0.6683154370996219,-0.0504564498859544,-1.3410941517467176,1
0.08487620732790639,-0.7899599883404373,-0.42670296703550525,0.27682717580071187,0.7272429835231505,-0.04745457911922086,-0.16171641755761137,0.49814168370378314,0.752299796333283,-0.018429622537949553,0.6919572399661322,1.306863917490736,1.7501961252840892,0.5844661873967081,0.734890806812959,0.18114400950231907,-0.36538567645358305,-2.1226077380145285,0.24520135759724113,0.340828163491194,0.8608350127946964,-2.62550882432142,-0.809509878802039,-0.6629154332140705,0.18708905677978643,0.15244266065031123,1.297707963983681,-1.2373968430349098,1.4719815506852805,0.11468175443449712,-0.6220663257060665,-0.2248675720441726,0.8944121203175349,1.2379974483275458,0.29284372586886476,1.207827792038847,-1.2713061606279665,2.2523716894734584,1.920002023282835,0.2036000811691635,-0.193440055456896,-1.2317578576942132,-1.0226179852780002,-1.474238889198748,-0.6719440301748358,-0.20874432862510583,0.8341091044590565,-1.241349203297483,-0.44214266374484723,-0.4893018995223018,2.8738320411819123,-0.08116072590098573,0.388082252051157,0.48613870569894374,-0.5240001192886597,-0.6727965564026052,-0.22669524946253158,1
0.3128058438283858,-0.9310771405711944,0.7872094582299864,1.4828333732288612,-0.17963010710619712,0.36373961629273593,0.6564378165910413,0.7605024244189093,0.2185099276134133,-1.2733046882748218,0.08648913994967054,1.0066044677448711,-0.05956346152323765,-0.12190180599449732,-0.9917603005955867,-0.28410199537314385,-0.1303807682327569,0.8906724772615175,0.5247509289449491,1.561319142867929,0.16470279396908943,-2.2561797216681705,2.208583256562203,0.8150514539569946,0.3048696624125437,-0.3660941597840289,0.08152544036143942,-0.019725211865831645,-0.15038800220150142,-0.010371423729122526,1.0206404694438511,1.2545418646864444,1.3526081629717865,0.45947404195209407,0.01583600247352939,0.09332963872275057,0.23820701973968822,-0.8896561805603088,-0.8050861528376241,0.30205459440275334,0.6103075710170675,-0.7881746404646344,1.2774502970653505,1.7472763226800505,-0.45653639276936525,-0.7221361974574122,0.8334319609363259,-0.17529888970802568,1.3405076143336525,-1.5850349670428996,-0.35885958576682864,0.5675155157056226,-0.7177417352304303,0.6171448208778336,-0.033297849756012736,0.7438585426928985,1.585808287362521,0
-1.4141655391374253,1.4056452227481762,1.1577971919362169,-0.8790258219399808,1.968967858851199,0.26281817273431324,0.17781076346480346,-0.6535480022341897,-1.9313696642290812,-2.3625570835926517,-0.9134233849246681,1.2259382665173333,0.4551598995772955,-1.744479367690208,-0.004120616637625925,1.086738761977323,-1.691708512699626,-1.2041687995323354,-0.9991740967227793,-0.06893787661571536,-1.2753379919089316,1.6671122610015543,0.0794317286842366,-1.5217563978351534,0.3586508802128776,0.11160762660059476,-0.467725785227195,0.9314259713260631,-1.2062755365926174,0.9408280385268798,0.15103087557487765,0.963662219788383,-0.7359017041526034,0.16328961105715084,0.09817608008464217,0.44778048164104045,-3.8967707429380702,0.29342970612056646,-2.1888040636107515,-1.2009051196650888,0.9509300514666191,-0.3645626708012339,0.5813203947059364,-1.0490244263040218,0.8067782492434084,-0.1983329786787305,-1.3805133382498411,1.0998742147394023,-0.2353670731219372,-0.26165842265551736,0.3192195773776269,1.0310242915403272,-0.08010583134555373,0.41282624937582374,0.2694182034022704,-0.6495284107236189,-1.157439863421272,1
-1.2099066578208917,-2.017789312068308,-0.2018597871743803,0.8637594421458369,0.6786303355018382,-1.618070421578919,-0.7286328588094471,-0.09156983080784055,-0.6559820446382078,-0.46684077660584117,0.44940366965623113,-1.5405539408737412,-0.2720777457307194,0.5887461283772063,-0.8138861559715622,-1.3198734473062788,-1.3556956315400543,0.12003113700586712,1.367953460667321,-0.3994862015693225,0.15733345396287687,-0.47870379590776224,0.826252160811006,-0.816503856442456,1.811889525706743,0.6123408593734251,1.100780755278162,0.07789940355523127,0.0252364841789993,0.022630969047646075,0.6262558325633812,0.49501735249668477,1.5513796859039766,1.45783935673716,-1.671539696905861,-2.3324742924524013,1.4903248867768766,-0.7227176477298217,-1.178451363514369,0.4070403821343243,0.4745651199777824,-0.8010364024276508,1.6761990013673438,1.5268947062030447,-0.3432454495603951,0.1651562749423931,0.14395308891683206,0.46236030979890025,0.7939448995699417,-1.0703757261391018,0.6248246038109981,-0.5808079631896215,0.4366055485799637,1.1162370970336897,0.060949863988704986,1.041177286210912,0.9205734631292664,1
0.16252902415423182,1.1580754180104122,0.062283668195037695,-1.077746453500143,1.378650434370021,1.7616723716304783,-0.3515550621430433,-0.4693590606448266,0.25938198284169045,-0.03652517524636907,-0.5119096737305637,-0.030193503849742745,-1.2011929105072285,0.7589703298013605,0.2634019457676632,-0.6733858834288732,0.2547164806897966,0.7856727670083972,0.43897079065617645,-0.4018536925307682,0.052154686465952046,0.854740794805339,1.2841046559862683,0.6101729465334353,0.1831890462308472,-0.2779664163362135,0.40345361384356887,0.326052347207918,-0.7783489762764002,0.413217447349459,-0.5078234053180309,-1.1055052472147766,-1.7152667298921123,1.7059020680341794,0.7085521480021693,1.203987908380148,1.5010176172299055,0.8252088895590143,-0.8229056830174043,0.958362608682476,0.418824492866562,-0.6168084443227669,-1.724801314016232,0.18399379598964624,-0.19647737432893037,-0.5530473164112313,-0.36119880082800127,0.41223664760607115,-1.4847677522143679,-1.7150448443622985,-0.6010353222216,0.13883120644905847,0.036171066842106074,-0.581404511488059,-0.4798246287785865,0.9237356470336573,-1.9592993269465009,1
-1.0598451236494932,-0.02906019232828239,-1.2177863977072014,0.43335884880289416,0.4429764946896327,1.095040184411162,-2.2758908178189006,0.3294576660340228,-0.6285474974203734,0.2472593379884479,-0.6475123165794227,0.786568725143231,-0.01421693744432186,-1.8775254284314462,-0.361630148350942,0.3527134380568328,-1.2911363282558317,2.497988764357975,-1.5490763989128467,-1.3696187040281016,0.5191206611546494,-1.1288080459582788,-1.0585507986415652,0.28516404189074135,0.9037398850293954,0.7371383931814632,0.9153794268324698,0.5311343090585718,0.4821494585319092,0.6861263725596474,-0.4962441572265676,-0.5524308756752183,0.7189772594021863,0.292114623960737,-0.43461666199308957,-0.4283433208849244,-0.7977593702332619,0.16580819307540398,-0.7124520417237248,1.7279856521508388,-0.2714758188878979,3.280287834403486,1.14978976365629,0.9530091184266422,0.1924251306070148,0.23696746453611456,0.10919555078728897,-0.4015814253842052,0.8135720094423858,-0.14192314300688608,-0.13156758661034776,0.7705839025532536,-0.9401098852921992,-1.6487690269759634,0.8884813291569803,0.5583392017977935,1.8119617717159,0
-0.5468172193114947,2.807269543744885,-0.8127329076110444,-1.0923089452902264,0.46274556995065225,0.47962259591153567,-1.4922796915784284,-1.4857863598937056,0.028345156799163926,-0.8744157405199079,-0.25011427473747055,-0.44037983639815503,0.4145911150131056,1.8698534683199683,1.4333275055623107,1.7238531493196294,0.22961145672013025,0.12277278562493617,-0.3662422812536378,-0.10893225797271887,0.4938354608910117,0.1357177749286042,0.28016534069335447,1.1625478907709945,-1.1861960673438507,-0.007284688913694994,-0.8198111417141747,-0.05561548026146292,-0.8731399412485304,1.1147256932343304,-1.7085518246317675,-0.8317876855848878,0.6837684186135217,0.04457119922707496,1.1592916327077671,-0.31764166004613403,-1.0313327697397052,1.6679480133826734,-0.9005122957724365,0.38653372245901035,0.49505740155722394,0.010693718828386833,1.2337500061792541,-0.42477901805499757,0.40176253349401964,0.13752123213242062,0.7565059006689134,0.7500938959801122,-0.9953722000796098,0.08760323030760919,-0.5131005818183203,-0.6272048431779165,0.9696449606038353,0.7202588928235607,-0.3742047205146705,1.1610197737019816,0.6235415975517298,0
-0.9587120158134522,-0.020910322803491387,-0.17060523443671674,1.2160825838157447,0.5958193180714466,-1.0914340365674213,-1.6130716789917994,-0.2962730598604885,0.19867645659826197,0.4411505249577124,-0.01740780163965739,-0.9290474348135365,-1.3068579108644856,-0.6714693411672141,-0.11741189156298075,0.41519658966313305,1.0462645515448032,-0.5228424544413418,1.189436489662946,-0.9463953275551094,0.8428494643633575,-0.741501261209917,0.7896494533326432,0.9205808517714889,-0.42609249361585977,-0.6381242649000576,-1.0307470420675966,1.1025659509965753,-1.6359607345020457,-0.1542322940439749,-0.38299506007615985,-0.5103433606043734,1.6192382109688732,0.003944595056829144,0.014728997255231972,0.838472143663741,-0.5779210727475796,1.779357408505701,1.1099144780669778,-0.5912100219437982,0.5581670735439738,0.1943015725002501,0.16335550599376186,-0.36986099174771764,0.2250612509349704,-2.3896113780966637,1.2980668948367626,0.3260617225608852,-1.171920611595311,-1.921078985894429,0.19873386614635905,-1.2406062189662685,1.6441974681826745,-0.2594731741639039,0.9585397972184511,-0.1448638000721364,1.167005704425447,0
0.1461986580223169,-0.02784040042275684,-0.6153915141221075,0.8690031447847198,-0.6810243642573661,-0.22278739824823807,-1.0785593578418167,0.824626831030152,-1.0972547466833475,-1.084749213252092,-0.9356454007037138,-0.8082736823075909,-0.6993053954972808,-0.4583078103618423,-0.5976203240429666,0.6119788089376406,-0.9994513294563062,-0.7071606948620845,0.51849117207978,-0.2123706851838331,-0.25828604789621773,1.2627665666174206,-0.2998056287515716,-1.2759456318530495,0.17913641852235815,0.31003246573179666,-1.137348998885388,1.0518485880742316,1.2885022115224254,0.41090499219157756,-0.8654854423793102,-1.004259065903463,-1.4181499375826176,0.5568171755027332,0.6033834152377341,-0.60558897477604,0.5239353441815202,-2.492060935669166,-1.24788115208453,-1.2257159232081056,0.21435459101081672,0.6167435927355007,-0.3424464047333669,-1.11599269868211,0.668291550421023,-0.23787772725738887,0.18926594224208645,0.7055961137131096,0.7681778804575731,-1.2092975969797226,-0.06126142427994809,0.6299020545491854,-1.0572798015093967,-2.024702890266465,-0.03096181234817023,1.0665273004504325,0.3138237410116044,0
0.7495662718648292,-1.07820847041267,-0.555049220597152,0.496590506499505,2.2679566192818434,-0.9180888705127334,0.9739132474907272,0.0015119533302990213,0.46239921235057696,0.29686609985624945,-1.0934974572597385,-0.06542162105131362,0.37270483210363764,-0.016470569947796734,-0.056331635770417936,-3.063058831232456,-0.8111219713519314,-0.8428360661738725,1.2458413782703601,-0.4100649002544134,0.059300867994979634,0.5964421149251005,-0.06211860009281201,0.24097016886018588,1.314642413573459,0.7170404047727643,-0.5984229755557446,0.4140545922267678,0.8957705534092762,-0.7077538034410925,2.3599657832453076,-0.13923470758707468,2.7974500304253973,-0.7831957789184948,0.5903984926714338,0.2966542255770618,1.4700513867273342,0.6802948275512903,0.7389170699106526,-0.9477965440553756,0.6742936071075645,-0.1282253860730527,-0.3769714572584224,-0.5330773618900728,-0.7331742543435833,-0.3359894643274255,0.8613119799826235,0.6011772172865408,-0.33859353225071753,1.7556280158895399,0.70659049748943,-0.4865924352031323,-0.7344576884686447,-0.38920769296014723,0.3527581633952721,-0.11525622657982522,-1.0914614919997865,0
-0.8463663092733877,-1.8162439267057444,0.026159182610561823,0.4022601558374742,0.21600262857185226,-0.2600140387295234,0.3468429380025583,1.304671573029979,-2.7249495959945587,-1.4582135995893741,0.14141301211561377,-1.2418267300116779,-0.570772752604423,-1.3127729023925063,-1.398466843071246,-0.3174462817928562,-1.7802131804622452,-1.511499030921831,0.8860900837344229,0.9385942106531177,-1.495776037854075,0.23905880356810666,0.09793602377751946,-1.0075620072950484,-0.5893847079214835,-1.165825880187547,-0.8024359661921641,2.052840838592775,0.42407799770236304,0.6645510337242319,1.2968208320151522,0.8342179884207178,-2.5962382243319158,-0.4056253311135729,0.354198864098202,0.0550807617192384,-0.34615892900287765,-0.5075081569664076,-0.3104453262168343,-0.38344703935503327,-0.24657431871932983,0.3372789154385046,1.6919244762026007,0.21198002067720437,0.4314947044921562,0.5458744907130397,-1.3941847404557588,-0.3676759501326859,-0.3157714901641055,-1.3582034337643683,1.0868160088630916,2.0015539318491653,0.12362935819896928,-2.249876943586358,0.6383382645770959,0.16934615944679535,0.7144477021627138,0
0.08654049316079193,-0.31614590869549825,0.1660837966504717,-0.42322704593429605,-0.6999718767811997,0.6751781147195178,-1.2112370430373776,1.0845570208501818,-0.09964991592703926,-0.672427837219956,-1.368398830941966,1.7299256012862445,-0.7155515270304714,-0.42057766273477404,-0.41442126472015184,0.04579631696901102,1.222264952361581,0.07283917421185562,0.5581894203883376,-0.6862685620499508,-1.7329171045482947,-0.2321468590341765,0.06752680695691994,-0.05002999259518304,0.7529262814935341,0.3983983436940551,-1.0586703972183975,-0.07564638775620641,1.2461514620789993,0.8007284860867976,-0.006839442299742097,0.4173840957197936,0.6359341347757372,0.43317968870982815,1.2802009515300896,-0.24405600845961664,-0.406066673309368,0.9342898464188538,0.09795407232107078,-0.48893542845855326,0.14267071407244544,1.189397072482195,-0.3534896131823592,0.26196894238786267,-0.47152299081411064,0.44851767121699077,-1.2772867951083,-0.5608272079123825,-1.3031455320681165,1.2431308275473953,-0.8819880389635477,1.4033489301677156,-0.4880508493540319,0.1209897108731609,0.870365492536138,0.4867282153075447,0.7006623479123634,0
0.004942575833517962,-0.5437597675566936,-0.029856862973695837,0.8196042599556412,0.011817967515445095,1.3685391666642237,-0.20316649894459612,0.4528050657349919,-0.29509556824867883,0.35387719621225544,3.5116162038865264,-0.37965970035187674,0.9037551393010902,-0.15867935586528767,0.7546209930139185,-0.49024696832927533,-0.45257470336940087,-1.1028495750126108,-1.2799119857532857,1.486810193434581,1.199795024751076,-0.6351700984088005,1.2027757437046915,0.21693778531957297,-0.6441701400879395,-1.024926285214058,2.3131666717091885,-0.7345687887699238,-0.6417771460186698,-1.6977357856610704,0.7049033088012535,-0.6654003570215774,-1.9955520142794188,-0.7613355255456155,-1.4965362343104285,0.23134888440408985,-0.3237119618214502,-0.012700392229654306,1.8858625774564628,1.6810862902168664,0.25687369601285465,0.39433682435449985,-0.27739833951014864,-0.6099080477624478,-0.859313871015293,-1.3935973245838786,-0.23335824592825807,-0.5762426229436752,-0.25005784811102083,-0.5585926177827283,-2.4981550967920927,0.1686150419134208,-0.9193131316549372,1.2186944576904295,0.7988838807177076,-1.3408605269199598,-1.338524354571036,0
0.6574760031320652,0.004469523093993357,-1.0697672376882803,0.7683478476240087,0.7237355672318215,-0.7467374268383548,-1.1960780806864242,-0.4633281964128985,0.8944135910534838,1.1118962443505302,1.4966560737652408,-0.3464144754234352,-1.093025444062029,-1.5854733161849408,-0.5182104337607966,0.8894128002173611,-0.43336866629725107,0.6008783735754879,-0.2318046767554237,-1.404754804263861,0.6687432629967033,-0.3834101742919842,-0.6115486424773897,0.6353097225081544,0.3508335723823412,-2.5878326215241665,-0.010123214530692927,0.40760470181841124,0.6955003337927022,-0.2472531480387775,1.1616883878992659,0.7108088459562352,-1.075137186773812,0.3621034776105503,-0.8415730745560401,0.45060301070430714,-1.1388213439188355,0.7385899822009462,0.6088635497075635,2.0750794570557405,0.11066955798464999,-0.3191059912207541,0.8999192929188021,-1.1654507625396184,-1.0079463482354045,0.8802301208973425,-1.4075935813878608,-1.3322569998267817,0.5672158773794984,0.04262759422903656,-1.9340905358733695,0.9192807674397673,-1.0222958233839894,-0.34326327738240164,1.2276994848255096,0.8611784218954349,-0.5566258124769791,0
0.4303394332271209,-0.3487025300247483,-2.9284462642857854,-2.044925167820351,1.065910929702863,-0.03479510096584704,0.17078305687091538,-1.4380862953133635,1.3614947647481026,0.5517855543410484,0.2715143638746015,-0.9049217870311344,-1.2960550933859394,-0.05461909591695002,0.7139971607079473,-0.43731086271077274,-1.1169896954876595,1.0592167934214096,-0.5647063828215212,0.7838838324311845,1.4100587809941314,1.2922187520663286,0.388939713105297,0.22667380650510147,-1.6130760345329376,0.6305533202774619,0.9622375968945707,0.9468230015105272,0.3685154466168048,1.1229820334102731,1.7289618597548655,-0.3245191221283845,-0.9621665378814764,-1.5972372429496753,-1.3566635462944978,-0.20535720244449918,0.13677007879214798,0.0444726613881912,2.089450514508327,-4.139453804014201,1.2155961088490215,-0.26554519115365455,-0.07144334923084647,-0.12195156167802843,-1.5865371733426425,-0.07122300394770664,1.287312584800013,0.33935704955370816,-0.37965983323683405,-0.0064207497252217844,-0.426393363789246,0.8930465219256888,-0.7924864073523202,0.6392894415711271,-0.8017247689172302,0.598173481785776,-1.00832129186274,1
